date,province,new_cases,new_deaths,new_recoveries,new_hospitalizations,total_cases,total_deaths,total_recoveries,total_hospitalizations
2020-03-06,Banten,1,0,1,0,1,1,0,0
2020-03-07,Banten,0,0,0,0,1,1,0,0
2020-03-08,Banten,1,0,3,-2,2,4,0,-2
2020-03-09,Banten,0,0,0,0,2,4,0,-2
2020-03-10,Banten,0,0,8,-8,2,12,0,-10
2020-03-11,Banten,0,0,8,-8,2,20,0,-18
2020-03-12,Banten,0,1,2,-3,2,22,1,-21
2020-03-13,Banten,1,1,0,0,3,22,2,-21
2020-03-14,Banten,1,0,2,-1,4,24,2,-22
2020-03-15,Banten,1,0,5,-4,5,29,2,-26
2020-03-16,Banten,1,0,4,-3,6,33,2,-29
2020-03-17,Banten,0,1,3,-4,6,36,3,-33
2020-03-18,Banten,0,1,1,-2,6,37,4,-35
2020-03-19,Banten,0,1,3,-4,6,40,5,-39
2020-03-20,Banten,0,3,3,-6,6,43,8,-45
2020-03-21,Banten,0,0,2,-2,6,45,8,-47
2020-03-22,Banten,0,2,0,-2,6,45,10,-49
2020-03-23,Banten,0,2,3,-5,6,48,12,-54
2020-03-24,Banten,0,1,3,-4,6,51,13,-58
2020-03-25,Banten,0,1,3,-4,6,54,14,-62
2020-03-26,Banten,0,0,4,-4,6,58,14,-66
2020-03-27,Banten,25,2,3,20,31,61,16,-46
2020-03-28,Banten,10,2,7,1,41,68,18,-45
2020-03-29,Banten,2,2,2,-2,43,70,20,-47
2020-03-30,Banten,22,0,3,19,65,73,20,-28
2020-03-31,Banten,14,2,1,11,79,74,22,-17
2020-04-01,Banten,12,1,6,5,91,80,23,-12
2020-04-02,Banten,6,2,1,3,97,81,25,-9
2020-04-03,Banten,4,0,4,0,101,85,25,-9
2020-04-04,Banten,3,2,2,-1,104,87,27,-10
2020-04-05,Banten,4,2,4,-2,108,91,29,-12
2020-04-06,Banten,11,2,8,1,119,99,31,-11
2020-04-07,Banten,6,0,4,2,125,103,31,-9
2020-04-08,Banten,19,0,6,13,144,109,31,4
2020-04-09,Banten,4,3,10,-9,148,119,34,-5
2020-04-10,Banten,21,1,4,16,169,123,35,11
2020-04-11,Banten,31,2,19,10,200,142,37,21
2020-04-12,Banten,2,1,7,-6,202,149,38,15
2020-04-13,Banten,4,2,9,-7,206,158,40,8
2020-04-14,Banten,6,2,3,1,212,161,42,9
2020-04-15,Banten,1,1,8,-8,213,169,43,1
2020-04-16,Banten,15,0,4,11,228,173,43,12
2020-04-17,Banten,9,1,8,0,237,181,44,12
2020-04-18,Banten,12,1,4,7,249,185,45,19
2020-04-19,Banten,3,0,4,-1,252,189,45,18
2020-04-20,Banten,30,0,8,22,282,197,45,40
2020-04-21,Banten,0,4,6,-10,282,203,49,30
2020-04-22,Banten,3,0,7,-4,285,210,49,26
2020-04-23,Banten,3,0,1,2,288,211,49,28
2020-04-24,Banten,23,0,2,21,311,213,49,49
2020-04-25,Banten,11,2,2,7,322,215,51,56
2020-04-26,Banten,0,4,1,-5,322,216,55,51
2020-04-27,Banten,12,1,5,6,334,221,56,57
2020-04-28,Banten,6,0,3,3,340,224,56,60
2020-04-29,Banten,0,0,11,-11,340,235,56,49
2020-04-30,Banten,16,0,9,7,356,244,56,56
2020-05-01,Banten,15,0,3,12,371,247,56,68
2020-05-02,Banten,9,1,9,-1,380,256,57,67
2020-05-03,Banten,5,0,1,4,385,257,57,71
2020-05-04,Banten,14,0,9,5,399,266,57,76
2020-05-05,Banten,12,2,19,-9,411,285,59,67
2020-05-06,Banten,29,0,4,25,440,289,59,92
2020-05-07,Banten,0,0,3,-3,440,292,59,89
2020-05-08,Banten,20,1,7,12,460,299,60,101
2020-05-09,Banten,22,1,5,16,482,304,61,117
2020-05-10,Banten,10,0,7,3,492,311,61,120
2020-05-11,Banten,8,0,5,3,500,316,61,123
2020-05-12,Banten,18,0,5,13,518,321,61,136
2020-05-13,Banten,20,0,6,14,538,327,61,150
2020-05-14,Banten,14,2,16,-4,552,343,63,146
2020-05-15,Banten,28,0,18,10,580,361,63,156
2020-05-16,Banten,0,0,9,-9,580,370,63,147
2020-05-17,Banten,24,0,9,15,604,379,63,162
2020-05-18,Banten,31,0,18,13,635,397,63,175
2020-05-19,Banten,21,0,15,6,656,412,63,181
2020-05-20,Banten,1,0,30,-29,657,442,63,152
2020-05-21,Banten,53,1,8,44,710,450,64,196
2020-05-22,Banten,15,1,7,7,725,457,65,203
2020-05-23,Banten,0,0,6,-6,725,463,65,197
2020-05-24,Banten,21,0,4,17,746,467,65,214
2020-05-25,Banten,0,0,6,-6,746,473,65,208
2020-05-26,Banten,18,0,10,8,764,483,65,216
2020-05-27,Banten,11,0,10,1,775,493,65,217
2020-05-28,Banten,14,3,19,-8,789,512,68,209
2020-05-29,Banten,13,0,12,1,802,524,68,210
2020-05-30,Banten,14,0,25,-11,816,549,68,199
2020-05-31,Banten,3,0,0,3,819,549,68,202
2020-06-01,Banten,7,1,11,-5,826,560,69,197
2020-06-02,Banten,14,0,21,-7,840,581,69,190
2020-06-03,Banten,71,0,25,46,911,606,69,236
2020-06-04,Banten,10,0,11,-1,921,617,69,235
2020-06-05,Banten,24,1,25,-2,945,642,70,233
2020-06-06,Banten,36,1,6,29,981,648,71,262
2020-06-07,Banten,10,1,2,7,991,650,72,269
2020-06-08,Banten,11,1,5,5,1002,655,73,274
2020-06-09,Banten,16,1,8,7,1018,663,74,281
2020-06-10,Banten,33,0,46,-13,1051,709,74,268
2020-06-11,Banten,25,0,25,0,1076,734,74,268
2020-06-12,Banten,35,0,12,23,1111,746,74,291
2020-06-13,Banten,74,1,2,71,1185,748,75,362
2020-06-14,Banten,9,0,8,1,1194,756,75,363
2020-06-15,Banten,4,0,25,-21,1198,781,75,342
2020-06-16,Banten,37,0,9,28,1235,790,75,370
2020-06-17,Banten,31,0,25,6,1266,815,75,376
2020-06-18,Banten,17,0,16,1,1283,831,75,377
2020-06-19,Banten,5,0,24,-19,1288,855,75,358
2020-06-20,Banten,16,0,14,2,1304,869,75,360
2020-06-21,Banten,9,0,6,3,1313,875,75,363
2020-06-22,Banten,8,1,21,-14,1321,896,76,349
2020-06-23,Banten,11,0,15,-4,1332,911,76,345
2020-06-24,Banten,20,1,36,-17,1352,947,77,328
2020-06-25,Banten,17,0,6,11,1369,953,77,339
2020-06-26,Banten,13,0,6,7,1382,959,77,346
2020-06-27,Banten,20,0,3,17,1402,962,77,363
2020-06-28,Banten,4,1,12,-9,1406,974,78,354
2020-06-29,Banten,3,0,6,-3,1409,980,78,351
2020-06-30,Banten,11,0,7,4,1420,987,78,355
2020-07-01,Banten,11,0,12,-1,1431,999,78,354
2020-07-02,Banten,10,0,10,0,1441,1009,78,354
2020-07-03,Banten,21,0,21,0,1462,1030,78,354
2020-07-04,Banten,14,1,12,1,1476,1042,79,355
2020-07-05,Banten,7,1,6,0,1483,1048,80,355
2020-07-06,Banten,12,1,5,6,1495,1053,81,361
2020-07-07,Banten,6,0,10,-4,1501,1063,81,357
2020-07-08,Banten,16,0,15,1,1517,1078,81,358
2020-07-09,Banten,13,1,24,-12,1530,1102,82,346
2020-07-10,Banten,11,0,27,-16,1541,1129,82,330
2020-07-11,Banten,7,1,16,-10,1548,1145,83,320
2020-07-12,Banten,13,0,9,4,1561,1154,83,324
2020-07-13,Banten,11,3,4,4,1572,1158,86,328
2020-07-14,Banten,9,0,7,2,1581,1165,86,330
2020-07-15,Banten,4,0,7,-3,1585,1172,86,327
2020-07-16,Banten,17,0,13,4,1602,1185,86,331
2020-07-17,Banten,11,0,5,6,1613,1190,86,337
2020-07-18,Banten,8,1,11,-4,1621,1201,87,333
2020-07-19,Banten,17,3,4,10,1638,1205,90,343
2020-07-20,Banten,8,0,23,-15,1646,1228,90,328
2020-07-21,Banten,8,0,21,-13,1654,1249,90,315
2020-07-22,Banten,3,0,15,-12,1657,1264,90,303
2020-07-23,Banten,10,1,4,5,1667,1268,91,308
2020-07-24,Banten,12,0,10,2,1679,1278,91,310
2020-07-25,Banten,5,1,12,-8,1684,1290,92,302
2020-07-26,Banten,14,0,3,11,1698,1293,92,313
2020-07-27,Banten,10,0,23,-13,1708,1316,92,300
2020-07-28,Banten,9,1,15,-7,1717,1331,93,293
2020-07-29,Banten,15,1,28,-14,1732,1359,94,279
2020-07-30,Banten,29,3,17,9,1761,1376,97,288
2020-07-31,Banten,34,1,11,22,1795,1387,98,310
2020-08-01,Banten,23,0,39,-16,1818,1426,98,294
2020-08-02,Banten,12,1,10,1,1830,1436,99,295
2020-08-03,Banten,21,0,15,6,1851,1451,99,301
2020-08-04,Banten,33,0,14,19,1884,1465,99,320
2020-08-05,Banten,23,0,13,10,1907,1478,99,330
2020-08-06,Banten,32,2,13,17,1939,1491,101,347
2020-08-07,Banten,34,0,15,19,1973,1506,101,366
2020-08-08,Banten,22,0,23,-1,1995,1529,101,365
2020-08-09,Banten,24,0,9,15,2019,1538,101,380
2020-08-10,Banten,23,1,37,-15,2042,1575,102,365
2020-08-11,Banten,19,2,18,-1,2061,1593,104,364
2020-08-12,Banten,48,1,16,31,2109,1609,105,395
2020-08-13,Banten,37,2,16,19,2146,1625,107,414
2020-08-14,Banten,21,2,9,10,2167,1634,109,424
2020-08-15,Banten,33,1,35,-3,2200,1669,110,421
2020-08-16,Banten,43,1,18,24,2243,1687,111,445
2020-08-17,Banten,17,0,6,11,2260,1693,111,456
2020-08-18,Banten,64,0,29,35,2324,1722,111,491
2020-08-19,Banten,47,1,13,33,2371,1735,112,524
2020-08-20,Banten,23,2,35,-14,2394,1770,114,510
2020-08-21,Banten,36,1,42,-7,2430,1812,115,503
2020-08-22,Banten,42,2,21,19,2472,1833,117,522
2020-08-23,Banten,32,2,46,-16,2504,1879,119,506
2020-08-24,Banten,60,3,27,30,2564,1906,122,536
2020-08-25,Banten,33,0,52,-19,2597,1958,122,517
2020-08-26,Banten,29,0,28,1,2626,1986,122,518
2020-08-27,Banten,59,1,124,-66,2685,2110,123,452
2020-08-28,Banten,42,3,73,-34,2727,2183,126,418
2020-08-29,Banten,61,2,20,39,2788,2203,128,457
2020-08-30,Banten,45,0,20,25,2833,2223,128,482
2020-08-31,Banten,31,2,44,-15,2864,2267,130,467
2020-09-01,Banten,29,1,57,-29,2893,2324,131,438
2020-09-02,Banten,70,0,30,40,2963,2354,131,478
2020-09-03,Banten,33,3,100,-70,2996,2454,134,408
2020-09-04,Banten,23,0,49,-26,3019,2503,134,382
2020-09-05,Banten,49,1,39,9,3068,2542,135,391
2020-09-06,Banten,85,2,51,32,3153,2593,137,423
2020-09-07,Banten,75,1,51,23,3228,2644,138,446
2020-09-08,Banten,57,2,48,7,3285,2692,140,453
2020-09-09,Banten,37,5,53,-21,3322,2745,145,432
2020-09-10,Banten,42,5,66,-29,3364,2811,150,403
2020-09-11,Banten,48,4,84,-40,3412,2895,154,363
2020-09-12,Banten,23,3,43,-23,3435,2938,157,340
2020-09-13,Banten,50,0,25,25,3485,2963,157,365
2020-09-14,Banten,57,1,69,-13,3542,3032,158,352
2020-09-15,Banten,63,2,46,15,3605,3078,160,367
2020-09-16,Banten,138,2,72,64,3743,3150,162,431
2020-09-17,Banten,121,3,39,79,3864,3189,165,510
2020-09-18,Banten,141,0,66,75,4005,3255,165,585
2020-09-19,Banten,128,0,76,52,4133,3331,165,637
2020-09-20,Banten,179,0,146,33,4312,3477,165,670
2020-09-21,Banten,122,2,268,-148,4434,3745,167,522
2020-09-22,Banten,131,4,64,63,4565,3809,171,585
2020-09-23,Banten,217,2,149,66,4782,3958,173,651
2020-09-24,Banten,130,4,53,73,4912,4011,177,724
2020-09-25,Banten,109,2,177,-70,5021,4188,179,654
2020-09-26,Banten,135,0,198,-63,5156,4386,179,591
2020-09-27,Banten,106,1,73,32,5262,4459,180,623
2020-09-28,Banten,129,2,125,2,5391,4584,182,625
2020-09-29,Banten,85,8,259,-182,5476,4843,190,443
2020-09-30,Banten,144,1,125,18,5620,4968,191,461
2020-10-01,Banten,102,5,129,-32,5722,5097,196,429
2020-10-02,Banten,82,0,190,-108,5804,5287,196,321
2020-10-03,Banten,134,5,107,22,5938,5394,201,343
2020-10-04,Banten,168,2,102,64,6106,5496,203,407
2020-10-05,Banten,137,2,165,-30,6243,5661,205,377
2020-10-06,Banten,98,3,134,-39,6341,5795,208,338
2020-10-07,Banten,81,3,63,15,6422,5858,211,353
2020-10-08,Banten,122,1,108,13,6544,5966,212,366
2020-10-09,Banten,141,1,101,39,6685,6067,213,405
2020-10-10,Banten,170,4,110,56,6855,6177,217,461
2020-10-11,Banten,106,1,81,24,6961,6258,218,485
2020-10-12,Banten,81,4,134,-57,7042,6392,222,428
2020-10-13,Banten,79,3,80,-4,7121,6472,225,424
2020-10-14,Banten,94,2,72,20,7215,6544,227,444
2020-10-15,Banten,111,3,99,9,7326,6643,230,453
2020-10-16,Banten,114,2,75,37,7440,6718,232,490
2020-10-17,Banten,127,2,60,65,7567,6778,234,555
2020-10-18,Banten,130,3,62,65,7697,6840,237,620
2020-10-19,Banten,122,4,118,0,7819,6958,241,620
2020-10-20,Banten,89,1,166,-78,7908,7124,242,542
2020-10-21,Banten,171,5,54,112,8079,7178,247,654
2020-10-22,Banten,220,2,124,94,8299,7302,249,748
2020-10-23,Banten,145,3,74,68,8444,7376,252,816
2020-10-24,Banten,102,3,123,-24,8546,7499,255,792
2020-10-25,Banten,226,4,126,96,8772,7625,259,888
2020-10-26,Banten,120,0,86,34,8892,7711,259,922
2020-10-27,Banten,124,5,94,25,9016,7805,264,947
2020-10-28,Banten,170,4,100,66,9186,7905,268,1013
2020-10-29,Banten,91,4,146,-59,9277,8051,272,954
2020-10-30,Banten,107,3,114,-10,9384,8165,275,944
2020-10-31,Banten,85,1,76,8,9469,8241,276,952
2020-11-01,Banten,90,2,59,29,9559,8300,278,981
2020-11-02,Banten,74,1,69,4,9633,8369,279,985
2020-11-03,Banten,71,3,109,-41,9704,8478,282,944
2020-11-04,Banten,90,2,66,22,9794,8544,284,966
2020-11-05,Banten,51,0,80,-29,9845,8624,284,937
2020-11-06,Banten,105,2,84,19,9950,8708,286,956
2020-11-07,Banten,125,8,80,37,10075,8788,294,993
2020-11-08,Banten,58,2,37,19,10133,8825,296,1012
2020-11-09,Banten,121,1,78,42,10254,8903,297,1054
2020-11-10,Banten,55,2,83,-30,10309,8986,299,1024
2020-11-11,Banten,124,3,55,66,10433,9041,302,1090
2020-11-12,Banten,100,3,75,22,10533,9116,305,1112
2020-11-13,Banten,111,1,41,69,10644,9157,306,1181
2020-11-14,Banten,167,3,67,97,10811,9224,309,1278
2020-11-15,Banten,159,3,71,85,10970,9295,312,1363
2020-11-16,Banten,0,3,92,-95,10970,9387,315,1268
2020-11-17,Banten,0,6,104,-110,10970,9491,321,1158
2020-11-18,Banten,54,4,106,-56,11024,9597,325,1102
2020-11-19,Banten,159,4,148,7,11183,9745,329,1109
2020-11-20,Banten,128,2,100,26,11311,9845,331,1135
2020-11-21,Banten,182,10,130,42,11493,9975,341,1177
2020-11-22,Banten,122,1,85,36,11615,10060,342,1213
2020-11-23,Banten,171,2,124,45,11786,10184,344,1258
2020-11-24,Banten,144,5,110,29,11930,10294,349,1287
2020-11-25,Banten,128,5,104,19,12058,10398,354,1306
2020-11-26,Banten,145,4,107,34,12203,10505,358,1340
2020-11-27,Banten,191,6,113,72,12394,10618,364,1412
2020-11-28,Banten,234,2,89,143,12628,10707,366,1555
2020-11-29,Banten,151,5,145,1,12779,10852,371,1556
2020-11-30,Banten,262,4,122,136,13041,10974,375,1692
2020-12-01,Banten,154,2,120,32,13195,11094,377,1724
2020-12-02,Banten,121,4,109,8,13316,11203,381,1732
2020-12-03,Banten,131,3,125,3,13447,11328,384,1735
2020-12-04,Banten,131,5,91,35,13578,11419,389,1770
2020-12-05,Banten,143,6,140,-3,13721,11559,395,1767
2020-12-06,Banten,134,3,158,-27,13855,11717,398,1740
2020-12-07,Banten,133,7,169,-43,13988,11886,405,1697
2020-12-08,Banten,98,5,154,-61,14086,12040,410,1636
2020-12-09,Banten,166,4,159,3,14252,12199,414,1639
2020-12-10,Banten,169,5,177,-13,14421,12376,419,1626
2020-12-11,Banten,192,5,142,45,14613,12518,424,1671
2020-12-12,Banten,204,4,168,32,14817,12686,428,1703
2020-12-13,Banten,136,3,109,24,14953,12795,431,1727
2020-12-14,Banten,138,4,146,-12,15091,12941,435,1715
2020-12-15,Banten,166,6,151,9,15257,13092,441,1724
2020-12-16,Banten,176,5,131,40,15433,13223,446,1764
2020-12-17,Banten,181,4,142,35,15614,13365,450,1799
2020-12-18,Banten,156,8,123,25,15770,13488,458,1824
2020-12-19,Banten,181,7,171,3,15951,13659,465,1827
2020-12-20,Banten,194,3,164,27,16145,13823,468,1854
2020-12-21,Banten,190,4,148,38,16335,13971,472,1892
2020-12-22,Banten,239,5,145,89,16574,14116,477,1981
2020-12-23,Banten,186,6,133,47,16760,14249,483,2028
2020-12-24,Banten,154,4,150,0,16914,14399,487,2028
2020-12-25,Banten,166,5,213,-52,17080,14612,492,1976
2020-12-26,Banten,241,6,165,70,17321,14777,498,2046
2020-12-27,Banten,150,4,155,-9,17471,14932,502,2037
2020-12-28,Banten,120,3,203,-86,17591,15135,505,1951
2020-12-29,Banten,121,7,123,-9,17712,15258,512,1942
2020-12-30,Banten,172,6,154,12,17884,15412,518,1954
2020-12-31,Banten,270,2,169,99,18154,15581,520,2053
2021-01-01,Banten,287,12,188,87,18441,15769,532,2140
2021-01-02,Banten,246,9,342,-105,18687,16111,541,2035
2021-01-03,Banten,136,2,127,7,18823,16238,543,2042
2021-01-04,Banten,158,4,251,-97,18981,16489,547,1945
2021-01-05,Banten,164,8,203,-47,19145,16692,555,1898
2021-01-06,Banten,189,5,131,53,19334,16823,560,1951
2021-01-07,Banten,364,7,211,146,19698,17034,567,2097
2021-01-08,Banten,253,6,213,34,19951,17247,573,2131
2021-01-09,Banten,275,7,166,102,20226,17413,580,2233
2021-01-10,Banten,272,7,209,56,20498,17622,587,2289
2021-01-11,Banten,177,5,196,-24,20675,17818,592,2265
2021-01-12,Banten,174,19,605,-450,20849,18423,611,1815
2021-01-13,Banten,185,7,250,-72,21034,18673,618,1743
2021-01-14,Banten,240,6,211,23,21274,18884,624,1766
2021-01-15,Banten,282,10,275,-3,21556,19159,634,1763
2021-01-16,Banten,257,5,176,76,21813,19335,639,1839
2021-01-17,Banten,283,7,224,52,22096,19559,646,1891
2021-01-18,Banten,245,3,422,-180,22341,19981,649,1711
2021-01-19,Banten,183,0,277,-94,22524,20258,649,1617
2021-01-20,Banten,286,8,229,49,22810,20487,657,1666
2021-01-21,Banten,237,3,165,69,23047,20652,660,1735
2021-01-22,Banten,321,3,234,84,23368,20886,663,1819
2021-01-23,Banten,357,10,206,141,23725,21092,673,1960
2021-01-24,Banten,410,3,175,232,24135,21267,676,2192
2021-01-25,Banten,289,4,165,120,24424,21432,680,2312
2021-01-26,Banten,525,7,309,209,24949,21741,687,2521
2021-01-27,Banten,302,6,146,150,25251,21887,693,2671
2021-01-28,Banten,44,8,618,-582,25295,22505,701,2089
2021-01-29,Banten,326,3,269,54,25621,22774,704,2143
2021-01-30,Banten,300,3,136,161,25921,22910,707,2304
2021-01-31,Banten,273,4,210,59,26194,23120,711,2363
2021-02-01,Banten,34,5,158,-129,26228,23278,716,2234
2021-02-02,Banten,37,18,542,-523,26265,23820,734,1711
2021-02-03,Banten,129,4,290,-165,26394,24110,738,1546
2021-02-04,Banten,26,5,196,-175,26420,24306,743,1371
2021-02-05,Banten,67,7,160,-100,26487,24466,750,1271
2021-02-06,Banten,47,5,245,-203,26534,24711,755,1068
2021-02-07,Banten,91,4,172,-85,26625,24883,759,983
2021-02-08,Banten,42,13,612,-583,26667,25495,772,400
2021-02-09,Banten,65,2,280,-217,26732,25775,774,183
2021-02-10,Banten,31,4,195,-168,26763,25970,778,15
2021-02-11,Banten,40,4,190,-154,26803,26160,782,-139
2021-02-12,Banten,147,1,134,12,26950,26294,783,-127
2021-02-13,Banten,114,9,382,-277,27064,26676,792,-404
2021-02-14,Banten,74,7,179,-112,27138,26855,799,-516
2021-02-15,Banten,179,5,258,-84,27317,27113,804,-600
2021-02-16,Banten,351,11,245,95,27668,27358,815,-505
2021-02-17,Banten,335,4,223,108,28003,27581,819,-397
2021-02-18,Banten,86,9,325,-248,28089,27906,828,-645
2021-02-19,Banten,73,2,334,-263,28162,28240,830,-908
2021-02-20,Banten,73,7,129,-63,28235,28369,837,-971
2021-02-21,Banten,249,6,107,136,28484,28476,843,-835
2021-02-22,Banten,114,3,246,-135,28598,28722,846,-970
2021-02-23,Banten,251,6,317,-72,28849,29039,852,-1042
2021-02-24,Banten,41,7,185,-151,28890,29224,859,-1193
2021-02-25,Banten,263,4,214,45,29153,29438,863,-1148
2021-02-26,Banten,236,3,281,-48,29389,29719,866,-1196
2021-02-27,Banten,37,7,178,-148,29426,29897,873,-1344
2021-02-28,Banten,46,4,220,-178,29472,30117,877,-1522
2021-03-01,Banten,21,3,194,-176,29493,30311,880,-1698
2021-03-02,Banten,97,2,193,-98,29590,30504,882,-1796
2021-03-03,Banten,73,5,245,-177,29663,30749,887,-1973
2021-03-04,Banten,11,5,260,-254,29674,31009,892,-2227
2021-03-05,Banten,515,7,184,324,30189,31193,899,-1903
2021-03-06,Banten,13,2,97,-86,30202,31290,901,-1989
2021-03-07,Banten,12,3,156,-147,30214,31446,904,-2136
2021-03-08,Banten,591,4,185,402,30805,31631,908,-1734
2021-03-09,Banten,100,3,256,-159,30905,31887,911,-1893
2021-03-10,Banten,138,1,159,-22,31043,32046,912,-1915
2021-03-11,Banten,49,1,184,-136,31092,32230,913,-2051
2021-03-12,Banten,484,6,83,395,31576,32313,919,-1656
2021-03-13,Banten,248,0,85,163,31824,32398,919,-1493
2021-03-14,Banten,315,2,67,246,32139,32465,921,-1247
2021-03-15,Banten,290,2,125,163,32429,32590,923,-1084
2021-03-16,Banten,247,2,132,113,32676,32722,925,-971
2021-03-17,Banten,861,3,249,609,33537,32971,928,-362
2021-03-18,Banten,293,4,80,209,33830,33051,932,-153
2021-03-19,Banten,325,5,80,240,34155,33131,937,87
2021-03-20,Banten,233,2,64,167,34388,33195,939,254
2021-03-21,Banten,211,0,47,164,34599,33242,939,418
2021-03-22,Banten,440,0,46,394,35039,33288,939,812
2021-03-23,Banten,298,2,76,220,35337,33364,941,1032
2021-03-24,Banten,259,1,165,93,35596,33529,942,1125
2021-03-25,Banten,91,0,47,44,35687,33576,942,1169
2021-03-26,Banten,176,2,51,123,35863,33627,944,1292
2021-03-27,Banten,220,0,71,149,36083,33698,944,1441
2021-03-28,Banten,79,0,29,50,36162,33727,944,1491
2021-03-29,Banten,328,1,90,237,36490,33817,945,1728
2021-03-30,Banten,319,1,90,228,36809,33907,946,1956
2021-03-31,Banten,950,5,701,244,37759,34608,951,2200
2021-04-01,Banten,905,12,751,142,38664,35359,963,2342
2021-04-02,Banten,850,8,364,478,39514,35723,971,2820
2021-04-03,Banten,910,11,154,745,40424,35877,982,3565
2021-04-04,Banten,3501,177,5599,-2275,43925,41476,1159,1290
2021-04-05,Banten,259,0,88,171,44184,41564,1159,1461
2021-04-06,Banten,187,0,11,176,44371,41575,1159,1637
2021-04-07,Banten,163,1,128,34,44534,41703,1160,1671
2021-04-08,Banten,121,1,38,82,44655,41741,1161,1753
2021-04-09,Banten,143,4,61,78,44798,41802,1165,1831
2021-04-10,Banten,99,2,25,72,44897,41827,1167,1903
2021-04-11,Banten,105,1,65,39,45002,41892,1168,1942
2021-04-12,Banten,331,2,205,124,45333,42097,1170,2066
2021-04-13,Banten,183,1,152,30,45516,42249,1171,2096
2021-04-14,Banten,86,1,102,-17,45602,42351,1172,2079
2021-04-15,Banten,81,1,95,-15,45683,42446,1173,2064
2021-04-16,Banten,152,3,54,95,45835,42500,1176,2159
2021-04-17,Banten,102,9,77,16,45937,42577,1185,2175
2021-04-18,Banten,50,0,249,-199,45987,42826,1185,1976
2021-04-19,Banten,75,1,36,38,46062,42862,1186,2014
2021-04-20,Banten,109,1,39,69,46171,42901,1187,2083
2021-04-21,Banten,70,2,167,-99,46241,43068,1189,1984
2021-04-22,Banten,102,1,93,8,46343,43161,1190,1992
2021-04-23,Banten,173,2,98,73,46516,43259,1192,2065
2021-04-24,Banten,58,0,122,-64,46574,43381,1192,2001
2021-04-25,Banten,80,2,136,-58,46654,43517,1194,1943
2021-04-26,Banten,220,1,170,49,46874,43687,1195,1992
2021-04-27,Banten,227,0,197,30,47101,43884,1195,2022
2021-04-28,Banten,60,0,54,6,47161,43938,1195,2028
2021-04-29,Banten,110,0,130,-20,47271,44068,1195,2008
2021-04-30,Banten,72,10,32,30,47343,44100,1205,2038
2021-05-01,Banten,53,0,28,25,47396,44128,1205,2063
2021-05-02,Banten,55,2,68,-15,47451,44196,1207,2048
2021-05-03,Banten,126,0,44,82,47577,44240,1207,2130
2021-05-04,Banten,112,4,163,-55,47689,44403,1211,2075
2021-05-05,Banten,73,3,193,-123,47762,44596,1214,1952
2021-05-06,Banten,65,1,37,27,47827,44633,1215,1979
2021-05-07,Banten,68,0,50,18,47895,44683,1215,1997
2021-05-08,Banten,81,4,32,45,47976,44715,1219,2042
2021-05-09,Banten,61,0,174,-113,48037,44889,1219,1929
2021-05-10,Banten,92,4,71,17,48129,44960,1223,1946
2021-05-11,Banten,82,1,45,36,48211,45005,1224,1982
2021-05-12,Banten,56,0,24,32,48267,45029,1224,2014
2021-05-13,Banten,34,0,1,33,48301,45030,1224,2047
2021-05-14,Banten,39,0,15,24,48340,45045,1224,2071
2021-05-15,Banten,22,0,99,-77,48362,45144,1224,1994
2021-05-16,Banten,66,2,42,22,48428,45186,1226,2016
2021-05-17,Banten,53,2,320,-269,48481,45506,1228,1747
2021-05-18,Banten,29,2,0,27,48510,45506,1230,1774
2021-05-19,Banten,53,1,64,-12,48563,45570,1231,1762
2021-05-20,Banten,87,1,344,-258,48650,45914,1232,1504
2021-05-21,Banten,62,2,84,-24,48712,45998,1234,1480
2021-05-22,Banten,66,4,100,-38,48778,46098,1238,1442
2021-05-23,Banten,36,2,52,-18,48814,46150,1240,1424
2021-05-24,Banten,49,1,51,-3,48863,46201,1241,1421
2021-05-25,Banten,89,2,9,78,48952,46210,1243,1499
2021-05-26,Banten,44,0,23,21,48996,46233,1243,1520
2021-05-27,Banten,156,2,45,109,49152,46278,1245,1629
2021-05-28,Banten,53,2,62,-11,49205,46340,1247,1618
2021-05-29,Banten,72,3,71,-2,49277,46411,1250,1616
2021-05-30,Banten,46,0,60,-14,49323,46471,1250,1602
2021-05-31,Banten,153,2,279,-128,49476,46750,1252,1474
2021-06-01,Banten,119,1,30,88,49595,46780,1253,1562
2021-06-02,Banten,69,0,55,14,49664,46835,1253,1576
2021-06-03,Banten,100,3,87,10,49764,46922,1256,1586
2021-06-04,Banten,142,3,23,116,49906,46945,1259,1702
2021-06-05,Banten,89,2,33,54,49995,46978,1261,1756
2021-06-06,Banten,47,0,32,15,50042,47010,1261,1771
2021-06-07,Banten,100,0,42,58,50142,47052,1261,1829
2021-06-08,Banten,142,4,86,52,50284,47138,1265,1881
2021-06-09,Banten,103,1,25,77,50387,47163,1266,1958
2021-06-10,Banten,188,4,50,134,50575,47213,1270,2092
2021-06-11,Banten,214,2,162,50,50789,47375,1272,2142
2021-06-12,Banten,214,3,84,127,51003,47459,1275,2269
2021-06-13,Banten,198,4,50,144,51201,47509,1279,2413
2021-06-14,Banten,255,3,53,199,51456,47562,1282,2612
2021-06-15,Banten,141,1,54,86,51597,47616,1283,2698
2021-06-16,Banten,157,3,38,116,51754,47654,1286,2814
2021-06-17,Banten,168,6,31,131,51922,47685,1292,2945
2021-06-18,Banten,249,1,166,82,52171,47851,1293,3027
2021-06-19,Banten,278,7,105,166,52449,47956,1300,3193
2021-06-20,Banten,228,4,151,73,52677,48107,1304,3266
2021-06-21,Banten,333,7,87,239,53010,48194,1311,3505
2021-06-22,Banten,462,4,233,225,53472,48427,1315,3730
2021-06-23,Banten,275,9,220,46,53747,48647,1324,3776
2021-06-24,Banten,599,5,197,397,54346,48844,1329,4173
2021-06-25,Banten,313,5,30,278,54659,48874,1334,4451
2021-06-26,Banten,266,4,19,243,54925,48893,1338,4694
2021-06-27,Banten,698,19,289,390,55623,49182,1357,5084
2021-06-28,Banten,494,7,195,292,56117,49377,1364,5376
2021-06-29,Banten,521,9,201,311,56638,49578,1373,5687
2021-06-30,Banten,486,17,74,395,57124,49652,1390,6082
2021-07-01,Banten,300,2,19,279,57424,49671,1392,6361
2021-07-02,Banten,302,5,20,277,57726,49691,1397,6638
2021-07-03,Banten,715,7,21,687,58441,49712,1404,7325
2021-07-04,Banten,621,17,25,579,59062,49737,1421,7904
2021-07-05,Banten,541,3,25,513,59603,49762,1424,8417
2021-07-06,Banten,457,6,268,183,60060,50030,1430,8600
2021-07-07,Banten,612,13,168,431,60672,50198,1443,9031
2021-07-08,Banten,503,5,143,355,61175,50341,1448,9386
2021-07-09,Banten,514,4,49,461,61689,50390,1452,9847
2021-07-10,Banten,569,8,464,97,62258,50854,1460,9944
2021-07-11,Banten,679,9,305,365,62937,51159,1469,10309
2021-07-12,Banten,2637,8,322,2307,65574,51481,1477,12616
2021-07-13,Banten,4017,2,985,3030,69591,52466,1479,15646
2021-07-14,Banten,3886,21,378,3487,73477,52844,1500,19133
2021-07-15,Banten,3994,10,884,3100,77471,53728,1510,22233
2021-07-16,Banten,3680,19,801,2860,81151,54529,1529,25093
2021-07-17,Banten,3424,12,468,2944,84575,54997,1541,28037
2021-07-18,Banten,3138,9,310,2819,87713,55307,1550,30856
2021-07-19,Banten,2165,5,399,1761,89878,55706,1555,32617
2021-07-20,Banten,2865,10,480,2375,92743,56186,1565,34992
2021-07-21,Banten,1903,29,1316,558,94646,57502,1594,35550
2021-07-22,Banten,3333,20,775,2538,97979,58277,1614,38088
2021-07-23,Banten,2626,25,420,2181,100605,58697,1639,40269
2021-07-24,Banten,2328,15,458,1855,102933,59155,1654,42124
2021-07-25,Banten,1619,15,503,1101,104552,59658,1669,43225
2021-07-26,Banten,883,10,788,85,105435,60446,1679,43310
2021-07-27,Banten,1610,35,915,660,107045,61361,1714,43970
2021-07-28,Banten,1642,40,1645,-43,108687,63006,1754,43927
2021-07-29,Banten,1464,28,3959,-2523,110151,66965,1782,41404
2021-07-30,Banten,1209,56,2401,-1248,111360,69366,1838,40156
2021-07-31,Banten,1366,81,3985,-2700,112726,73351,1919,37456
2021-08-01,Banten,1325,72,8044,-6791,114051,81395,1991,30665
2020-03-01,DKI Jakarta,2,0,0,2,2,0,0,2
2020-03-02,DKI Jakarta,2,0,0,2,4,0,0,4
2020-03-03,DKI Jakarta,2,0,0,2,6,0,0,6
2020-03-04,DKI Jakarta,2,0,0,2,8,0,0,8
2020-03-05,DKI Jakarta,0,1,0,-1,8,0,1,7
2020-03-06,DKI Jakarta,0,0,0,0,8,0,1,7
2020-03-07,DKI Jakarta,0,2,0,-2,8,0,3,5
2020-03-08,DKI Jakarta,0,0,0,0,8,0,3,5
2020-03-09,DKI Jakarta,0,1,0,-1,8,0,4,4
2020-03-10,DKI Jakarta,0,0,0,0,8,0,4,4
2020-03-11,DKI Jakarta,0,0,0,0,8,0,4,4
2020-03-12,DKI Jakarta,2,1,4,-3,10,4,5,1
2020-03-13,DKI Jakarta,4,1,3,0,14,7,6,1
2020-03-14,DKI Jakarta,2,1,1,0,16,8,7,1
2020-03-15,DKI Jakarta,8,3,0,5,24,8,10,6
2020-03-16,DKI Jakarta,2,3,0,-1,26,8,13,5
2020-03-17,DKI Jakarta,2,1,0,1,28,8,14,6
2020-03-18,DKI Jakarta,1,1,0,0,29,8,15,6
2020-03-19,DKI Jakarta,2,0,1,1,31,9,15,7
2020-03-20,DKI Jakarta,5,3,1,1,36,10,18,8
2020-03-21,DKI Jakarta,8,3,6,-1,44,16,21,7
2020-03-22,DKI Jakarta,2,0,3,-1,46,19,21,6
2020-03-23,DKI Jakarta,0,0,0,0,46,19,21,6
2020-03-24,DKI Jakarta,16,19,3,-6,62,22,40,0
2020-03-25,DKI Jakarta,1,1,0,0,63,22,41,0
2020-03-26,DKI Jakarta,57,2,0,55,120,22,43,55
2020-03-27,DKI Jakarta,74,7,6,61,194,28,50,116
2020-03-28,DKI Jakarta,48,9,9,30,242,37,59,146
2020-03-29,DKI Jakarta,52,10,0,42,294,37,69,188
2020-03-30,DKI Jakarta,33,7,0,26,327,37,76,214
2020-03-31,DKI Jakarta,44,10,0,34,371,37,86,248
2020-04-01,DKI Jakarta,59,1,0,58,430,37,87,306
2020-04-02,DKI Jakarta,70,5,2,63,500,39,92,369
2020-04-03,DKI Jakarta,71,6,2,63,571,41,98,432
2020-04-04,DKI Jakarta,57,8,5,44,628,46,106,476
2020-04-05,DKI Jakarta,87,11,2,74,715,48,117,550
2020-04-06,DKI Jakarta,103,7,7,89,818,55,124,639
2020-04-07,DKI Jakarta,113,14,3,96,931,58,138,735
2020-04-08,DKI Jakarta,90,8,5,77,1021,63,146,812
2020-04-09,DKI Jakarta,228,34,5,189,1249,68,180,1001
2020-04-10,DKI Jakarta,53,11,4,38,1302,72,191,1039
2020-04-11,DKI Jakarta,190,10,7,173,1492,79,201,1212
2020-04-12,DKI Jakarta,156,33,37,86,1648,116,234,1298
2020-04-13,DKI Jakarta,135,7,1,127,1783,117,241,1425
2020-04-14,DKI Jakarta,122,10,0,112,1905,117,251,1537
2020-04-15,DKI Jakarta,143,9,20,114,2048,137,260,1651
2020-04-16,DKI Jakarta,174,1,0,173,2222,137,261,1824
2020-04-17,DKI Jakarta,170,7,35,128,2392,172,268,1952
2020-04-18,DKI Jakarta,101,7,1,93,2493,173,275,2045
2020-04-19,DKI Jakarta,113,3,25,85,2606,198,278,2130
2020-04-20,DKI Jakarta,74,5,7,62,2680,205,283,2192
2020-04-21,DKI Jakarta,183,2,59,122,2863,264,285,2314
2020-04-22,DKI Jakarta,110,1,8,101,2973,272,286,2415
2020-04-23,DKI Jakarta,122,0,4,118,3095,276,286,2533
2020-04-24,DKI Jakarta,78,0,1,77,3173,277,286,2610
2020-04-25,DKI Jakarta,78,19,7,52,3251,284,305,2662
2020-04-26,DKI Jakarta,104,7,1,96,3355,285,312,2758
2020-04-27,DKI Jakarta,66,13,1,52,3421,286,325,2810
2020-04-28,DKI Jakarta,124,4,22,98,3545,308,329,2908
2020-04-29,DKI Jakarta,110,0,75,35,3655,383,329,2943
2020-04-30,DKI Jakarta,106,0,46,60,3761,429,329,3003
2020-05-01,DKI Jakarta,135,4,2,129,3896,431,333,3132
2020-05-02,DKI Jakarta,92,17,24,51,3988,455,350,3183
2020-05-03,DKI Jakarta,129,5,112,12,4117,567,355,3195
2020-05-04,DKI Jakarta,80,8,3,69,4197,570,363,3264
2020-05-05,DKI Jakarta,132,1,66,65,4329,636,364,3329
2020-05-06,DKI Jakarta,106,5,37,64,4435,673,369,3393
2020-05-07,DKI Jakarta,82,8,4,70,4517,677,377,3463
2020-05-08,DKI Jakarta,96,1,0,95,4613,677,378,3558
2020-05-09,DKI Jakarta,98,3,5,90,4711,682,381,3648
2020-05-10,DKI Jakarta,125,6,49,70,4836,731,387,3718
2020-05-11,DKI Jakarta,81,6,9,66,4917,740,393,3784
2020-05-12,DKI Jakarta,96,2,108,-14,5013,848,395,3770
2020-05-13,DKI Jakarta,180,6,96,78,5193,944,401,3848
2020-05-14,DKI Jakarta,135,2,134,-1,5328,1078,403,3847
2020-05-15,DKI Jakarta,86,7,106,-27,5414,1184,410,3820
2020-05-16,DKI Jakarta,101,0,18,83,5515,1202,410,3903
2020-05-17,DKI Jakarta,127,3,11,113,5642,1213,413,4016
2020-05-18,DKI Jakarta,79,0,0,79,5721,1213,413,4095
2020-05-19,DKI Jakarta,94,7,21,66,5815,1234,420,4161
2020-05-20,DKI Jakarta,84,1,3,80,5899,1237,421,4241
2020-05-21,DKI Jakarta,70,8,130,-68,5969,1367,429,4173
2020-05-22,DKI Jakarta,106,29,55,22,6075,1422,458,4195
2020-05-23,DKI Jakarta,111,1,54,56,6186,1476,459,4251
2020-05-24,DKI Jakarta,112,0,20,92,6298,1496,459,4343
2020-05-25,DKI Jakarta,76,0,65,11,6374,1561,459,4354
2020-05-26,DKI Jakarta,87,0,13,74,6461,1574,459,4428
2020-05-27,DKI Jakarta,109,8,16,85,6570,1590,467,4513
2020-05-28,DKI Jakarta,100,0,20,80,6670,1610,467,4593
2020-05-29,DKI Jakarta,125,0,38,87,6795,1648,467,4680
2020-05-30,DKI Jakarta,108,7,255,-154,6903,1903,474,4526
2020-05-31,DKI Jakarta,113,1,70,42,7016,1973,475,4568
2020-06-01,DKI Jakarta,157,2,185,-30,7173,2158,477,4538
2020-06-02,DKI Jakarta,59,0,120,-61,7232,2278,477,4477
2020-06-03,DKI Jakarta,91,5,181,-95,7323,2459,482,4382
2020-06-04,DKI Jakarta,109,0,21,88,7432,2480,482,4470
2020-06-05,DKI Jakarta,70,1,138,-69,7502,2618,483,4401
2020-06-06,DKI Jakarta,117,0,86,31,7619,2704,483,4432
2020-06-07,DKI Jakarta,168,4,287,-123,7787,2991,487,4309
2020-06-08,DKI Jakarta,90,0,75,15,7877,3066,487,4324
2020-06-09,DKI Jakarta,239,4,163,72,8116,3229,491,4396
2020-06-10,DKI Jakarta,166,2,141,23,8282,3370,493,4419
2020-06-11,DKI Jakarta,131,1,147,-17,8413,3517,494,4402
2020-06-12,DKI Jakarta,92,4,118,-30,8505,3635,498,4372
2020-06-13,DKI Jakarta,121,8,58,55,8626,3693,506,4427
2020-06-14,DKI Jakarta,118,9,246,-137,8744,3939,515,4290
2020-06-15,DKI Jakarta,141,2,111,28,8885,4050,517,4318
2020-06-16,DKI Jakarta,97,0,132,-35,8982,4182,517,4283
2020-06-17,DKI Jakarta,122,5,115,2,9104,4297,522,4285
2020-06-18,DKI Jakarta,171,30,130,11,9275,4427,552,4296
2020-06-19,DKI Jakarta,133,1,126,6,9408,4553,553,4302
2020-06-20,DKI Jakarta,189,8,123,58,9597,4676,561,4360
2020-06-21,DKI Jakarta,141,1,234,-94,9738,4910,562,4266
2020-06-22,DKI Jakarta,123,0,75,48,9861,4985,562,4314
2020-06-23,DKI Jakarta,160,8,109,43,10021,5094,570,4357
2020-06-24,DKI Jakarta,152,8,97,47,10173,5191,578,4404
2020-06-25,DKI Jakarta,181,9,220,-48,10354,5411,587,4356
2020-06-26,DKI Jakarta,197,4,0,193,10551,5411,591,4549
2020-06-27,DKI Jakarta,192,8,68,116,10743,5479,599,4665
2020-06-28,DKI Jakarta,132,1,255,-124,10875,5734,600,4541
2020-06-29,DKI Jakarta,122,0,252,-130,10997,5986,600,4411
2020-06-30,DKI Jakarta,182,8,394,-220,11179,6380,608,4191
2020-07-01,DKI Jakarta,215,0,168,47,11394,6548,608,4238
2020-07-02,DKI Jakarta,200,6,192,2,11594,6740,614,4240
2020-07-03,DKI Jakarta,140,5,240,-105,11734,6980,619,4135
2020-07-04,DKI Jakarta,218,0,268,-50,11952,7248,619,4085
2020-07-05,DKI Jakarta,255,5,286,-36,12207,7534,624,4049
2020-07-06,DKI Jakarta,221,0,374,-153,12428,7908,624,3896
2020-07-07,DKI Jakarta,193,12,242,-61,12621,8150,636,3835
2020-07-08,DKI Jakarta,350,6,147,197,12971,8297,642,4032
2020-07-09,DKI Jakarta,277,6,223,48,13248,8520,648,4080
2020-07-10,DKI Jakarta,252,0,180,72,13500,8700,648,4152
2020-07-11,DKI Jakarta,383,10,215,158,13883,8915,658,4310
2020-07-12,DKI Jakarta,395,10,159,226,14278,9074,668,4536
2020-07-13,DKI Jakarta,281,7,208,66,14559,9282,675,4602
2020-07-14,DKI Jakarta,266,4,120,142,14825,9402,679,4744
2020-07-15,DKI Jakarta,251,5,197,49,15076,9599,684,4793
2020-07-16,DKI Jakarta,309,8,135,166,15385,9734,692,4959
2020-07-17,DKI Jakarta,257,6,139,112,15642,9873,698,5071
2020-07-18,DKI Jakarta,339,8,121,210,15981,9994,706,5281
2020-07-19,DKI Jakarta,319,9,327,-17,16300,10321,715,5264
2020-07-20,DKI Jakarta,381,9,155,217,16681,10476,724,5481
2020-07-21,DKI Jakarta,432,8,266,158,17113,10742,732,5639
2020-07-22,DKI Jakarta,387,5,367,15,17500,11109,737,5654
2020-07-23,DKI Jakarta,462,2,168,292,17962,11277,739,5946
2020-07-24,DKI Jakarta,293,4,270,19,18255,11547,743,5965
2020-07-25,DKI Jakarta,369,0,175,194,18624,11722,743,6159
2020-07-26,DKI Jakarta,384,4,161,219,19008,11883,747,6378
2020-07-27,DKI Jakarta,501,10,112,379,19509,11995,757,6757
2020-07-28,DKI Jakarta,409,16,374,19,19918,12369,773,6776
2020-07-29,DKI Jakarta,617,14,250,353,20535,12619,787,7129
2020-07-30,DKI Jakarta,397,19,188,190,20932,12807,806,7319
2020-07-31,DKI Jakarta,430,14,405,11,21362,13212,820,7330
2020-08-01,DKI Jakarta,368,12,680,-324,21730,13892,832,7006
2020-08-02,DKI Jakarta,377,0,141,236,22107,14033,832,7242
2020-08-03,DKI Jakarta,472,16,134,322,22579,14167,848,7564
2020-08-04,DKI Jakarta,410,14,224,172,22989,14391,862,7736
2020-08-05,DKI Jakarta,354,14,379,-39,23343,14770,876,7697
2020-08-06,DKI Jakarta,556,13,248,295,23899,15018,889,7992
2020-08-07,DKI Jakarta,665,12,196,457,24564,15214,901,8449
2020-08-08,DKI Jakarta,686,11,509,166,25250,15723,912,8615
2020-08-09,DKI Jakarta,440,6,560,-126,25690,16283,918,8489
2020-08-10,DKI Jakarta,433,2,179,252,26123,16462,920,8741
2020-08-11,DKI Jakarta,462,12,184,266,26585,16646,932,9007
2020-08-12,DKI Jakarta,529,15,822,-308,27114,17468,947,8699
2020-08-13,DKI Jakarta,608,11,400,197,27722,17868,958,8896
2020-08-14,DKI Jakarta,538,4,694,-160,28260,18562,962,8736
2020-08-15,DKI Jakarta,583,6,527,50,28843,19089,968,8786
2020-08-16,DKI Jakarta,518,1,654,-137,29361,19743,969,8649
2020-08-17,DKI Jakarta,552,14,209,329,29913,19952,983,8978
2020-08-18,DKI Jakarta,513,19,589,-95,30426,20541,1002,8883
2020-08-19,DKI Jakarta,551,18,570,-37,30977,21111,1020,8846
2020-08-20,DKI Jakarta,594,16,729,-151,31571,21840,1036,8695
2020-08-21,DKI Jakarta,657,16,435,206,32228,22275,1052,8901
2020-08-22,DKI Jakarta,588,17,653,-82,32816,22928,1069,8819
2020-08-23,DKI Jakarta,614,17,693,-96,33430,23621,1086,8723
2020-08-24,DKI Jakarta,633,16,1901,-1284,34063,25522,1102,7439
2020-08-25,DKI Jakarta,638,15,526,97,34701,26048,1117,7536
2020-08-26,DKI Jakarta,713,7,764,-58,35414,26812,1124,7478
2020-08-27,DKI Jakarta,760,11,1539,-790,36174,28351,1135,6688
2020-08-28,DKI Jakarta,869,10,880,-21,37043,29231,1145,6667
2020-08-29,DKI Jakarta,861,18,600,243,37904,29831,1163,6910
2020-08-30,DKI Jakarta,1094,9,368,717,38998,30199,1172,7627
2020-08-31,DKI Jakarta,1049,14,402,633,40047,30601,1186,8260
2020-09-01,DKI Jakarta,901,17,737,147,40948,31338,1203,8407
2020-09-02,DKI Jakarta,1054,17,479,558,42002,31817,1220,8965
2020-09-03,DKI Jakarta,1359,15,702,642,43361,32519,1235,9607
2020-09-04,DKI Jakarta,880,6,823,51,44241,33342,1241,9658
2020-09-05,DKI Jakarta,877,14,731,132,45118,34073,1255,9790
2020-09-06,DKI Jakarta,1176,10,805,361,46294,34878,1265,10151
2020-09-07,DKI Jakarta,1046,22,662,362,47340,35540,1287,10513
2020-09-08,DKI Jakarta,1014,21,931,62,48354,36471,1308,10575
2020-09-09,DKI Jakarta,1004,17,844,143,49358,37315,1325,10718
2020-09-10,DKI Jakarta,1274,17,1008,249,50632,38323,1342,10967
2020-09-11,DKI Jakarta,964,17,904,43,51596,39227,1359,11010
2020-09-12,DKI Jakarta,1205,18,665,522,52801,39892,1377,11532
2020-09-13,DKI Jakarta,1380,5,957,418,54181,40849,1382,11950
2020-09-14,DKI Jakarta,879,27,1511,-659,55060,42360,1409,11291
2020-09-15,DKI Jakarta,1076,33,982,61,56136,43342,1442,11352
2020-09-16,DKI Jakarta,1294,31,1146,117,57430,44488,1473,11469
2020-09-17,DKI Jakarta,1113,14,748,351,58543,45236,1487,11820
2020-09-18,DKI Jakarta,1258,22,1036,200,59801,46272,1509,12020
2020-09-19,DKI Jakarta,988,10,1032,-54,60789,47304,1519,11966
2020-09-20,DKI Jakarta,1138,14,1069,55,61927,48373,1533,12021
2020-09-21,DKI Jakarta,1352,29,1294,29,63279,49667,1562,12050
2020-09-22,DKI Jakarta,1236,30,849,357,64515,50516,1592,12407
2020-09-23,DKI Jakarta,1135,28,1105,2,65650,51621,1620,12409
2020-09-24,DKI Jakarta,1044,20,1162,-138,66694,52783,1640,12271
2020-09-25,DKI Jakarta,1171,13,1626,-468,67865,54409,1653,11803
2020-09-26,DKI Jakarta,1323,12,764,547,69188,55173,1665,12350
2020-09-27,DKI Jakarta,1217,13,1294,-90,70405,56467,1678,12260
2020-09-28,DKI Jakarta,898,9,1331,-442,71303,57798,1687,11818
2020-09-29,DKI Jakarta,1238,21,1121,96,72541,58919,1708,11914
2020-09-30,DKI Jakarta,1159,13,1452,-306,73700,60371,1721,11608
2020-10-01,DKI Jakarta,1253,6,1118,129,74953,61489,1727,11737
2020-10-02,DKI Jakarta,1198,3,675,520,76151,62164,1730,12257
2020-10-03,DKI Jakarta,1265,4,1190,71,77416,63354,1734,12328
2020-10-04,DKI Jakarta,1398,13,1031,354,78814,64385,1747,12682
2020-10-05,DKI Jakarta,1022,16,980,26,79836,65365,1763,12708
2020-10-06,DKI Jakarta,1106,31,1016,59,80942,66381,1794,12767
2020-10-07,DKI Jakarta,1211,15,987,209,82153,67368,1809,12976
2020-10-08,DKI Jakarta,1182,17,1047,118,83335,68415,1826,13094
2020-10-09,DKI Jakarta,943,21,849,73,84278,69264,1847,13167
2020-10-10,DKI Jakarta,1259,16,1284,-41,85537,70548,1863,13126
2020-10-11,DKI Jakarta,1389,18,1062,309,86926,71610,1881,13435
2020-10-12,DKI Jakarta,1211,25,1113,73,88137,72723,1906,13508
2020-10-13,DKI Jakarta,1054,19,1101,-66,89191,73824,1925,13442
2020-10-14,DKI Jakarta,1038,17,1203,-182,90229,75027,1942,13260
2020-10-15,DKI Jakarta,1072,20,1050,2,91301,76077,1962,13262
2020-10-16,DKI Jakarta,1045,24,982,39,92346,77059,1986,13301
2020-10-17,DKI Jakarta,974,23,1108,-157,93320,78167,2009,13144
2020-10-18,DKI Jakarta,971,17,1080,-126,94291,79247,2026,13018
2020-10-19,DKI Jakarta,926,14,1128,-216,95217,80375,2040,12802
2020-10-20,DKI Jakarta,964,22,837,105,96181,81212,2062,12907
2020-10-21,DKI Jakarta,1000,21,1073,-94,97181,82285,2083,12813
2020-10-22,DKI Jakarta,989,16,1157,-184,98170,83442,2099,12629
2020-10-23,DKI Jakarta,952,21,1093,-162,99122,84535,2120,12467
2020-10-24,DKI Jakarta,1062,20,1157,-115,100184,85692,2140,12352
2020-10-25,DKI Jakarta,771,18,1231,-478,100955,86923,2158,11874
2020-10-26,DKI Jakarta,906,13,1185,-292,101861,88108,2171,11582
2020-10-27,DKI Jakarta,781,11,1130,-360,102642,89238,2182,11222
2020-10-28,DKI Jakarta,844,17,1060,-233,103486,90298,2199,10989
2020-10-29,DKI Jakarta,713,14,1084,-385,104199,91382,2213,10604
2020-10-30,DKI Jakarta,612,14,1081,-483,104811,92463,2227,10121
2020-10-31,DKI Jakarta,750,19,1047,-316,105561,93510,2246,9805
2020-11-01,DKI Jakarta,608,19,1474,-885,106169,94984,2265,8920
2020-11-02,DKI Jakarta,1024,18,1058,-52,107193,96042,2283,8868
2020-11-03,DKI Jakarta,617,10,1025,-418,107810,97067,2293,8450
2020-11-04,DKI Jakarta,768,14,940,-186,108578,98007,2307,8264
2020-11-05,DKI Jakarta,797,15,974,-192,109375,98981,2322,8072
2020-11-06,DKI Jakarta,672,18,1028,-374,110047,100009,2340,7698
2020-11-07,DKI Jakarta,1118,11,987,120,111165,100996,2351,7818
2020-11-08,DKI Jakarta,826,8,984,-166,111991,101980,2359,7652
2020-11-09,DKI Jakarta,716,12,1131,-427,112707,103111,2371,7225
2020-11-10,DKI Jakarta,1013,13,1257,-257,113720,104368,2384,6968
2020-11-11,DKI Jakarta,587,13,959,-385,114307,105327,2397,6583
2020-11-12,DKI Jakarta,831,11,1072,-252,115138,106399,2408,6331
2020-11-13,DKI Jakarta,1033,10,13,1010,116171,106412,2418,7341
2020-11-14,DKI Jakarta,1255,5,11,1239,117426,106423,2423,8580
2020-11-15,DKI Jakarta,1164,2,23,1139,118590,106446,2425,9719
2020-11-16,DKI Jakarta,1006,2,867,137,119596,107313,2427,9856
2020-11-17,DKI Jakarta,1037,36,825,176,120633,108138,2463,10032
2020-11-18,DKI Jakarta,1148,11,2193,-1056,121781,110331,2474,8976
2020-11-19,DKI Jakarta,1186,14,2671,-1499,122967,113002,2488,7477
2020-11-20,DKI Jakarta,1240,0,569,671,124207,113571,2488,8148
2020-11-21,DKI Jakarta,1579,15,1085,479,125786,114656,2503,8627
2020-11-22,DKI Jakarta,1342,16,1070,256,127128,115726,2519,8883
2020-11-23,DKI Jakarta,1009,3,1052,-46,128137,116778,2522,8837
2020-11-24,DKI Jakarta,1015,19,1089,-93,129152,117867,2541,8744
2020-11-25,DKI Jakarta,1273,17,1090,166,130425,118957,2558,8910
2020-11-26,DKI Jakarta,1064,14,1134,-84,131489,120091,2572,8826
2020-11-27,DKI Jakarta,1436,15,838,583,132925,120929,2587,9409
2020-11-28,DKI Jakarta,1370,15,1232,123,134295,122161,2602,9532
2020-11-29,DKI Jakarta,1431,19,820,592,135726,122981,2621,10124
2020-11-30,DKI Jakarta,1099,25,910,164,136825,123891,2646,10288
2020-12-01,DKI Jakarta,1058,23,1042,-7,137883,124933,2669,10281
2020-12-02,DKI Jakarta,1166,23,1063,80,139049,125996,2692,10361
2020-12-03,DKI Jakarta,1153,34,1073,46,140202,127069,2726,10407
2020-12-04,DKI Jakarta,1032,23,928,81,141234,127997,2749,10488
2020-12-05,DKI Jakarta,1360,23,1031,306,142594,129028,2772,10794
2020-12-06,DKI Jakarta,1331,23,1040,268,143925,130068,2795,11062
2020-12-07,DKI Jakarta,1466,24,944,498,145391,131012,2819,11560
2020-12-08,DKI Jakarta,1194,21,1203,-30,146585,132215,2840,11530
2020-12-09,DKI Jakarta,1217,18,1073,126,147802,133288,2858,11656
2020-12-10,DKI Jakarta,1180,18,1046,116,148982,134334,2876,11772
2020-12-11,DKI Jakarta,1232,4,1096,132,150214,135430,2880,11904
2020-12-12,DKI Jakarta,951,17,923,11,151165,136353,2897,11915
2020-12-13,DKI Jakarta,1298,16,1112,170,152463,137465,2913,12085
2020-12-14,DKI Jakarta,1506,17,1471,18,153969,138936,2930,12103
2020-12-15,DKI Jakarta,1116,22,1136,-42,155085,140072,2952,12061
2020-12-16,DKI Jakarta,1221,22,1142,57,156306,141214,2974,12118
2020-12-17,DKI Jakarta,1690,20,1372,298,157996,142586,2994,12416
2020-12-18,DKI Jakarta,1587,19,1234,334,159583,143820,3013,12750
2020-12-19,DKI Jakarta,1899,20,1097,782,161482,144917,3033,13532
2020-12-20,DKI Jakarta,1592,19,1874,-301,163074,146791,3052,13231
2020-12-21,DKI Jakarta,1466,15,1368,83,164540,148159,3067,13314
2020-12-22,DKI Jakarta,1311,14,1374,-77,165851,149533,3081,13237
2020-12-23,DKI Jakarta,1954,15,1444,495,167805,150977,3096,13732
2020-12-24,DKI Jakarta,1933,16,1341,576,169738,152318,3112,14308
2020-12-25,DKI Jakarta,2096,21,1727,348,171834,154045,3133,14656
2020-12-26,DKI Jakarta,2058,14,2552,-508,173892,156597,3147,14148
2020-12-27,DKI Jakarta,1997,22,1824,151,175889,158421,3169,14299
2020-12-28,DKI Jakarta,1678,21,1713,-56,177567,160134,3190,14243
2020-12-29,DKI Jakarta,2056,18,1002,1036,179623,161136,3208,15279
2020-12-30,DKI Jakarta,2053,21,1567,465,181676,162703,3229,15744
2020-12-31,DKI Jakarta,2022,21,1968,33,183698,164671,3250,15777
2021-01-01,DKI Jakarta,1956,20,1643,293,185654,166314,3270,16070
2021-01-02,DKI Jakarta,1894,26,2280,-412,187548,168594,3296,15658
2021-01-03,DKI Jakarta,1658,10,1691,-43,189206,170285,3306,15615
2021-01-04,DKI Jakarta,1832,21,2527,-716,191038,172812,3327,14899
2021-01-05,DKI Jakarta,1824,19,1339,466,192862,174151,3346,15365
2021-01-06,DKI Jakarta,2402,16,1095,1291,195264,175246,3362,16656
2021-01-07,DKI Jakarta,2398,21,1446,931,197662,176692,3383,17587
2021-01-08,DKI Jakarta,2959,24,2690,245,200621,179382,3407,17832
2021-01-09,DKI Jakarta,2753,27,2118,608,203374,181500,3434,18440
2021-01-10,DKI Jakarta,2711,31,2898,-218,206085,184398,3465,18222
2021-01-11,DKI Jakarta,2461,31,2510,-80,208546,186908,3496,18142
2021-01-12,DKI Jakarta,2669,34,1657,978,211215,188565,3530,19120
2021-01-13,DKI Jakarta,3476,45,2952,479,214691,191517,3575,19599
2021-01-14,DKI Jakarta,3165,43,2075,1047,217856,193592,3618,20646
2021-01-15,DKI Jakarta,2541,35,2490,16,220397,196082,3653,20662
2021-01-16,DKI Jakarta,3536,32,1772,1732,223933,197854,3685,22394
2021-01-17,DKI Jakarta,3395,33,3776,-414,227328,201630,3718,21980
2021-01-18,DKI Jakarta,2361,36,2801,-476,229689,204431,3754,21504
2021-01-19,DKI Jakarta,2563,40,2500,23,232252,206931,3794,21527
2021-01-20,DKI Jakarta,3786,33,3770,-17,236038,210701,3827,21510
2021-01-21,DKI Jakarta,3151,30,2570,551,239189,213271,3857,22061
2021-01-22,DKI Jakarta,3791,41,2169,1581,242980,215440,3898,23642
2021-01-23,DKI Jakarta,3285,31,3492,-238,246265,218932,3929,23404
2021-01-24,DKI Jakarta,3512,39,2328,1145,249777,221260,3968,24549
2021-01-25,DKI Jakarta,2451,43,2504,-96,252228,223764,4011,24453
2021-01-26,DKI Jakarta,2313,46,2939,-672,254541,226703,4057,23781
2021-01-27,DKI Jakarta,1836,34,2970,-1168,256377,229673,4091,22613
2021-01-28,DKI Jakarta,2889,40,2731,118,259266,232404,4131,22731
2021-01-29,DKI Jakarta,3448,44,2428,976,262714,234832,4175,23707
2021-01-30,DKI Jakarta,3491,30,3565,-104,266205,238397,4205,23603
2021-01-31,DKI Jakarta,3474,42,3355,77,269679,241752,4247,23680
2021-02-01,DKI Jakarta,3614,45,2352,1217,273293,244104,4292,24897
2021-02-02,DKI Jakarta,3362,44,4577,-1259,276655,248681,4336,23638
2021-02-03,DKI Jakarta,3567,44,1391,2132,280222,250072,4380,25770
2021-02-04,DKI Jakarta,3632,40,3963,-371,283854,254035,4420,25399
2021-02-05,DKI Jakarta,3340,45,2475,820,287194,256510,4465,26219
2021-02-06,DKI Jakarta,2379,44,4434,-2099,289573,260944,4509,24120
2021-02-07,DKI Jakarta,4212,45,4305,-138,293785,265249,4554,23982
2021-02-08,DKI Jakarta,3142,43,3417,-318,296927,268666,4597,23664
2021-02-09,DKI Jakarta,3437,57,2786,594,300364,271452,4654,24258
2021-02-10,DKI Jakarta,3308,43,3245,20,303672,274697,4697,24278
2021-02-11,DKI Jakarta,2513,51,4097,-1635,306185,278794,4748,22643
2021-02-12,DKI Jakarta,3807,50,5636,-1879,309992,284430,4798,20764
2021-02-13,DKI Jakarta,3017,53,5010,-2046,313009,289440,4851,18718
2021-02-14,DKI Jakarta,2497,48,3977,-1528,315506,293417,4899,17190
2021-02-15,DKI Jakarta,1879,42,2081,-244,317385,295498,4941,16946
2021-02-16,DKI Jakarta,1861,62,1580,219,319246,297078,5003,17165
2021-02-17,DKI Jakarta,1446,31,2591,-1176,320692,299669,5034,15989
2021-02-18,DKI Jakarta,373,35,2717,-2379,321065,302386,5069,13610
2021-02-19,DKI Jakarta,1920,6,2758,-844,322985,305144,5075,12766
2021-02-20,DKI Jakarta,2872,40,2490,342,325857,307634,5115,13108
2021-02-21,DKI Jakarta,2725,55,2681,-11,328582,310315,5170,13097
2021-02-22,DKI Jakarta,2465,40,2305,120,331047,312620,5210,13217
2021-02-23,DKI Jakarta,782,45,2052,-1315,331829,314672,5255,11902
2021-02-24,DKI Jakarta,782,35,1857,-1110,332611,316529,5290,10792
2021-02-25,DKI Jakarta,1581,56,2656,-1131,334192,319185,5346,9661
2021-02-26,DKI Jakarta,1662,42,1864,-244,335854,321049,5388,9417
2021-02-27,DKI Jakarta,1736,44,1163,529,337590,322212,5432,9946
2021-02-28,DKI Jakarta,2098,43,891,1164,339688,323103,5475,11110
2021-03-01,DKI Jakarta,2058,52,3133,-1127,341746,326236,5527,9983
2021-03-02,DKI Jakarta,577,36,2165,-1624,342323,328401,5563,8359
2021-03-03,DKI Jakarta,1437,38,2487,-1088,343760,330888,5601,7271
2021-03-04,DKI Jakarta,2009,46,1750,213,345769,332638,5647,7484
2021-03-05,DKI Jakarta,1160,45,1290,-175,346929,333928,5692,7309
2021-03-06,DKI Jakarta,1615,44,1568,3,348544,335496,5736,7312
2021-03-07,DKI Jakarta,1835,45,1765,25,350379,337261,5781,7337
2021-03-08,DKI Jakarta,1783,48,1675,60,352162,338936,5829,7397
2021-03-09,DKI Jakarta,867,45,1643,-821,353029,340579,5874,6576
2021-03-10,DKI Jakarta,1046,45,1477,-476,354075,342056,5919,6100
2021-03-11,DKI Jakarta,1754,25,980,749,355829,343036,5944,6849
2021-03-12,DKI Jakarta,1872,50,1263,559,357701,344299,5994,7408
2021-03-13,DKI Jakarta,1034,10,577,447,358735,344876,6004,7855
2021-03-14,DKI Jakarta,1204,36,2367,-1199,359939,347243,6040,6656
2021-03-15,DKI Jakarta,1555,35,1762,-242,361494,349005,6075,6414
2021-03-16,DKI Jakarta,835,20,1491,-676,362329,350496,6095,5738
2021-03-17,DKI Jakarta,1330,3,1183,144,363659,351679,6098,5882
2021-03-18,DKI Jakarta,1719,20,1168,531,365378,352847,6118,6413
2021-03-19,DKI Jakarta,1588,24,1175,389,366966,354022,6142,6802
2021-03-20,DKI Jakarta,1935,22,1184,729,368901,355206,6164,7531
2021-03-21,DKI Jakarta,1638,23,1884,-269,370539,357090,6187,7262
2021-03-22,DKI Jakarta,1474,8,1715,-249,372013,358805,6195,7013
2021-03-23,DKI Jakarta,816,11,1691,-886,372829,360496,6206,6127
2021-03-24,DKI Jakarta,890,11,1986,-1107,373719,362482,6217,5020
2021-03-25,DKI Jakarta,1727,12,490,1225,375446,362972,6229,6245
2021-03-26,DKI Jakarta,1381,11,897,473,376827,363869,6240,6718
2021-03-27,DKI Jakarta,1354,18,599,737,378181,364468,6258,7455
2021-03-28,DKI Jakarta,1470,23,1175,272,379651,365643,6281,7727
2021-03-29,DKI Jakarta,1014,22,1079,-87,380665,366722,6303,7640
2021-03-30,DKI Jakarta,384,21,1087,-724,381049,367809,6324,6916
2021-03-31,DKI Jakarta,965,0,1073,-108,382014,368882,6324,6808
2021-04-01,DKI Jakarta,1337,18,988,331,383351,369870,6342,7139
2021-04-02,DKI Jakarta,1240,7,1292,-59,384591,371162,6349,7080
2021-04-03,DKI Jakarta,1098,4,600,494,385689,371762,6353,7574
2021-04-04,DKI Jakarta,736,6,1600,-870,386425,373362,6359,6704
2021-04-05,DKI Jakarta,523,4,1187,-668,386948,374549,6363,6036
2021-04-06,DKI Jakarta,487,4,587,-104,387435,375136,6367,5932
2021-04-07,DKI Jakarta,862,9,695,158,388297,375831,6376,6090
2021-04-08,DKI Jakarta,1238,4,485,749,389535,376316,6380,6839
2021-04-09,DKI Jakarta,1013,10,623,380,390548,376939,6390,7219
2021-04-10,DKI Jakarta,977,7,856,114,391525,377795,6397,7333
2021-04-11,DKI Jakarta,1031,7,1396,-372,392556,379191,6404,6961
2021-04-12,DKI Jakarta,692,7,1357,-672,393248,380548,6411,6289
2021-04-13,DKI Jakarta,828,6,900,-78,394076,381448,6417,6211
2021-04-14,DKI Jakarta,661,7,614,40,394737,382062,6424,6251
2021-04-15,DKI Jakarta,1330,6,690,634,396067,382752,6430,6885
2021-04-16,DKI Jakarta,980,18,871,91,397047,383623,6448,6976
2021-04-17,DKI Jakarta,1037,18,999,20,398084,384622,6466,6996
2021-04-18,DKI Jakarta,950,13,987,-50,399034,385609,6479,6946
2021-04-19,DKI Jakarta,973,14,971,-12,400007,386580,6493,6934
2021-04-20,DKI Jakarta,460,14,897,-451,400467,387477,6507,6483
2021-04-21,DKI Jakarta,602,12,573,17,401069,388050,6519,6500
2021-04-22,DKI Jakarta,1266,11,652,603,402335,388702,6530,7103
2021-04-23,DKI Jakarta,884,18,721,145,403219,389423,6548,7248
2021-04-24,DKI Jakarta,907,12,885,10,404126,390308,6560,7258
2021-04-25,DKI Jakarta,896,14,962,-80,405022,391270,6574,7178
2021-04-26,DKI Jakarta,748,14,1339,-605,405770,392609,6588,6573
2021-04-27,DKI Jakarta,394,17,600,-223,406164,393209,6605,6350
2021-04-28,DKI Jakarta,639,14,682,-57,406803,393891,6619,6293
2021-04-29,DKI Jakarta,987,23,480,484,407790,394371,6642,6777
2021-04-30,DKI Jakarta,789,4,539,246,408579,394910,6646,7023
2021-05-01,DKI Jakarta,926,15,793,118,409505,395703,6661,7141
2021-05-02,DKI Jakarta,854,10,984,-140,410359,396687,6671,7001
2021-05-03,DKI Jakarta,757,20,687,50,411116,397374,6691,7051
2021-05-04,DKI Jakarta,416,18,586,-188,411532,397960,6709,6863
2021-05-05,DKI Jakarta,845,12,687,146,412377,398647,6721,7009
2021-05-06,DKI Jakarta,906,21,566,319,413283,399213,6742,7328
2021-05-07,DKI Jakarta,783,20,595,168,414066,399808,6762,7496
2021-05-08,DKI Jakarta,732,26,584,122,414798,400392,6788,7618
2021-05-09,DKI Jakarta,809,16,690,103,415607,401082,6804,7721
2021-05-10,DKI Jakarta,694,22,607,65,416301,401689,6826,7786
2021-05-11,DKI Jakarta,406,20,667,-281,416707,402356,6846,7505
2021-05-12,DKI Jakarta,656,13,674,-31,417363,403030,6859,7474
2021-05-13,DKI Jakarta,785,15,585,185,418148,403615,6874,7659
2021-05-14,DKI Jakarta,632,16,547,69,418780,404162,6890,7728
2021-05-15,DKI Jakarta,227,15,573,-361,419007,404735,6905,7367
2021-05-16,DKI Jakarta,161,18,593,-450,419168,405328,6923,6917
2021-05-17,DKI Jakarta,421,25,0,396,419589,405328,6948,7313
2021-05-18,DKI Jakarta,219,15,194,10,419808,405522,6963,7323
2021-05-19,DKI Jakarta,611,19,197,395,420419,405719,6982,7718
2021-05-20,DKI Jakarta,895,20,96,779,421314,405815,7002,8497
2021-05-21,DKI Jakarta,856,16,100,740,422170,405915,7018,9237
2021-05-22,DKI Jakarta,932,12,397,523,423102,406312,7030,9760
2021-05-23,DKI Jakarta,867,12,340,515,423969,406652,7042,10275
2021-05-24,DKI Jakarta,819,10,302,507,424788,406954,7052,10782
2021-05-25,DKI Jakarta,384,14,506,-136,425172,407460,7066,10646
2021-05-26,DKI Jakarta,617,11,516,90,425789,407976,7077,10736
2021-05-27,DKI Jakarta,940,18,586,336,426729,408562,7095,11072
2021-05-28,DKI Jakarta,602,19,908,-325,427331,409470,7114,10747
2021-05-29,DKI Jakarta,898,12,998,-112,428229,410468,7126,10635
2021-05-30,DKI Jakarta,1064,13,1004,47,429293,411472,7139,10682
2021-05-31,DKI Jakarta,726,19,581,126,430019,412053,7158,10808
2021-06-01,DKI Jakarta,519,11,509,-1,430538,412562,7169,10807
2021-06-02,DKI Jakarta,602,20,587,-5,431140,413149,7189,10802
2021-06-03,DKI Jakarta,715,21,501,193,431855,413650,7210,10995
2021-06-04,DKI Jakarta,906,20,815,71,432761,414465,7230,11066
2021-06-05,DKI Jakarta,1317,22,828,467,434078,415293,7252,11533
2021-06-06,DKI Jakarta,1019,20,884,115,435097,416177,7272,11648
2021-06-07,DKI Jakarta,1197,20,874,303,436294,417051,7292,11951
2021-06-08,DKI Jakarta,755,20,948,-213,437049,417999,7312,11738
2021-06-09,DKI Jakarta,1376,14,1112,250,438425,419111,7326,11988
2021-06-10,DKI Jakarta,2091,25,1105,961,440516,420216,7351,12949
2021-06-11,DKI Jakarta,2293,21,1182,1090,442809,421398,7372,14039
2021-06-12,DKI Jakarta,2455,19,746,1690,445264,422144,7391,15729
2021-06-13,DKI Jakarta,2769,19,935,1815,448033,423079,7410,17544
2021-06-14,DKI Jakarta,2722,39,1034,1649,450755,424113,7449,19193
2021-06-15,DKI Jakarta,1502,20,1194,288,452257,425307,7469,19481
2021-06-16,DKI Jakarta,2376,34,1271,1071,454633,426578,7503,20552
2021-06-17,DKI Jakarta,4144,50,1877,2217,458777,428455,7553,22769
2021-06-18,DKI Jakarta,4737,66,2110,2561,463514,430565,7619,25330
2021-06-19,DKI Jakarta,4894,60,2443,2391,468408,433008,7679,27721
2021-06-20,DKI Jakarta,5582,69,2457,3056,473990,435465,7748,30777
2021-06-21,DKI Jakarta,5014,74,2835,2105,479004,438300,7822,32882
2021-06-22,DKI Jakarta,3221,59,3481,-319,482225,441781,7881,32563
2021-06-23,DKI Jakarta,4693,47,1191,3455,486918,442972,7928,36018
2021-06-24,DKI Jakarta,7505,49,2438,5018,494423,445410,7977,41036
2021-06-25,DKI Jakarta,6934,69,2571,4294,501357,447981,8046,45330
2021-06-26,DKI Jakarta,9271,51,2725,6495,510628,450706,8097,51825
2021-06-27,DKI Jakarta,9393,51,3505,5837,520021,454211,8148,57662
2021-06-28,DKI Jakarta,8348,80,3414,4854,528369,457625,8228,62516
2021-06-29,DKI Jakarta,7379,80,3505,3794,535748,461130,8308,66310
2021-06-30,DKI Jakarta,7680,71,3522,4087,543428,464652,8379,70397
2021-07-01,DKI Jakarta,7541,46,3527,3968,550969,468179,8425,74365
2021-07-02,DKI Jakarta,9399,70,5013,4316,560368,473192,8495,78681
2021-07-03,DKI Jakarta,9701,16,5682,4003,570069,478874,8511,82684
2021-07-04,DKI Jakarta,10485,66,5816,4603,580554,484690,8577,87287
2021-07-05,DKI Jakarta,10902,120,6597,4185,591456,491287,8697,91472
2021-07-06,DKI Jakarta,9439,137,6100,3202,600895,497387,8834,94674
2021-07-07,DKI Jakarta,9365,142,3655,5568,610260,501042,8976,100242
2021-07-08,DKI Jakarta,12974,136,10857,1981,623234,511899,9112,102223
2021-07-09,DKI Jakarta,13111,138,15022,-2049,636345,526921,9250,100174
2021-07-10,DKI Jakarta,12920,87,16839,-4006,649265,543760,9337,96168
2021-07-11,DKI Jakarta,13133,46,20602,-7515,662398,564362,9383,88653
2021-07-12,DKI Jakarta,14622,134,20478,-5990,677020,584840,9517,82663
2021-07-13,DKI Jakarta,12183,68,4571,7544,689203,589411,9585,90207
2021-07-14,DKI Jakarta,12669,63,3066,9540,701872,592477,9648,99747
2021-07-15,DKI Jakarta,12691,141,3034,9516,714563,595511,9789,109263
2021-07-16,DKI Jakarta,12416,132,8450,3834,726979,603961,9921,113097
2021-07-17,DKI Jakarta,10168,67,11613,-1512,737147,615574,9988,111585
2021-07-18,DKI Jakarta,9129,158,11857,-2886,746276,627431,10146,108699
2021-07-19,DKI Jakarta,5000,250,12674,-7924,751276,640105,10396,100775
2021-07-20,DKI Jakarta,6213,268,12071,-6126,757489,652176,10664,94649
2021-07-21,DKI Jakarta,5904,95,10546,-4737,763393,662722,10759,89912
2021-07-22,DKI Jakarta,7060,195,10631,-3766,770453,673353,10954,86146
2021-07-23,DKI Jakarta,8033,157,14500,-6624,778486,687853,11111,79522
2021-07-24,DKI Jakarta,8360,151,14528,-6319,786846,702381,11262,73203
2021-07-25,DKI Jakarta,5394,157,14228,-8991,792240,716609,11419,64212
2021-07-26,DKI Jakarta,2662,160,14653,-12151,794902,731262,11579,52061
2021-07-27,DKI Jakarta,3567,184,14850,-11467,798469,746112,11763,40594
2021-07-28,DKI Jakarta,5525,69,10940,-5484,803994,757052,11832,35110
2021-07-29,DKI Jakarta,3845,27,11425,-7607,807839,768477,11859,27503
2021-07-30,DKI Jakarta,3454,43,11151,-7740,811293,779628,11902,19763
2021-07-31,DKI Jakarta,3328,251,4963,-1886,814621,784591,12153,17877
2021-08-01,DKI Jakarta,2701,71,4596,-1966,817322,789187,12224,15911
2020-03-02,Jawa Barat,3,0,0,3,3,0,0,3
2020-03-03,Jawa Barat,1,1,0,0,4,0,1,3
2020-03-04,Jawa Barat,1,0,0,1,5,0,1,4
2020-03-05,Jawa Barat,1,0,0,1,6,0,1,5
2020-03-06,Jawa Barat,1,0,0,1,7,0,1,6
2020-03-07,Jawa Barat,0,0,0,0,7,0,1,6
2020-03-08,Jawa Barat,0,0,0,0,7,0,1,6
2020-03-09,Jawa Barat,0,0,0,0,7,0,1,6
2020-03-10,Jawa Barat,0,0,0,0,7,0,1,6
2020-03-11,Jawa Barat,0,1,0,-1,7,0,2,5
2020-03-12,Jawa Barat,1,0,0,1,8,0,2,6
2020-03-13,Jawa Barat,4,0,4,0,12,4,2,6
2020-03-14,Jawa Barat,0,0,0,0,12,4,2,6
2020-03-15,Jawa Barat,0,0,0,0,12,4,2,6
2020-03-16,Jawa Barat,1,0,0,1,13,4,2,7
2020-03-17,Jawa Barat,11,0,0,11,24,4,2,18
2020-03-18,Jawa Barat,5,1,1,3,29,5,3,21
2020-03-19,Jawa Barat,7,1,0,6,36,5,4,27
2020-03-20,Jawa Barat,20,3,0,17,56,5,7,44
2020-03-21,Jawa Barat,5,0,0,5,61,5,7,49
2020-03-22,Jawa Barat,3,3,0,0,64,5,10,49
2020-03-23,Jawa Barat,6,4,0,2,70,5,14,51
2020-03-24,Jawa Barat,2,2,1,-1,72,6,16,50
2020-03-25,Jawa Barat,5,0,1,4,77,7,16,54
2020-03-26,Jawa Barat,8,0,0,8,85,7,16,62
2020-03-27,Jawa Barat,27,4,0,23,112,7,20,85
2020-03-28,Jawa Barat,23,2,1,20,135,8,22,105
2020-03-29,Jawa Barat,33,2,1,30,168,9,24,135
2020-03-30,Jawa Barat,26,2,3,21,194,12,26,156
2020-03-31,Jawa Barat,9,0,3,6,203,15,26,162
2020-04-01,Jawa Barat,36,1,0,35,239,15,27,197
2020-04-02,Jawa Barat,24,4,1,19,263,16,31,216
2020-04-03,Jawa Barat,2,1,3,-2,265,19,32,214
2020-04-04,Jawa Barat,24,2,0,22,289,19,34,236
2020-04-05,Jawa Barat,10,0,1,9,299,20,34,245
2020-04-06,Jawa Barat,20,2,1,17,319,21,36,262
2020-04-07,Jawa Barat,79,2,3,74,398,24,38,336
2020-04-08,Jawa Barat,24,5,1,18,422,25,43,354
2020-04-09,Jawa Barat,22,5,1,16,444,26,48,370
2020-04-10,Jawa Barat,10,0,1,9,454,27,48,379
2020-04-11,Jawa Barat,45,1,1,43,499,28,49,422
2020-04-12,Jawa Barat,35,4,3,28,534,31,53,450
2020-04-13,Jawa Barat,76,10,3,63,610,34,63,513
2020-04-14,Jawa Barat,6,1,1,4,616,35,64,517
2020-04-15,Jawa Barat,38,3,1,34,654,36,67,551
2020-04-16,Jawa Barat,23,1,6,16,677,42,68,567
2020-04-17,Jawa Barat,61,3,16,42,738,58,71,609
2020-04-18,Jawa Barat,19,0,2,17,757,60,71,626
2020-04-19,Jawa Barat,54,1,12,41,811,72,72,667
2020-04-20,Jawa Barat,27,3,4,20,838,76,75,687
2020-04-21,Jawa Barat,19,5,19,-5,857,95,80,682
2020-04-22,Jawa Barat,8,3,3,2,865,98,83,684
2020-04-23,Jawa Barat,29,3,9,17,894,107,86,701
2020-04-24,Jawa Barat,74,2,3,69,968,110,88,770
2020-04-25,Jawa Barat,47,0,4,43,1015,114,88,813
2020-04-26,Jawa Barat,12,0,1,11,1027,115,88,824
2020-04-27,Jawa Barat,38,1,3,34,1065,118,89,858
2020-04-28,Jawa Barat,19,1,6,12,1084,124,90,870
2020-04-29,Jawa Barat,40,0,7,33,1124,131,90,903
2020-04-30,Jawa Barat,5,4,31,-30,1129,162,94,873
2020-05-01,Jawa Barat,4,5,3,-4,1133,165,99,869
2020-05-02,Jawa Barat,36,1,2,33,1169,167,100,902
2020-05-03,Jawa Barat,14,1,7,6,1183,174,101,908
2020-05-04,Jawa Barat,182,3,7,172,1365,181,104,1080
2020-05-05,Jawa Barat,52,1,10,41,1417,191,105,1121
2020-05-06,Jawa Barat,21,3,8,10,1438,199,108,1131
2020-05-07,Jawa Barat,53,0,6,47,1491,205,108,1178
2020-05-08,Jawa Barat,30,2,0,28,1521,205,110,1206
2020-05-09,Jawa Barat,29,3,19,7,1550,224,113,1213
2020-05-10,Jawa Barat,0,0,2,-2,1550,226,113,1211
2020-05-11,Jawa Barat,54,3,11,40,1604,237,116,1251
2020-05-12,Jawa Barat,54,0,4,50,1658,241,116,1301
2020-05-13,Jawa Barat,8,0,27,-19,1666,268,116,1282
2020-05-14,Jawa Barat,11,1,7,3,1677,275,117,1285
2020-05-15,Jawa Barat,33,1,18,14,1710,293,118,1299
2020-05-16,Jawa Barat,24,0,3,21,1734,296,118,1320
2020-05-17,Jawa Barat,32,3,57,-28,1766,353,121,1292
2020-05-18,Jawa Barat,22,9,74,-61,1788,427,130,1231
2020-05-19,Jawa Barat,24,1,14,9,1812,441,131,1240
2020-05-20,Jawa Barat,143,0,2,141,1955,443,131,1381
2020-05-21,Jawa Barat,68,0,11,57,2023,454,131,1438
2020-05-22,Jawa Barat,38,2,13,23,2061,467,133,1461
2020-05-23,Jawa Barat,55,2,40,13,2116,507,135,1474
2020-05-24,Jawa Barat,49,1,11,37,2165,518,136,1511
2020-05-25,Jawa Barat,18,0,4,14,2183,522,136,1525
2020-05-26,Jawa Barat,15,9,21,-15,2198,543,145,1510
2020-05-27,Jawa Barat,25,5,32,-12,2223,575,150,1498
2020-05-28,Jawa Barat,26,0,45,-19,2249,620,150,1479
2020-05-29,Jawa Barat,40,1,6,33,2289,626,151,1512
2020-05-30,Jawa Barat,20,2,32,-14,2309,658,153,1498
2020-05-31,Jawa Barat,38,0,8,30,2347,666,153,1528
2020-06-01,Jawa Barat,41,0,8,33,2388,674,153,1561
2020-06-02,Jawa Barat,18,7,36,-25,2406,710,160,1536
2020-06-03,Jawa Barat,4,3,55,-54,2410,765,163,1482
2020-06-04,Jawa Barat,8,1,20,-13,2418,785,164,1469
2020-06-05,Jawa Barat,15,3,47,-35,2433,832,167,1434
2020-06-06,Jawa Barat,13,0,16,-3,2446,848,167,1431
2020-06-07,Jawa Barat,34,0,106,-72,2480,954,167,1359
2020-06-08,Jawa Barat,24,3,68,-47,2504,1022,170,1312
2020-06-09,Jawa Barat,29,0,12,17,2533,1034,170,1329
2020-06-10,Jawa Barat,49,0,38,11,2582,1072,170,1340
2020-06-11,Jawa Barat,47,0,20,27,2629,1092,170,1367
2020-06-12,Jawa Barat,15,0,47,-32,2644,1139,170,1335
2020-06-13,Jawa Barat,12,0,36,-24,2656,1175,170,1311
2020-06-14,Jawa Barat,15,0,39,-24,2671,1214,170,1287
2020-06-15,Jawa Barat,24,1,7,16,2695,1221,171,1303
2020-06-16,Jawa Barat,37,0,12,25,2732,1233,171,1328
2020-06-17,Jawa Barat,43,7,28,8,2775,1261,178,1336
2020-06-18,Jawa Barat,51,2,54,-5,2826,1315,180,1331
2020-06-19,Jawa Barat,63,0,29,34,2889,1344,180,1365
2020-06-20,Jawa Barat,19,0,1,18,2908,1345,180,1383
2020-06-21,Jawa Barat,22,0,2,20,2930,1347,180,1403
2020-06-22,Jawa Barat,18,0,24,-6,2948,1371,180,1397
2020-06-23,Jawa Barat,32,0,30,2,2980,1401,180,1399
2020-06-24,Jawa Barat,46,0,8,38,3026,1409,180,1437
2020-06-25,Jawa Barat,41,2,57,-18,3067,1466,182,1419
2020-06-26,Jawa Barat,35,2,109,-76,3102,1575,184,1343
2020-06-27,Jawa Barat,49,0,14,35,3151,1589,184,1378
2020-06-28,Jawa Barat,26,0,9,17,3177,1598,184,1395
2020-06-29,Jawa Barat,42,0,3,39,3219,1601,184,1434
2020-06-30,Jawa Barat,75,1,84,-10,3294,1685,185,1424
2020-07-01,Jawa Barat,58,0,15,43,3352,1700,185,1467
2020-07-02,Jawa Barat,65,0,45,20,3417,1745,185,1487
2020-07-03,Jawa Barat,32,0,4,28,3449,1749,185,1515
2020-07-04,Jawa Barat,86,0,23,63,3535,1772,185,1578
2020-07-05,Jawa Barat,108,0,16,92,3643,1788,185,1670
2020-07-06,Jawa Barat,129,1,22,106,3772,1810,186,1776
2020-07-07,Jawa Barat,81,2,44,35,3853,1854,188,1811
2020-07-08,Jawa Barat,95,2,25,68,3948,1879,190,1879
2020-07-09,Jawa Barat,964,4,28,932,4912,1907,194,2811
2020-07-10,Jawa Barat,108,0,33,75,5020,1940,194,2886
2020-07-11,Jawa Barat,73,1,29,43,5093,1969,195,2929
2020-07-12,Jawa Barat,44,0,9,35,5137,1978,195,2964
2020-07-13,Jawa Barat,87,0,19,68,5224,1997,195,3032
2020-07-14,Jawa Barat,77,1,34,42,5301,2031,196,3074
2020-07-15,Jawa Barat,74,1,145,-72,5375,2176,197,3002
2020-07-16,Jawa Barat,40,0,18,22,5415,2194,197,3024
2020-07-17,Jawa Barat,51,1,33,17,5466,2227,198,3041
2020-07-18,Jawa Barat,58,1,18,39,5524,2245,199,3080
2020-07-19,Jawa Barat,24,0,4,20,5548,2249,199,3100
2020-07-20,Jawa Barat,59,0,96,-37,5607,2345,199,3063
2020-07-21,Jawa Barat,65,4,32,29,5672,2377,203,3092
2020-07-22,Jawa Barat,32,0,23,9,5704,2400,203,3101
2020-07-23,Jawa Barat,63,1,13,49,5767,2413,204,3150
2020-07-24,Jawa Barat,89,0,19,70,5856,2432,204,3220
2020-07-25,Jawa Barat,72,0,32,40,5928,2464,204,3260
2020-07-26,Jawa Barat,50,0,23,27,5978,2487,204,3287
2020-07-27,Jawa Barat,57,0,406,-349,6035,2893,204,2938
2020-07-28,Jawa Barat,132,0,606,-474,6167,3499,204,2464
2020-07-29,Jawa Barat,97,2,48,47,6264,3547,206,2511
2020-07-30,Jawa Barat,141,2,333,-194,6405,3880,208,2317
2020-07-31,Jawa Barat,69,0,17,52,6474,3897,208,2369
2020-08-01,Jawa Barat,59,0,19,40,6533,3916,208,2409
2020-08-02,Jawa Barat,57,0,7,50,6590,3923,208,2459
2020-08-03,Jawa Barat,53,0,47,6,6643,3970,208,2465
2020-08-04,Jawa Barat,93,5,170,-82,6736,4140,213,2383
2020-08-05,Jawa Barat,124,0,9,115,6860,4149,213,2498
2020-08-06,Jawa Barat,82,1,32,49,6942,4181,214,2547
2020-08-07,Jawa Barat,151,4,62,85,7093,4243,218,2632
2020-08-08,Jawa Barat,241,3,40,198,7334,4283,221,2830
2020-08-09,Jawa Barat,176,4,66,106,7510,4349,225,2936
2020-08-10,Jawa Barat,33,0,27,6,7543,4376,225,2942
2020-08-11,Jawa Barat,92,4,39,49,7635,4415,229,2991
2020-08-12,Jawa Barat,106,1,70,35,7741,4485,230,3026
2020-08-13,Jawa Barat,110,1,17,92,7851,4502,231,3118
2020-08-14,Jawa Barat,362,1,21,340,8213,4523,232,3458
2020-08-15,Jawa Barat,227,0,36,191,8440,4559,232,3649
2020-08-16,Jawa Barat,78,2,41,35,8518,4600,234,3684
2020-08-17,Jawa Barat,44,1,45,-2,8562,4645,235,3682
2020-08-18,Jawa Barat,45,0,18,27,8607,4663,235,3709
2020-08-19,Jawa Barat,103,5,50,48,8710,4713,240,3757
2020-08-20,Jawa Barat,197,2,72,123,8907,4785,242,3880
2020-08-21,Jawa Barat,93,8,119,-34,9000,4904,250,3846
2020-08-22,Jawa Barat,153,6,178,-31,9153,5082,256,3815
2020-08-23,Jawa Barat,68,1,507,-440,9221,5589,257,3375
2020-08-24,Jawa Barat,132,2,207,-77,9353,5796,259,3298
2020-08-25,Jawa Barat,256,1,6,249,9609,5802,260,3547
2020-08-26,Jawa Barat,176,0,30,146,9785,5832,260,3693
2020-08-27,Jawa Barat,153,0,89,64,9938,5921,260,3757
2020-08-28,Jawa Barat,557,2,64,491,10495,5985,262,4248
2020-08-29,Jawa Barat,285,0,8,277,10780,5993,262,4525
2020-08-30,Jawa Barat,101,0,25,76,10881,6018,262,4601
2020-08-31,Jawa Barat,146,8,57,81,11027,6075,270,4682
2020-09-01,Jawa Barat,213,1,47,165,11240,6122,271,4847
2020-09-02,Jawa Barat,202,1,138,63,11442,6260,272,4910
2020-09-03,Jawa Barat,236,4,30,202,11678,6290,276,5112
2020-09-04,Jawa Barat,381,1,83,297,12059,6373,277,5409
2020-09-05,Jawa Barat,218,0,45,173,12277,6418,277,5582
2020-09-06,Jawa Barat,171,0,53,118,12448,6471,277,5700
2020-09-07,Jawa Barat,202,0,88,114,12650,6559,277,5814
2020-09-08,Jawa Barat,333,2,76,255,12983,6635,279,6069
2020-09-09,Jawa Barat,284,4,47,233,13267,6682,283,6302
2020-09-10,Jawa Barat,333,0,111,222,13600,6793,283,6524
2020-09-11,Jawa Barat,271,7,285,-21,13871,7078,290,6503
2020-09-12,Jawa Barat,288,1,328,-41,14159,7406,291,6462
2020-09-13,Jawa Barat,161,5,192,-36,14320,7598,296,6426
2020-09-14,Jawa Barat,206,0,167,39,14526,7765,296,6465
2020-09-15,Jawa Barat,354,7,250,97,14880,8015,303,6562
2020-09-16,Jawa Barat,299,1,206,92,15179,8221,304,6654
2020-09-17,Jawa Barat,355,4,331,20,15534,8552,308,6674
2020-09-18,Jawa Barat,347,3,284,60,15881,8836,311,6734
2020-09-19,Jawa Barat,457,0,552,-95,16338,9388,311,6639
2020-09-20,Jawa Barat,423,6,402,15,16761,9790,317,6654
2020-09-21,Jawa Barat,689,2,249,438,17450,10039,319,7092
2020-09-22,Jawa Barat,600,10,594,-4,18050,10633,329,7088
2020-09-23,Jawa Barat,512,14,170,328,18562,10803,343,7416
2020-09-24,Jawa Barat,793,12,251,530,19355,11054,355,7946
2020-09-25,Jawa Barat,729,13,820,-104,20084,11874,368,7842
2020-09-26,Jawa Barat,391,16,621,-246,20475,12495,384,7596
2020-09-27,Jawa Barat,435,2,238,195,20910,12733,386,7791
2020-09-28,Jawa Barat,492,1,295,196,21402,13028,387,7987
2020-09-29,Jawa Barat,316,15,113,188,21718,13141,402,8175
2020-09-30,Jawa Barat,431,15,372,44,22149,13513,417,8219
2020-10-01,Jawa Barat,577,16,131,430,22726,13644,433,8649
2020-10-02,Jawa Barat,536,15,186,335,23262,13830,448,8984
2020-10-03,Jawa Barat,354,15,96,243,23616,13926,463,9227
2020-10-04,Jawa Barat,246,16,77,153,23862,14003,479,9380
2020-10-05,Jawa Barat,500,15,789,-304,24362,14792,494,9076
2020-10-06,Jawa Barat,508,17,205,286,24870,14997,511,9362
2020-10-07,Jawa Barat,751,13,505,233,25621,15502,524,9595
2020-10-08,Jawa Barat,591,4,325,262,26212,15827,528,9857
2020-10-09,Jawa Barat,499,2,550,-53,26711,16377,530,9804
2020-10-10,Jawa Barat,268,2,389,-123,26979,16766,532,9681
2020-10-11,Jawa Barat,206,0,551,-345,27185,17317,532,9336
2020-10-12,Jawa Barat,297,9,238,50,27482,17555,541,9386
2020-10-13,Jawa Barat,567,0,566,1,28049,18121,541,9387
2020-10-14,Jawa Barat,444,12,526,-94,28493,18647,553,9293
2020-10-15,Jawa Barat,599,9,312,278,29092,18959,562,9571
2020-10-16,Jawa Barat,426,0,384,42,29518,19343,562,9613
2020-10-17,Jawa Barat,503,0,440,63,30021,19783,562,9676
2020-10-18,Jawa Barat,211,0,346,-135,30232,20129,562,9541
2020-10-19,Jawa Barat,515,21,342,152,30747,20471,583,9693
2020-10-20,Jawa Barat,470,20,211,239,31217,20682,603,9932
2020-10-21,Jawa Barat,633,16,548,69,31850,21230,619,10001
2020-10-22,Jawa Barat,722,23,332,367,32572,21562,642,10368
2020-10-23,Jawa Barat,513,11,318,184,33085,21880,653,10552
2020-10-24,Jawa Barat,439,19,650,-230,33524,22530,672,10322
2020-10-25,Jawa Barat,356,11,462,-117,33880,22992,683,10205
2020-10-26,Jawa Barat,441,14,441,-14,34321,23433,697,10191
2020-10-27,Jawa Barat,395,14,556,-175,34716,23989,711,10016
2020-10-28,Jawa Barat,407,7,372,28,35123,24361,718,10044
2020-10-29,Jawa Barat,458,0,490,-32,35581,24851,718,10012
2020-10-30,Jawa Barat,321,4,350,-33,35902,25201,722,9979
2020-10-31,Jawa Barat,422,1,289,132,36324,25490,723,10111
2020-11-01,Jawa Barat,244,2,625,-383,36568,26115,725,9728
2020-11-02,Jawa Barat,334,11,385,-62,36902,26500,736,9666
2020-11-03,Jawa Barat,482,5,392,85,37384,26892,741,9751
2020-11-04,Jawa Barat,525,16,282,227,37909,27174,757,9978
2020-11-05,Jawa Barat,639,9,396,234,38548,27570,766,10212
2020-11-06,Jawa Barat,587,0,462,125,39135,28032,766,10337
2020-11-07,Jawa Barat,477,0,458,19,39612,28490,766,10356
2020-11-08,Jawa Barat,479,1,622,-144,40091,29112,767,10212
2020-11-09,Jawa Barat,330,3,914,-587,40421,30026,770,9625
2020-11-10,Jawa Barat,748,6,899,-157,41169,30925,776,9468
2020-11-11,Jawa Barat,668,5,435,228,41837,31360,781,9696
2020-11-12,Jawa Barat,734,21,627,86,42571,31987,802,9782
2020-11-13,Jawa Barat,800,5,396,399,43371,32383,807,10181
2020-11-14,Jawa Barat,808,2,474,332,44179,32857,809,10513
2020-11-15,Jawa Barat,308,0,995,-687,44487,33852,809,9826
2020-11-16,Jawa Barat,558,19,654,-115,45045,34506,828,9711
2020-11-17,Jawa Barat,646,23,906,-283,45691,35412,851,9428
2020-11-18,Jawa Barat,367,4,882,-519,46058,36294,855,8909
2020-11-19,Jawa Barat,397,8,636,-247,46455,36930,863,8662
2020-11-20,Jawa Barat,872,1,101,770,47327,37031,864,9432
2020-11-21,Jawa Barat,364,0,626,-262,47691,37657,864,9170
2020-11-22,Jawa Barat,374,0,153,221,48065,37810,864,9391
2020-11-23,Jawa Barat,602,0,922,-320,48667,38732,864,9071
2020-11-24,Jawa Barat,299,4,452,-157,48966,39184,868,8914
2020-11-25,Jawa Barat,741,7,716,18,49707,39900,875,8932
2020-11-26,Jawa Barat,775,4,831,-60,50482,40731,879,8872
2020-11-27,Jawa Barat,699,5,734,-40,51181,41465,884,8832
2020-11-28,Jawa Barat,367,5,996,-634,51548,42461,889,8198
2020-11-29,Jawa Barat,228,9,861,-642,51776,43322,898,7556
2020-11-30,Jawa Barat,741,12,723,6,52517,44045,910,7562
2020-12-01,Jawa Barat,878,12,845,21,53395,44890,922,7583
2020-12-02,Jawa Barat,764,4,334,426,54159,45224,926,8009
2020-12-03,Jawa Barat,1648,22,849,777,55807,46073,948,8786
2020-12-04,Jawa Barat,992,2,814,176,56799,46887,950,8962
2020-12-05,Jawa Barat,1086,2,591,493,57885,47478,952,9455
2020-12-06,Jawa Barat,1388,7,1203,178,59273,48681,959,9633
2020-12-07,Jawa Barat,1171,8,1214,-51,60444,49895,967,9582
2020-12-08,Jawa Barat,731,6,521,204,61175,50416,973,9786
2020-12-09,Jawa Barat,908,20,544,344,62083,50960,993,10130
2020-12-10,Jawa Barat,960,33,687,240,63043,51647,1026,10370
2020-12-11,Jawa Barat,1029,20,922,87,64072,52569,1046,10457
2020-12-12,Jawa Barat,1283,2,904,377,65355,53473,1048,10834
2020-12-13,Jawa Barat,855,5,624,226,66210,54097,1053,11060
2020-12-14,Jawa Barat,600,14,817,-231,66810,54914,1067,10829
2020-12-15,Jawa Barat,1256,6,1175,75,68066,56089,1073,10904
2020-12-16,Jawa Barat,1434,4,1013,417,69500,57102,1077,11321
2020-12-17,Jawa Barat,1277,13,897,367,70777,57999,1090,11688
2020-12-18,Jawa Barat,987,1,830,156,71764,58829,1091,11844
2020-12-19,Jawa Barat,1132,1,736,395,72896,59565,1092,12239
2020-12-20,Jawa Barat,1052,1,1186,-135,73948,60751,1093,12104
2020-12-21,Jawa Barat,716,4,628,84,74664,61379,1097,12188
2020-12-22,Jawa Barat,925,3,771,151,75589,62150,1100,12339
2020-12-23,Jawa Barat,903,2,940,-39,76492,63090,1102,12300
2020-12-24,Jawa Barat,702,10,516,176,77194,63606,1112,12476
2020-12-25,Jawa Barat,903,0,716,187,78097,64322,1112,12663
2020-12-26,Jawa Barat,601,0,676,-75,78698,64998,1112,12588
2020-12-27,Jawa Barat,892,43,1172,-323,79590,66170,1155,12265
2020-12-28,Jawa Barat,403,0,828,-425,79993,66998,1155,11840
2020-12-29,Jawa Barat,1329,2,1153,174,81322,68151,1157,12014
2020-12-30,Jawa Barat,1233,2,1180,51,82555,69331,1159,12065
2020-12-31,Jawa Barat,1024,11,1241,-228,83579,70572,1170,11837
2021-01-01,Jawa Barat,1504,3,1204,297,85083,71776,1173,12134
2021-01-02,Jawa Barat,1167,1,912,254,86250,72688,1174,12388
2021-01-03,Jawa Barat,1232,2,1114,116,87482,73802,1176,12504
2021-01-04,Jawa Barat,1079,2,1041,36,88561,74843,1178,12540
2021-01-05,Jawa Barat,1100,8,1081,11,89661,75924,1186,12551
2021-01-06,Jawa Barat,1470,11,1360,99,91131,77284,1197,12650
2021-01-07,Jawa Barat,1416,2,1203,211,92547,78487,1199,12861
2021-01-08,Jawa Barat,1823,4,911,908,94370,79398,1203,13769
2021-01-09,Jawa Barat,1731,6,1174,551,96101,80572,1209,14320
2021-01-10,Jawa Barat,1467,8,948,511,97568,81520,1217,14831
2021-01-11,Jawa Barat,1475,11,1059,405,99043,82579,1228,15236
2021-01-12,Jawa Barat,1540,15,958,567,100583,83537,1243,15803
2021-01-13,Jawa Barat,1755,11,1058,686,102338,84595,1254,16489
2021-01-14,Jawa Barat,2202,11,1348,843,104540,85943,1265,17332
2021-01-15,Jawa Barat,3095,27,1091,1977,107635,87034,1292,19309
2021-01-16,Jawa Barat,3460,42,2142,1276,111095,89176,1334,20585
2021-01-17,Jawa Barat,1491,11,1581,-101,112586,90757,1345,20484
2021-01-18,Jawa Barat,1486,28,1624,-166,114072,92381,1373,20318
2021-01-19,Jawa Barat,1684,24,1358,302,115756,93739,1397,20620
2021-01-20,Jawa Barat,1814,13,1484,317,117570,95223,1410,20937
2021-01-21,Jawa Barat,1228,73,1593,-438,118798,96816,1483,20499
2021-01-22,Jawa Barat,2441,8,1359,1074,121239,98175,1491,21573
2021-01-23,Jawa Barat,1809,16,2115,-322,123048,100290,1507,21251
2021-01-24,Jawa Barat,2328,8,1763,557,125376,102053,1515,21808
2021-01-25,Jawa Barat,2022,2,1232,788,127398,103285,1517,22596
2021-01-26,Jawa Barat,3925,13,2244,1668,131323,105529,1530,24264
2021-01-27,Jawa Barat,3198,105,1793,1300,134521,107322,1635,25564
2021-01-28,Jawa Barat,4534,163,2284,2087,139055,109606,1798,27651
2021-01-29,Jawa Barat,3834,5,2234,1595,142889,111840,1803,29246
2021-01-30,Jawa Barat,4601,28,2661,1912,147490,114501,1831,31158
2021-01-31,Jawa Barat,2848,62,2458,328,150338,116959,1893,31486
2021-02-01,Jawa Barat,2969,5,2538,426,153307,119497,1898,31912
2021-02-02,Jawa Barat,2068,78,2306,-316,155375,121803,1976,31596
2021-02-03,Jawa Barat,2241,10,1890,341,157616,123693,1986,31937
2021-02-04,Jawa Barat,2020,17,2360,-357,159636,126053,2003,31580
2021-02-05,Jawa Barat,2117,28,2674,-585,161753,128727,2031,30995
2021-02-06,Jawa Barat,3971,4,3114,853,165724,131841,2035,31848
2021-02-07,Jawa Barat,1987,2,2082,-97,167711,133923,2037,31751
2021-02-08,Jawa Barat,1498,12,3218,-1732,169209,137141,2049,30019
2021-02-09,Jawa Barat,776,17,2127,-1368,169985,139268,2066,28651
2021-02-10,Jawa Barat,661,16,1059,-414,170646,140327,2082,28237
2021-02-11,Jawa Barat,1060,18,1127,-85,171706,141454,2100,28152
2021-02-12,Jawa Barat,683,5,1577,-899,172389,143031,2105,27253
2021-02-13,Jawa Barat,1736,2,2482,-748,174125,145513,2107,26505
2021-02-14,Jawa Barat,881,6,1684,-809,175006,147197,2113,25696
2021-02-15,Jawa Barat,947,5,1265,-323,175953,148462,2118,25373
2021-02-16,Jawa Barat,4032,14,2100,1918,179985,150562,2132,27291
2021-02-17,Jawa Barat,4333,3,2690,1640,184318,153252,2135,28931
2021-02-18,Jawa Barat,4210,9,3338,863,188528,156590,2144,29794
2021-02-19,Jawa Barat,3846,25,2552,1269,192374,159142,2169,31063
2021-02-20,Jawa Barat,974,5,1525,-556,193348,160667,2174,30507
2021-02-21,Jawa Barat,1021,4,1600,-583,194369,162267,2178,29924
2021-02-22,Jawa Barat,3813,16,2826,971,198182,165093,2194,30895
2021-02-23,Jawa Barat,4334,23,2048,2263,202516,167141,2217,33158
2021-02-24,Jawa Barat,2192,7,1376,809,204708,168517,2224,33967
2021-02-25,Jawa Barat,2544,73,1086,1385,207252,169603,2297,35352
2021-02-26,Jawa Barat,2314,7,867,1440,209566,170470,2304,36792
2021-02-27,Jawa Barat,876,5,651,220,210442,171121,2309,37012
2021-02-28,Jawa Barat,771,51,535,185,211213,171656,2360,37197
2021-03-01,Jawa Barat,1662,4,1692,-34,212875,173348,2364,37163
2021-03-02,Jawa Barat,1654,49,2231,-626,214529,175579,2413,36537
2021-03-03,Jawa Barat,1895,49,2255,-409,216424,177834,2462,36128
2021-03-04,Jawa Barat,1731,45,1191,495,218155,179025,2507,36623
2021-03-05,Jawa Barat,1785,7,1686,92,219940,180711,2514,36715
2021-03-06,Jawa Barat,1094,1,1304,-211,221034,182015,2515,36504
2021-03-07,Jawa Barat,1365,2,538,825,222399,182553,2517,37329
2021-03-08,Jawa Barat,1739,72,1940,-273,224138,184493,2589,37056
2021-03-09,Jawa Barat,1787,50,1005,732,225925,185498,2639,37788
2021-03-10,Jawa Barat,1570,24,1239,307,227495,186737,2663,38095
2021-03-11,Jawa Barat,781,6,4212,-3437,228276,190949,2669,34658
2021-03-12,Jawa Barat,1357,43,2495,-1181,229633,193444,2712,33477
2021-03-13,Jawa Barat,925,2,1587,-664,230558,195031,2714,32813
2021-03-14,Jawa Barat,1133,6,944,183,231691,195975,2720,32996
2021-03-15,Jawa Barat,1334,20,1562,-248,233025,197537,2740,32748
2021-03-16,Jawa Barat,1617,35,2142,-560,234642,199679,2775,32188
2021-03-17,Jawa Barat,1347,36,4155,-2844,235989,203834,2811,29344
2021-03-18,Jawa Barat,1261,44,1185,32,237250,205019,2855,29376
2021-03-19,Jawa Barat,1361,34,957,370,238611,205976,2889,29746
2021-03-20,Jawa Barat,822,7,1711,-896,239433,207687,2896,28850
2021-03-21,Jawa Barat,517,21,1323,-827,239950,209010,2917,28023
2021-03-22,Jawa Barat,1253,48,1062,143,241203,210072,2965,28166
2021-03-23,Jawa Barat,1216,41,1391,-216,242419,211463,3006,27950
2021-03-24,Jawa Barat,1329,7,2466,-1144,243748,213929,3013,26806
2021-03-25,Jawa Barat,1172,12,1146,14,244920,215075,3025,26820
2021-03-26,Jawa Barat,855,1,1494,-640,245775,216569,3026,26180
2021-03-27,Jawa Barat,476,102,1181,-807,246251,217750,3128,25373
2021-03-28,Jawa Barat,534,7,836,-309,246785,218586,3135,25064
2021-03-29,Jawa Barat,1610,6,1368,236,248395,219954,3141,25300
2021-03-30,Jawa Barat,911,8,1038,-135,249306,220992,3149,25165
2021-03-31,Jawa Barat,975,6,724,245,250281,221716,3155,25410
2021-04-01,Jawa Barat,904,75,1156,-327,251185,222872,3230,25083
2021-04-02,Jawa Barat,661,5,482,174,251846,223354,3235,25257
2021-04-03,Jawa Barat,360,5,389,-34,252206,223743,3240,25223
2021-04-04,Jawa Barat,338,4,294,40,252544,224037,3244,25263
2021-04-05,Jawa Barat,910,5,689,216,253454,224726,3249,25479
2021-04-06,Jawa Barat,963,68,647,248,254417,225373,3317,25727
2021-04-07,Jawa Barat,811,2,725,84,255228,226098,3319,25811
2021-04-08,Jawa Barat,673,13,1180,-520,255901,227278,3332,25291
2021-04-09,Jawa Barat,931,22,451,458,256832,227729,3354,25749
2021-04-10,Jawa Barat,997,7,475,515,257829,228204,3361,26264
2021-04-11,Jawa Barat,747,5,665,77,258576,228869,3366,26341
2021-04-12,Jawa Barat,1470,25,362,1083,260046,229231,3391,27424
2021-04-13,Jawa Barat,1456,23,1116,317,261502,230347,3414,27741
2021-04-14,Jawa Barat,1568,17,637,914,263070,230984,3431,28655
2021-04-15,Jawa Barat,1216,42,1351,-177,264286,232335,3473,28478
2021-04-16,Jawa Barat,998,5,612,381,265284,232947,3478,28859
2021-04-17,Jawa Barat,832,9,696,127,266116,233643,3487,28986
2021-04-18,Jawa Barat,769,9,407,353,266885,234050,3496,29339
2021-04-19,Jawa Barat,1422,8,854,560,268307,234904,3504,29899
2021-04-20,Jawa Barat,1399,15,649,735,269706,235553,3519,30634
2021-04-21,Jawa Barat,1004,44,2306,-1346,270710,237859,3563,29288
2021-04-22,Jawa Barat,1358,28,1336,-6,272068,239195,3591,29282
2021-04-23,Jawa Barat,1066,23,1031,12,273134,240226,3614,29294
2021-04-24,Jawa Barat,630,23,989,-382,273764,241215,3637,28912
2021-04-25,Jawa Barat,683,7,396,280,274447,241611,3644,29192
2021-04-26,Jawa Barat,1941,16,835,1090,276388,242446,3660,30282
2021-04-27,Jawa Barat,1164,17,845,302,277552,243291,3677,30584
2021-04-28,Jawa Barat,1354,14,1032,308,278906,244323,3691,30892
2021-04-29,Jawa Barat,1119,25,1146,-52,280025,245469,3716,30840
2021-04-30,Jawa Barat,1179,29,1178,-28,281204,246647,3745,30812
2021-05-01,Jawa Barat,754,5,760,-11,281958,247407,3750,30801
2021-05-02,Jawa Barat,672,7,479,186,282630,247886,3757,30987
2021-05-03,Jawa Barat,1292,16,944,332,283922,248830,3773,31319
2021-05-04,Jawa Barat,912,24,1380,-492,284834,250210,3797,30827
2021-05-05,Jawa Barat,995,25,1288,-318,285829,251498,3822,30509
2021-05-06,Jawa Barat,1038,6,1592,-560,286867,253090,3828,29949
2021-05-07,Jawa Barat,1953,35,1319,599,288820,254409,3863,30548
2021-05-08,Jawa Barat,2209,4,1957,248,291029,256366,3867,30796
2021-05-09,Jawa Barat,492,8,553,-69,291521,256919,3875,30727
2021-05-10,Jawa Barat,1070,16,2215,-1161,292591,259134,3891,29566
2021-05-11,Jawa Barat,1373,18,1073,282,293964,260207,3909,29848
2021-05-12,Jawa Barat,814,22,769,23,294778,260976,3931,29871
2021-05-13,Jawa Barat,400,10,602,-212,295178,261578,3941,29659
2021-05-14,Jawa Barat,610,2,676,-68,295788,262254,3943,29591
2021-05-15,Jawa Barat,723,9,591,123,296511,262845,3952,29714
2021-05-16,Jawa Barat,792,6,422,364,297303,263267,3958,30078
2021-05-17,Jawa Barat,1361,26,1143,192,298664,264410,3984,30270
2021-05-18,Jawa Barat,1119,39,1602,-522,299783,266012,4023,29748
2021-05-19,Jawa Barat,1219,8,1519,-308,301002,267531,4031,29440
2021-05-20,Jawa Barat,1332,14,1323,-5,302334,268854,4045,29435
2021-05-21,Jawa Barat,1085,16,1482,-413,303419,270336,4061,29022
2021-05-22,Jawa Barat,997,15,637,345,304416,270973,4076,29367
2021-05-23,Jawa Barat,970,6,709,255,305386,271682,4082,29622
2021-05-24,Jawa Barat,1420,19,1449,-48,306806,273131,4101,29574
2021-05-25,Jawa Barat,1024,13,1017,-6,307830,274148,4114,29568
2021-05-26,Jawa Barat,660,10,661,-11,308490,274809,4124,29557
2021-05-27,Jawa Barat,1370,15,1056,299,309860,275865,4139,29856
2021-05-28,Jawa Barat,1206,18,920,268,311066,276785,4157,30124
2021-05-29,Jawa Barat,927,7,891,29,311993,277676,4164,30153
2021-05-30,Jawa Barat,640,10,481,149,312633,278157,4174,30302
2021-05-31,Jawa Barat,1316,24,1205,87,313949,279362,4198,30389
2021-06-01,Jawa Barat,892,10,2039,-1157,314841,281401,4208,29232
2021-06-02,Jawa Barat,930,22,2875,-1967,315771,284276,4230,27265
2021-06-03,Jawa Barat,1176,26,7632,-6482,316947,291908,4256,20783
2021-06-04,Jawa Barat,952,22,1736,-806,317899,293644,4278,19977
2021-06-05,Jawa Barat,993,16,701,276,318892,294345,4294,20253
2021-06-06,Jawa Barat,870,15,356,499,319762,294701,4309,20752
2021-06-07,Jawa Barat,1790,22,974,794,321552,295675,4331,21546
2021-06-08,Jawa Barat,1073,26,999,48,322625,296674,4357,21594
2021-06-09,Jawa Barat,1562,11,849,702,324187,297523,4368,22296
2021-06-10,Jawa Barat,1334,19,1259,56,325521,298782,4387,22352
2021-06-11,Jawa Barat,1302,14,1460,-172,326823,300242,4401,22180
2021-06-12,Jawa Barat,876,12,768,96,327699,301010,4413,22276
2021-06-13,Jawa Barat,1243,9,711,523,328942,301721,4422,22799
2021-06-14,Jawa Barat,1532,16,1757,-241,330474,303478,4438,22558
2021-06-15,Jawa Barat,1793,11,1286,496,332267,304764,4449,23054
2021-06-16,Jawa Barat,2599,15,1511,1073,334866,306275,4464,24127
2021-06-17,Jawa Barat,2800,17,1105,1678,337666,307380,4481,25805
2021-06-18,Jawa Barat,2791,48,1299,1444,340457,308679,4529,27249
2021-06-19,Jawa Barat,2104,15,1045,1044,342561,309724,4544,28293
2021-06-20,Jawa Barat,2009,62,1006,941,344570,310730,4606,29234
2021-06-21,Jawa Barat,2719,28,1252,1439,347289,311982,4634,30673
2021-06-22,Jawa Barat,3432,69,995,2368,350721,312977,4703,33041
2021-06-23,Jawa Barat,2911,38,1044,1829,353632,314021,4741,34870
2021-06-24,Jawa Barat,3053,84,1667,1302,356685,315688,4825,36172
2021-06-25,Jawa Barat,3846,84,1260,2502,360531,316948,4909,38674
2021-06-26,Jawa Barat,3787,75,1196,2516,364318,318144,4984,41190
2021-06-27,Jawa Barat,3988,94,1261,2633,368306,319405,5078,43823
2021-06-28,Jawa Barat,4771,73,1190,3508,373077,320595,5151,47331
2021-06-29,Jawa Barat,3908,112,1140,2656,376985,321735,5263,49987
2021-06-30,Jawa Barat,4473,91,2207,2175,381458,323942,5354,52162
2021-07-01,Jawa Barat,6179,64,1298,4817,387637,325240,5418,56979
2021-07-02,Jawa Barat,4920,37,1594,3289,392557,326834,5455,60268
2021-07-03,Jawa Barat,5393,37,2275,3081,397950,329109,5492,63349
2021-07-04,Jawa Barat,4458,66,2124,2268,402408,331233,5558,65617
2021-07-05,Jawa Barat,6971,38,1666,5267,409379,332899,5596,70884
2021-07-06,Jawa Barat,7239,49,3523,3667,416618,336422,5645,74551
2021-07-07,Jawa Barat,8591,68,3719,4804,425209,340141,5713,79355
2021-07-08,Jawa Barat,7772,136,3257,4379,432981,343398,5849,83734
2021-07-09,Jawa Barat,7401,160,4968,2273,440382,348366,6009,86007
2021-07-10,Jawa Barat,4926,165,3995,766,445308,352361,6174,86773
2021-07-11,Jawa Barat,6704,271,3618,2815,452012,355979,6445,89588
2021-07-12,Jawa Barat,7939,171,4447,3321,459951,360426,6616,92909
2021-07-13,Jawa Barat,7193,144,4174,2875,467144,364600,6760,95784
2021-07-14,Jawa Barat,10444,142,4118,6184,477588,368718,6902,101968
2021-07-15,Jawa Barat,11099,126,5130,5843,488687,373848,7028,107811
2021-07-16,Jawa Barat,10729,137,7338,3254,499416,381186,7165,111065
2021-07-17,Jawa Barat,9399,84,4888,4427,508815,386074,7249,115492
2021-07-18,Jawa Barat,7776,91,3937,3748,516591,390011,7340,119240
2021-07-19,Jawa Barat,7288,82,5218,1988,523879,395229,7422,121228
2021-07-20,Jawa Barat,6928,70,3064,3794,530807,398293,7492,125022
2021-07-21,Jawa Barat,5950,119,6895,-1064,536757,405188,7611,123958
2021-07-22,Jawa Barat,10499,141,7311,3047,547256,412499,7752,127005
2021-07-23,Jawa Barat,8925,156,6888,1881,556181,419387,7908,128886
2021-07-24,Jawa Barat,7587,115,6795,677,563768,426182,8023,129563
2021-07-25,Jawa Barat,5302,123,5141,38,569070,431323,8146,129601
2021-07-26,Jawa Barat,4368,226,4887,-745,573438,436210,8372,128856
2021-07-27,Jawa Barat,8589,309,9338,-1058,582027,445548,8681,127798
2021-07-28,Jawa Barat,8366,205,8068,93,590393,453616,8886,127891
2021-07-29,Jawa Barat,7519,210,7845,-536,597912,461461,9096,127355
2021-07-30,Jawa Barat,6912,88,7437,-613,604824,468898,9184,126742
2021-07-31,Jawa Barat,4204,179,6938,-2913,609028,475836,9363,123829
2021-08-01,Jawa Barat,2769,189,3441,-861,611797,479277,9552,122968
2020-03-08,Jawa Tengah,1,1,0,0,1,0,1,0
2020-03-09,Jawa Tengah,0,0,0,0,1,0,1,0
2020-03-10,Jawa Tengah,0,0,0,0,1,0,1,0
2020-03-11,Jawa Tengah,2,1,1,0,3,1,2,0
2020-03-12,Jawa Tengah,0,0,0,0,3,1,2,0
2020-03-13,Jawa Tengah,0,0,0,0,3,1,2,0
2020-03-14,Jawa Tengah,2,0,1,1,5,2,2,1
2020-03-15,Jawa Tengah,1,0,1,0,6,3,2,1
2020-03-16,Jawa Tengah,1,0,0,1,7,3,2,2
2020-03-17,Jawa Tengah,1,0,1,0,8,4,2,2
2020-03-18,Jawa Tengah,3,1,0,2,11,4,3,4
2020-03-19,Jawa Tengah,2,0,0,2,13,4,3,6
2020-03-20,Jawa Tengah,3,0,1,2,16,5,3,8
2020-03-21,Jawa Tengah,1,1,0,0,17,5,4,8
2020-03-22,Jawa Tengah,1,0,1,0,18,6,4,8
2020-03-23,Jawa Tengah,3,0,0,3,21,6,4,11
2020-03-24,Jawa Tengah,3,1,1,1,24,7,5,12
2020-03-25,Jawa Tengah,21,1,1,19,45,8,6,31
2020-03-26,Jawa Tengah,4,0,1,3,49,9,6,34
2020-03-27,Jawa Tengah,8,1,1,6,57,10,7,40
2020-03-28,Jawa Tengah,15,2,2,11,72,12,9,51
2020-03-29,Jawa Tengah,10,3,0,7,82,12,12,58
2020-03-30,Jawa Tengah,17,1,1,15,99,13,13,73
2020-03-31,Jawa Tengah,15,2,0,13,114,13,15,86
2020-04-01,Jawa Tengah,19,8,16,-5,133,29,23,81
2020-04-02,Jawa Tengah,4,2,2,0,137,31,25,81
2020-04-03,Jawa Tengah,19,1,5,13,156,36,26,94
2020-04-04,Jawa Tengah,14,1,3,10,170,39,27,104
2020-04-05,Jawa Tengah,3,0,0,3,173,39,27,107
2020-04-06,Jawa Tengah,18,5,1,12,191,40,32,119
2020-04-07,Jawa Tengah,9,0,0,9,200,40,32,128
2020-04-08,Jawa Tengah,14,3,2,9,214,42,35,137
2020-04-09,Jawa Tengah,12,1,5,6,226,47,36,143
2020-04-10,Jawa Tengah,2,0,0,2,228,47,36,145
2020-04-11,Jawa Tengah,7,1,0,6,235,47,37,151
2020-04-12,Jawa Tengah,61,1,1,59,296,48,38,210
2020-04-13,Jawa Tengah,13,1,3,9,309,51,39,219
2020-04-14,Jawa Tengah,81,1,3,77,390,54,40,296
2020-04-15,Jawa Tengah,27,3,2,22,417,56,43,318
2020-04-16,Jawa Tengah,15,3,4,8,432,60,46,326
2020-04-17,Jawa Tengah,14,4,16,-6,446,76,50,320
2020-04-18,Jawa Tengah,38,0,7,31,484,83,50,351
2020-04-19,Jawa Tengah,24,2,0,22,508,83,52,373
2020-04-20,Jawa Tengah,7,2,6,-1,515,89,54,372
2020-04-21,Jawa Tengah,104,1,2,101,619,91,55,473
2020-04-22,Jawa Tengah,40,2,10,28,659,101,57,501
2020-04-23,Jawa Tengah,68,2,10,56,727,111,59,557
2020-04-24,Jawa Tengah,41,4,4,33,768,115,63,590
2020-04-25,Jawa Tengah,52,2,11,39,820,126,65,629
2020-04-26,Jawa Tengah,38,0,3,35,858,129,65,664
2020-04-27,Jawa Tengah,22,2,13,7,880,142,67,671
2020-04-28,Jawa Tengah,22,1,13,8,902,155,68,679
2020-04-29,Jawa Tengah,41,3,8,30,943,163,71,709
2020-04-30,Jawa Tengah,19,1,13,5,962,176,72,714
2020-05-01,Jawa Tengah,28,3,11,14,990,187,75,728
2020-05-02,Jawa Tengah,27,1,10,16,1017,197,76,744
2020-05-03,Jawa Tengah,16,1,11,4,1033,208,77,748
2020-05-04,Jawa Tengah,27,0,10,17,1060,218,77,765
2020-05-05,Jawa Tengah,51,0,22,29,1111,240,77,794
2020-05-06,Jawa Tengah,54,1,35,18,1165,275,78,812
2020-05-07,Jawa Tengah,15,1,23,-9,1180,298,79,803
2020-05-08,Jawa Tengah,45,0,39,6,1225,337,79,809
2020-05-09,Jawa Tengah,31,2,17,12,1256,354,81,821
2020-05-10,Jawa Tengah,23,1,6,16,1279,360,82,837
2020-05-11,Jawa Tengah,3,0,6,-3,1282,366,82,834
2020-05-12,Jawa Tengah,18,2,5,11,1300,371,84,845
2020-05-13,Jawa Tengah,36,0,7,29,1336,378,84,874
2020-05-14,Jawa Tengah,59,1,9,49,1395,387,85,923
2020-05-15,Jawa Tengah,48,0,10,38,1443,397,85,961
2020-05-16,Jawa Tengah,43,1,8,34,1486,405,86,995
2020-05-17,Jawa Tengah,25,0,5,20,1511,410,86,1015
2020-05-18,Jawa Tengah,15,2,9,4,1526,419,88,1019
2020-05-19,Jawa Tengah,25,0,14,11,1551,433,88,1030
2020-05-20,Jawa Tengah,25,0,9,16,1576,442,88,1046
2020-05-21,Jawa Tengah,28,0,10,18,1604,452,88,1064
2020-05-22,Jawa Tengah,33,0,10,23,1637,462,88,1087
2020-05-23,Jawa Tengah,69,0,15,54,1706,477,88,1141
2020-05-24,Jawa Tengah,24,0,5,19,1730,482,88,1160
2020-05-25,Jawa Tengah,10,0,3,7,1740,485,88,1167
2020-05-26,Jawa Tengah,10,0,28,-18,1750,513,88,1149
2020-05-27,Jawa Tengah,17,1,1,15,1767,514,89,1164
2020-05-28,Jawa Tengah,17,1,7,9,1784,521,90,1173
2020-05-29,Jawa Tengah,19,1,65,-47,1803,586,91,1126
2020-05-30,Jawa Tengah,29,0,27,2,1832,613,91,1128
2020-05-31,Jawa Tengah,45,0,10,35,1877,623,91,1163
2020-06-01,Jawa Tengah,27,2,11,14,1904,634,93,1177
2020-06-02,Jawa Tengah,36,0,13,23,1940,647,93,1200
2020-06-03,Jawa Tengah,40,4,11,25,1980,658,97,1225
2020-06-04,Jawa Tengah,46,4,16,26,2026,674,101,1251
2020-06-05,Jawa Tengah,77,9,42,26,2103,716,110,1277
2020-06-06,Jawa Tengah,63,2,22,39,2166,738,112,1316
2020-06-07,Jawa Tengah,82,22,17,43,2248,755,134,1359
2020-06-08,Jawa Tengah,100,5,53,42,2348,808,139,1401
2020-06-09,Jawa Tengah,54,7,89,-42,2402,897,146,1359
2020-06-10,Jawa Tengah,175,4,128,43,2577,1025,150,1402
2020-06-11,Jawa Tengah,63,4,17,42,2640,1042,154,1444
2020-06-12,Jawa Tengah,59,1,54,4,2699,1096,155,1448
2020-06-13,Jawa Tengah,101,3,37,61,2800,1133,158,1509
2020-06-14,Jawa Tengah,128,7,27,94,2928,1160,165,1603
2020-06-15,Jawa Tengah,149,21,49,79,3077,1209,186,1682
2020-06-16,Jawa Tengah,83,6,23,54,3160,1232,192,1736
2020-06-17,Jawa Tengah,144,8,79,57,3304,1311,200,1793
2020-06-18,Jawa Tengah,83,14,39,30,3387,1350,214,1823
2020-06-19,Jawa Tengah,119,14,37,68,3506,1387,228,1891
2020-06-20,Jawa Tengah,151,2,37,112,3657,1424,230,2003
2020-06-21,Jawa Tengah,130,2,36,92,3787,1460,232,2095
2020-06-22,Jawa Tengah,88,7,43,38,3875,1503,239,2133
2020-06-23,Jawa Tengah,100,8,64,28,3975,1567,247,2161
2020-06-24,Jawa Tengah,122,6,32,84,4097,1599,253,2245
2020-06-25,Jawa Tengah,145,3,35,107,4242,1634,256,2352
2020-06-26,Jawa Tengah,241,7,59,175,4483,1693,263,2527
2020-06-27,Jawa Tengah,238,5,44,189,4721,1737,268,2716
2020-06-28,Jawa Tengah,208,3,32,173,4929,1769,271,2889
2020-06-29,Jawa Tengah,250,3,85,162,5179,1854,274,3051
2020-06-30,Jawa Tengah,201,32,176,-7,5380,2030,306,3044
2020-07-01,Jawa Tengah,220,3,119,98,5600,2149,309,3142
2020-07-02,Jawa Tengah,194,4,35,155,5794,2184,313,3297
2020-07-03,Jawa Tengah,166,15,104,47,5960,2288,328,3344
2020-07-04,Jawa Tengah,145,25,134,-14,6105,2422,353,3330
2020-07-05,Jawa Tengah,235,20,38,177,6340,2460,373,3507
2020-07-06,Jawa Tengah,217,28,84,105,6557,2544,401,3612
2020-07-07,Jawa Tengah,202,6,99,97,6759,2643,407,3709
2020-07-08,Jawa Tengah,247,18,121,108,7006,2764,425,3817
2020-07-09,Jawa Tengah,179,5,39,135,7185,2803,430,3952
2020-07-10,Jawa Tengah,153,22,199,-68,7338,3002,452,3884
2020-07-11,Jawa Tengah,170,7,24,139,7508,3026,459,4023
2020-07-12,Jawa Tengah,121,18,27,76,7629,3053,477,4099
2020-07-13,Jawa Tengah,165,9,46,110,7794,3099,486,4209
2020-07-14,Jawa Tengah,138,7,38,93,7932,3137,493,4302
2020-07-15,Jawa Tengah,355,10,112,233,8287,3249,503,4535
2020-07-16,Jawa Tengah,303,8,252,43,8590,3501,511,4578
2020-07-17,Jawa Tengah,320,7,224,89,8910,3725,518,4667
2020-07-18,Jawa Tengah,325,6,290,29,9235,4015,524,4696
2020-07-19,Jawa Tengah,361,34,424,-97,9596,4439,558,4599
2020-07-20,Jawa Tengah,408,42,316,50,10004,4755,600,4649
2020-07-21,Jawa Tengah,193,23,211,-41,10197,4966,623,4608
2020-07-22,Jawa Tengah,384,76,215,93,10581,5181,699,4701
2020-07-23,Jawa Tengah,339,73,240,26,10920,5421,772,4727
2020-07-24,Jawa Tengah,160,48,137,-25,11080,5558,820,4702
2020-07-25,Jawa Tengah,220,16,177,27,11300,5735,836,4729
2020-07-26,Jawa Tengah,94,15,176,-97,11394,5911,851,4632
2020-07-27,Jawa Tengah,210,4,223,-17,11604,6134,855,4615
2020-07-28,Jawa Tengah,185,15,360,-190,11789,6494,870,4425
2020-07-29,Jawa Tengah,313,20,319,-26,12102,6813,890,4399
2020-07-30,Jawa Tengah,163,19,409,-265,12265,7222,909,4134
2020-07-31,Jawa Tengah,235,8,95,132,12500,7317,917,4266
2020-08-01,Jawa Tengah,142,16,335,-209,12642,7652,933,4057
2020-08-02,Jawa Tengah,73,25,147,-99,12715,7799,958,3958
2020-08-03,Jawa Tengah,96,3,174,-81,12811,7973,961,3877
2020-08-04,Jawa Tengah,60,1,142,-83,12871,8115,962,3794
2020-08-05,Jawa Tengah,148,15,195,-62,13019,8310,977,3732
2020-08-06,Jawa Tengah,116,20,217,-121,13135,8527,997,3611
2020-08-07,Jawa Tengah,232,8,212,12,13367,8739,1005,3623
2020-08-08,Jawa Tengah,86,12,78,-4,13453,8817,1017,3619
2020-08-09,Jawa Tengah,140,3,68,69,13593,8885,1020,3688
2020-08-10,Jawa Tengah,67,6,176,-115,13660,9061,1026,3573
2020-08-11,Jawa Tengah,86,3,133,-50,13746,9194,1029,3523
2020-08-12,Jawa Tengah,179,20,137,22,13925,9331,1049,3545
2020-08-13,Jawa Tengah,204,14,117,73,14129,9448,1063,3618
2020-08-14,Jawa Tengah,192,11,63,118,14321,9511,1074,3736
2020-08-15,Jawa Tengah,131,5,63,63,14452,9574,1079,3799
2020-08-16,Jawa Tengah,168,7,62,99,14620,9636,1086,3898
2020-08-17,Jawa Tengah,36,5,43,-12,14656,9679,1091,3886
2020-08-18,Jawa Tengah,118,12,100,6,14774,9779,1103,3892
2020-08-19,Jawa Tengah,134,8,145,-19,14908,9924,1111,3873
2020-08-20,Jawa Tengah,172,4,135,33,15080,10059,1115,3906
2020-08-21,Jawa Tengah,94,5,101,-12,15174,10160,1120,3894
2020-08-22,Jawa Tengah,104,16,151,-63,15278,10311,1136,3831
2020-08-23,Jawa Tengah,188,12,68,108,15466,10379,1148,3939
2020-08-24,Jawa Tengah,152,4,103,45,15618,10482,1152,3984
2020-08-25,Jawa Tengah,198,25,123,50,15816,10605,1177,4034
2020-08-26,Jawa Tengah,148,30,164,-46,15964,10769,1207,3988
2020-08-27,Jawa Tengah,251,33,218,0,16215,10987,1240,3988
2020-08-28,Jawa Tengah,241,28,121,92,16456,11108,1268,4080
2020-08-29,Jawa Tengah,178,10,90,78,16634,11198,1278,4158
2020-08-30,Jawa Tengah,138,15,94,29,16772,11292,1293,4187
2020-08-31,Jawa Tengah,179,9,111,59,16951,11403,1302,4246
2020-09-01,Jawa Tengah,201,14,130,57,17152,11533,1316,4303
2020-09-02,Jawa Tengah,265,32,369,-136,17417,11902,1348,4167
2020-09-03,Jawa Tengah,242,18,141,83,17659,12043,1366,4250
2020-09-04,Jawa Tengah,190,5,122,63,17849,12165,1371,4313
2020-09-05,Jawa Tengah,259,10,282,-33,18108,12447,1381,4280
2020-09-06,Jawa Tengah,232,8,184,40,18340,12631,1389,4320
2020-09-07,Jawa Tengah,265,6,163,96,18605,12794,1395,4416
2020-09-08,Jawa Tengah,242,6,152,84,18847,12946,1401,4500
2020-09-09,Jawa Tengah,281,11,165,105,19128,13111,1412,4605
2020-09-10,Jawa Tengah,373,19,132,222,19501,13243,1431,4827
2020-09-11,Jawa Tengah,566,5,194,367,20067,13437,1436,5194
2020-09-12,Jawa Tengah,385,10,151,224,20452,13588,1446,5418
2020-09-13,Jawa Tengah,281,6,107,168,20733,13695,1452,5586
2020-09-14,Jawa Tengah,171,8,240,-77,20904,13935,1460,5509
2020-09-15,Jawa Tengah,198,12,186,0,21102,14121,1472,5509
2020-09-16,Jawa Tengah,339,14,123,202,21441,14244,1486,5711
2020-09-17,Jawa Tengah,290,17,228,45,21731,14472,1503,5756
2020-09-18,Jawa Tengah,199,9,412,-222,21930,14884,1512,5534
2020-09-19,Jawa Tengah,272,40,399,-167,22202,15283,1552,5367
2020-09-20,Jawa Tengah,304,9,296,-1,22506,15579,1561,5366
2020-09-21,Jawa Tengah,239,20,315,-96,22745,15894,1581,5270
2020-09-22,Jawa Tengah,229,42,402,-215,22974,16296,1623,5055
2020-09-23,Jawa Tengah,256,20,370,-134,23230,16666,1643,4921
2020-09-24,Jawa Tengah,435,25,685,-275,23665,17351,1668,4646
2020-09-25,Jawa Tengah,330,15,268,47,23995,17619,1683,4693
2020-09-26,Jawa Tengah,364,14,210,140,24359,17829,1697,4833
2020-09-27,Jawa Tengah,253,4,117,132,24612,17946,1701,4965
2020-09-28,Jawa Tengah,305,9,200,96,24917,18146,1710,5061
2020-09-29,Jawa Tengah,269,12,253,4,25186,18399,1722,5065
2020-09-30,Jawa Tengah,230,4,200,26,25416,18599,1726,5091
2020-10-01,Jawa Tengah,302,5,188,109,25718,18787,1731,5200
2020-10-02,Jawa Tengah,343,18,199,126,26061,18986,1749,5326
2020-10-03,Jawa Tengah,369,5,201,163,26430,19187,1754,5489
2020-10-04,Jawa Tengah,312,3,183,126,26742,19370,1757,5615
2020-10-05,Jawa Tengah,366,7,192,167,27108,19562,1764,5782
2020-10-06,Jawa Tengah,403,6,330,67,27511,19892,1770,5849
2020-10-07,Jawa Tengah,384,4,270,110,27895,20162,1774,5959
2020-10-08,Jawa Tengah,346,9,260,77,28241,20422,1783,6036
2020-10-09,Jawa Tengah,408,10,199,199,28649,20621,1793,6235
2020-10-10,Jawa Tengah,410,16,267,127,29059,20888,1809,6362
2020-10-11,Jawa Tengah,314,8,205,101,29373,21093,1817,6463
2020-10-12,Jawa Tengah,241,8,270,-37,29614,21363,1825,6426
2020-10-13,Jawa Tengah,451,10,288,153,30065,21651,1835,6579
2020-10-14,Jawa Tengah,286,10,893,-617,30351,22544,1845,5962
2020-10-15,Jawa Tengah,470,27,2176,-1733,30821,24720,1872,4229
2020-10-16,Jawa Tengah,444,9,391,44,31265,25111,1881,4273
2020-10-17,Jawa Tengah,414,11,357,46,31679,25468,1892,4319
2020-10-18,Jawa Tengah,355,3,383,-31,32034,25851,1895,4288
2020-10-19,Jawa Tengah,316,7,333,-24,32350,26184,1902,4264
2020-10-20,Jawa Tengah,440,20,587,-167,32790,26771,1922,4097
2020-10-21,Jawa Tengah,374,13,380,-19,33164,27151,1935,4078
2020-10-22,Jawa Tengah,510,11,365,134,33674,27516,1946,4212
2020-10-23,Jawa Tengah,570,14,465,91,34244,27981,1960,4303
2020-10-24,Jawa Tengah,285,20,423,-158,34529,28404,1980,4145
2020-10-25,Jawa Tengah,355,8,367,-20,34884,28771,1988,4125
2020-10-26,Jawa Tengah,157,17,297,-157,35041,29068,2005,3968
2020-10-27,Jawa Tengah,314,12,317,-15,35355,29385,2017,3953
2020-10-28,Jawa Tengah,318,10,327,-19,35673,29712,2027,3934
2020-10-29,Jawa Tengah,368,9,234,125,36041,29946,2036,4059
2020-10-30,Jawa Tengah,196,14,288,-106,36237,30234,2050,3953
2020-10-31,Jawa Tengah,616,11,277,328,36853,30511,2061,4281
2020-11-01,Jawa Tengah,460,10,328,122,37313,30839,2071,4403
2020-11-02,Jawa Tengah,248,13,356,-121,37561,31195,2084,4282
2020-11-03,Jawa Tengah,452,25,429,-2,38013,31624,2109,4280
2020-11-04,Jawa Tengah,546,16,353,177,38559,31977,2125,4457
2020-11-05,Jawa Tengah,360,14,327,19,38919,32304,2139,4476
2020-11-06,Jawa Tengah,612,12,277,323,39531,32581,2151,4799
2020-11-07,Jawa Tengah,479,27,289,163,40010,32870,2178,4962
2020-11-08,Jawa Tengah,637,8,277,352,40647,33147,2186,5314
2020-11-09,Jawa Tengah,617,13,291,313,41264,33438,2199,5627
2020-11-10,Jawa Tengah,679,15,315,349,41943,33753,2214,5976
2020-11-11,Jawa Tengah,160,15,296,-151,42103,34049,2229,5825
2020-11-12,Jawa Tengah,608,13,340,255,42711,34389,2242,6080
2020-11-13,Jawa Tengah,1357,31,311,1015,44068,34700,2273,7095
2020-11-14,Jawa Tengah,1216,23,242,951,45284,34942,2296,8046
2020-11-15,Jawa Tengah,1041,18,268,755,46325,35210,2314,8801
2020-11-16,Jawa Tengah,596,10,342,244,46921,35552,2324,9045
2020-11-17,Jawa Tengah,539,39,532,-32,47460,36084,2363,9013
2020-11-18,Jawa Tengah,483,18,383,82,47943,36467,2381,9095
2020-11-19,Jawa Tengah,415,8,329,78,48358,36796,2389,9173
2020-11-20,Jawa Tengah,466,7,381,78,48824,37177,2396,9251
2020-11-21,Jawa Tengah,654,16,226,412,49478,37403,2412,9663
2020-11-22,Jawa Tengah,470,19,576,-125,49948,37979,2431,9538
2020-11-23,Jawa Tengah,894,10,275,609,50842,38254,2441,10147
2020-11-24,Jawa Tengah,836,13,284,539,51678,38538,2454,10686
2020-11-25,Jawa Tengah,996,9,309,678,52674,38847,2463,11364
2020-11-26,Jawa Tengah,543,35,259,249,53217,39106,2498,11613
2020-11-27,Jawa Tengah,870,48,367,455,54087,39473,2546,12068
2020-11-28,Jawa Tengah,1004,20,449,535,55091,39922,2566,12603
2020-11-29,Jawa Tengah,1648,73,761,814,56739,40683,2639,13417
2020-11-30,Jawa Tengah,809,12,1285,-488,57548,41968,2651,12929
2020-12-01,Jawa Tengah,729,7,441,281,58277,42409,2658,13210
2020-12-02,Jawa Tengah,935,21,282,632,59212,42691,2679,13842
2020-12-03,Jawa Tengah,767,14,310,443,59979,43001,2693,14285
2020-12-04,Jawa Tengah,889,9,316,564,60868,43317,2702,14849
2020-12-05,Jawa Tengah,758,6,328,424,61626,43645,2708,15273
2020-12-06,Jawa Tengah,526,36,172,318,62152,43817,2744,15591
2020-12-07,Jawa Tengah,593,8,287,298,62745,44104,2752,15889
2020-12-08,Jawa Tengah,767,9,386,372,63512,44490,2761,16261
2020-12-09,Jawa Tengah,733,37,201,495,64245,44691,2798,16756
2020-12-10,Jawa Tengah,817,30,620,167,65062,45311,2828,16923
2020-12-11,Jawa Tengah,785,18,284,483,65847,45595,2846,17406
2020-12-12,Jawa Tengah,888,26,453,409,66735,46048,2872,17815
2020-12-13,Jawa Tengah,694,45,205,444,67429,46253,2917,18259
2020-12-14,Jawa Tengah,734,16,840,-122,68163,47093,2933,18137
2020-12-15,Jawa Tengah,764,22,834,-92,68927,47927,2955,18045
2020-12-16,Jawa Tengah,420,23,825,-428,69347,48752,2978,17617
2020-12-17,Jawa Tengah,619,30,243,346,69966,48995,3008,17963
2020-12-18,Jawa Tengah,354,17,360,-23,70320,49355,3025,17940
2020-12-19,Jawa Tengah,987,24,213,750,71307,49568,3049,18690
2020-12-20,Jawa Tengah,877,67,153,657,72184,49721,3116,19347
2020-12-21,Jawa Tengah,997,79,408,510,73181,50129,3195,19857
2020-12-22,Jawa Tengah,894,37,552,305,74075,50681,3232,20162
2020-12-23,Jawa Tengah,910,1,499,410,74985,51180,3233,20572
2020-12-24,Jawa Tengah,890,46,411,433,75875,51591,3279,21005
2020-12-25,Jawa Tengah,905,90,916,-101,76780,52507,3369,20904
2020-12-26,Jawa Tengah,871,19,433,419,77651,52940,3388,21323
2020-12-27,Jawa Tengah,785,80,566,139,78436,53506,3468,21462
2020-12-28,Jawa Tengah,976,85,606,285,79412,54112,3553,21747
2020-12-29,Jawa Tengah,1055,8,982,65,80467,55094,3561,21812
2020-12-30,Jawa Tengah,951,31,528,392,81418,55622,3592,22204
2020-12-31,Jawa Tengah,939,18,822,99,82357,56444,3610,22303
2021-01-01,Jawa Tengah,896,4,575,317,83253,57019,3614,22620
2021-01-02,Jawa Tengah,970,92,904,-26,84223,57923,3706,22594
2021-01-03,Jawa Tengah,927,64,405,458,85150,58328,3770,23052
2021-01-04,Jawa Tengah,1036,12,731,293,86186,59059,3782,23345
2021-01-05,Jawa Tengah,993,22,1327,-356,87179,60386,3804,22989
2021-01-06,Jawa Tengah,1022,47,1026,-51,88201,61412,3851,22938
2021-01-07,Jawa Tengah,995,46,700,249,89196,62112,3897,23187
2021-01-08,Jawa Tengah,1068,58,821,189,90264,62933,3955,23376
2021-01-09,Jawa Tengah,1030,23,271,736,91294,63204,3978,24112
2021-01-10,Jawa Tengah,1044,17,138,889,92338,63342,3995,25001
2021-01-11,Jawa Tengah,1049,31,790,228,93387,64132,4026,25229
2021-01-12,Jawa Tengah,1323,100,1296,-73,94710,65428,4126,25156
2021-01-13,Jawa Tengah,1471,95,736,640,96181,66164,4221,25796
2021-01-14,Jawa Tengah,1494,88,1007,399,97675,67171,4309,26195
2021-01-15,Jawa Tengah,1990,32,859,1099,99665,68030,4341,27294
2021-01-16,Jawa Tengah,1992,44,768,1180,101657,68798,4385,28474
2021-01-17,Jawa Tengah,1850,41,120,1689,103507,68918,4426,30163
2021-01-18,Jawa Tengah,1552,85,1061,406,105059,69979,4511,30569
2021-01-19,Jawa Tengah,1612,106,673,833,106671,70652,4617,31402
2021-01-20,Jawa Tengah,1773,30,528,1215,108444,71180,4647,32617
2021-01-21,Jawa Tengah,1973,101,1114,758,110417,72294,4748,33375
2021-01-22,Jawa Tengah,1795,35,627,1133,112212,72921,4783,34508
2021-01-23,Jawa Tengah,1871,8,479,1384,114083,73400,4791,35892
2021-01-24,Jawa Tengah,1514,5,289,1220,115597,73689,4796,37112
2021-01-25,Jawa Tengah,1513,126,2161,-774,117110,75850,4922,36338
2021-01-26,Jawa Tengah,1678,118,1590,-30,118788,77440,5040,36308
2021-01-27,Jawa Tengah,1795,112,1554,129,120583,78994,5152,36437
2021-01-28,Jawa Tengah,1498,85,892,521,122081,79886,5237,36958
2021-01-29,Jawa Tengah,1494,25,374,1095,123575,80260,5262,38053
2021-01-30,Jawa Tengah,1238,24,309,905,124813,80569,5286,38958
2021-01-31,Jawa Tengah,1115,27,175,913,125928,80744,5313,39871
2021-02-01,Jawa Tengah,973,137,1977,-1141,126901,82721,5450,38730
2021-02-02,Jawa Tengah,1116,63,1374,-321,128017,84095,5513,38409
2021-02-03,Jawa Tengah,1783,23,992,768,129800,85087,5536,39177
2021-02-04,Jawa Tengah,1774,87,779,908,131574,85866,5623,40085
2021-02-05,Jawa Tengah,1883,20,511,1352,133457,86377,5643,41437
2021-02-06,Jawa Tengah,1600,16,115,1469,135057,86492,5659,42906
2021-02-07,Jawa Tengah,1061,15,78,968,136118,86570,5674,43874
2021-02-08,Jawa Tengah,826,9,1042,-225,136944,87612,5683,43649
2021-02-09,Jawa Tengah,948,50,662,236,137892,88274,5733,43885
2021-02-10,Jawa Tengah,1220,9,1312,-101,139112,89586,5742,43784
2021-02-11,Jawa Tengah,985,24,746,215,140097,90332,5766,43999
2021-02-12,Jawa Tengah,662,23,150,489,140759,90482,5789,44488
2021-02-13,Jawa Tengah,761,116,536,109,141520,91018,5905,44597
2021-02-14,Jawa Tengah,476,71,49,356,141996,91067,5976,44953
2021-02-15,Jawa Tengah,878,39,225,614,142874,91292,6015,45567
2021-02-16,Jawa Tengah,1101,38,12,1051,143975,91304,6053,46618
2021-02-17,Jawa Tengah,868,6,59,803,144843,91363,6059,47421
2021-02-18,Jawa Tengah,676,9,489,178,145519,91852,6068,47599
2021-02-19,Jawa Tengah,1205,35,691,479,146724,92543,6103,48078
2021-02-20,Jawa Tengah,804,18,489,297,147528,93032,6121,48375
2021-02-21,Jawa Tengah,484,12,225,247,148012,93257,6133,48622
2021-02-22,Jawa Tengah,1047,41,1141,-135,149059,94398,6174,48487
2021-02-23,Jawa Tengah,827,144,645,38,149886,95043,6318,48525
2021-02-24,Jawa Tengah,1260,78,571,611,151146,95614,6396,49136
2021-02-25,Jawa Tengah,820,69,1221,-470,151966,96835,6465,48666
2021-02-26,Jawa Tengah,651,133,1108,-590,152617,97943,6598,48076
2021-02-27,Jawa Tengah,629,69,2493,-1933,153246,100436,6667,46143
2021-02-28,Jawa Tengah,327,16,2701,-2390,153573,103137,6683,43753
2021-03-01,Jawa Tengah,656,24,883,-251,154229,104020,6707,43502
2021-03-02,Jawa Tengah,983,36,814,133,155212,104834,6743,43635
2021-03-03,Jawa Tengah,473,27,1314,-868,155685,106148,6770,42767
2021-03-04,Jawa Tengah,591,19,693,-121,156276,106841,6789,42646
2021-03-05,Jawa Tengah,872,17,283,572,157148,107124,6806,43218
2021-03-06,Jawa Tengah,586,8,47,531,157734,107171,6814,43749
2021-03-07,Jawa Tengah,394,2,572,-180,158128,107743,6816,43569
2021-03-08,Jawa Tengah,871,85,2345,-1559,158999,110088,6901,42010
2021-03-09,Jawa Tengah,899,52,1859,-1012,159898,111947,6953,40998
2021-03-10,Jawa Tengah,303,32,639,-368,160201,112586,6985,40630
2021-03-11,Jawa Tengah,251,12,326,-87,160452,112912,6997,40543
2021-03-12,Jawa Tengah,497,32,753,-288,160949,113665,7029,40255
2021-03-13,Jawa Tengah,155,11,255,-111,161104,113920,7040,40144
2021-03-14,Jawa Tengah,144,3,106,35,161248,114026,7043,40179
2021-03-15,Jawa Tengah,656,20,562,74,161904,114588,7063,40253
2021-03-16,Jawa Tengah,560,41,1390,-871,162464,115978,7104,39382
2021-03-17,Jawa Tengah,596,43,733,-180,163060,116711,7147,39202
2021-03-18,Jawa Tengah,658,67,948,-357,163718,117659,7214,38845
2021-03-19,Jawa Tengah,610,48,842,-280,164328,118501,7262,38565
2021-03-20,Jawa Tengah,220,9,303,-92,164548,118804,7271,38473
2021-03-21,Jawa Tengah,102,4,102,-4,164650,118906,7275,38469
2021-03-22,Jawa Tengah,740,21,1714,-995,165390,120620,7296,37474
2021-03-23,Jawa Tengah,732,23,1093,-384,166122,121713,7319,37090
2021-03-24,Jawa Tengah,403,27,1156,-780,166525,122869,7346,36310
2021-03-25,Jawa Tengah,437,18,568,-149,166962,123437,7364,36161
2021-03-26,Jawa Tengah,265,8,546,-289,167227,123983,7372,35872
2021-03-27,Jawa Tengah,141,9,87,45,167368,124070,7381,35917
2021-03-28,Jawa Tengah,100,1,0,99,167468,124070,7382,36016
2021-03-29,Jawa Tengah,388,37,871,-520,167856,124941,7419,35496
2021-03-30,Jawa Tengah,649,17,1108,-476,168505,126049,7436,35020
2021-03-31,Jawa Tengah,497,10,658,-171,169002,126707,7446,34849
2021-04-01,Jawa Tengah,669,14,812,-157,169671,127519,7460,34692
2021-04-02,Jawa Tengah,235,10,138,87,169906,127657,7470,34779
2021-04-03,Jawa Tengah,269,3,80,186,170175,127737,7473,34965
2021-04-04,Jawa Tengah,195,46,13,136,170370,127750,7519,35101
2021-04-05,Jawa Tengah,496,51,2016,-1571,170866,129766,7570,33530
2021-04-06,Jawa Tengah,593,3,804,-214,171459,130570,7573,33316
2021-04-07,Jawa Tengah,534,7,2273,-1746,171993,132843,7580,31570
2021-04-08,Jawa Tengah,796,37,2685,-1926,172789,135528,7617,29644
2021-04-09,Jawa Tengah,569,26,2756,-2213,173358,138284,7643,27431
2021-04-10,Jawa Tengah,280,0,292,-12,173638,138576,7643,27419
2021-04-11,Jawa Tengah,205,22,359,-176,173843,138935,7665,27243
2021-04-12,Jawa Tengah,736,13,1252,-529,174579,140187,7678,26714
2021-04-13,Jawa Tengah,857,15,2018,-1176,175436,142205,7693,25538
2021-04-14,Jawa Tengah,714,21,1770,-1077,176150,143975,7714,24461
2021-04-15,Jawa Tengah,840,35,2098,-1293,176990,146073,7749,23168
2021-04-16,Jawa Tengah,667,28,1851,-1212,177657,147924,7777,21956
2021-04-17,Jawa Tengah,517,2,1782,-1267,178174,149706,7779,20689
2021-04-18,Jawa Tengah,395,8,1334,-947,178569,151040,7787,19742
2021-04-19,Jawa Tengah,678,16,1849,-1187,179247,152889,7803,18555
2021-04-20,Jawa Tengah,681,68,2312,-1699,179928,155201,7871,16856
2021-04-21,Jawa Tengah,673,81,2045,-1453,180601,157246,7952,15403
2021-04-22,Jawa Tengah,599,37,1656,-1094,181200,158902,7989,14309
2021-04-23,Jawa Tengah,373,45,1532,-1204,181573,160434,8034,13105
2021-04-24,Jawa Tengah,316,54,615,-353,181889,161049,8088,12752
2021-04-25,Jawa Tengah,247,0,309,-62,182136,161358,8088,12690
2021-04-26,Jawa Tengah,643,53,488,102,182779,161846,8141,12792
2021-04-27,Jawa Tengah,353,41,635,-323,183132,162481,8182,12469
2021-04-28,Jawa Tengah,223,57,636,-470,183355,163117,8239,11999
2021-04-29,Jawa Tengah,581,74,1412,-905,183936,164529,8313,11094
2021-04-30,Jawa Tengah,400,73,938,-611,184336,165467,8386,10483
2021-05-01,Jawa Tengah,198,20,231,-53,184534,165698,8406,10430
2021-05-02,Jawa Tengah,174,18,80,76,184708,165778,8424,10506
2021-05-03,Jawa Tengah,531,31,599,-99,185239,166377,8455,10407
2021-05-04,Jawa Tengah,375,27,658,-310,185614,167035,8482,10097
2021-05-05,Jawa Tengah,525,59,586,-120,186139,167621,8541,9977
2021-05-06,Jawa Tengah,353,13,403,-63,186492,168024,8554,9914
2021-05-07,Jawa Tengah,524,12,764,-252,187016,168788,8566,9662
2021-05-08,Jawa Tengah,130,54,408,-332,187146,169196,8620,9330
2021-05-09,Jawa Tengah,138,40,445,-347,187284,169641,8660,8983
2021-05-10,Jawa Tengah,853,76,739,38,188137,170380,8736,9021
2021-05-11,Jawa Tengah,540,80,773,-313,188677,171153,8816,8708
2021-05-12,Jawa Tengah,109,24,290,-205,188786,171443,8840,8503
2021-05-13,Jawa Tengah,479,1,1145,-667,189265,172588,8841,7836
2021-05-14,Jawa Tengah,162,21,445,-304,189427,173033,8862,7532
2021-05-15,Jawa Tengah,247,35,425,-213,189674,173458,8897,7319
2021-05-16,Jawa Tengah,346,16,392,-62,190020,173850,8913,7257
2021-05-17,Jawa Tengah,673,43,899,-269,190693,174749,8956,6988
2021-05-18,Jawa Tengah,561,16,630,-85,191254,175379,8972,6903
2021-05-19,Jawa Tengah,404,53,182,169,191658,175561,9025,7072
2021-05-20,Jawa Tengah,550,68,425,57,192208,175986,9093,7129
2021-05-21,Jawa Tengah,653,43,159,451,192861,176145,9136,7580
2021-05-22,Jawa Tengah,486,31,117,338,193347,176262,9167,7918
2021-05-23,Jawa Tengah,359,21,256,82,193706,176518,9188,8000
2021-05-24,Jawa Tengah,905,14,878,13,194611,177396,9202,8013
2021-05-25,Jawa Tengah,692,28,332,332,195303,177728,9230,8345
2021-05-26,Jawa Tengah,547,23,248,276,195850,177976,9253,8621
2021-05-27,Jawa Tengah,694,5,237,452,196544,178213,9258,9073
2021-05-28,Jawa Tengah,668,45,630,-7,197212,178843,9303,9066
2021-05-29,Jawa Tengah,1050,20,651,379,198262,179494,9323,9445
2021-05-30,Jawa Tengah,1005,9,271,725,199267,179765,9332,10170
2021-05-31,Jawa Tengah,881,22,573,286,200148,180338,9354,10456
2021-06-01,Jawa Tengah,851,23,121,707,200999,180459,9377,11163
2021-06-02,Jawa Tengah,739,42,160,537,201738,180619,9419,11700
2021-06-03,Jawa Tengah,687,28,452,207,202425,181071,9447,11907
2021-06-04,Jawa Tengah,887,53,572,262,203312,181643,9500,12169
2021-06-05,Jawa Tengah,1034,18,116,900,204346,181759,9518,13069
2021-06-06,Jawa Tengah,890,40,395,455,205236,182154,9558,13524
2021-06-07,Jawa Tengah,1451,28,1217,206,206687,183371,9586,13730
2021-06-08,Jawa Tengah,1487,33,677,777,208174,184048,9619,14507
2021-06-09,Jawa Tengah,1457,15,937,505,209631,184985,9634,15012
2021-06-10,Jawa Tengah,1535,58,588,889,211166,185573,9692,15901
2021-06-11,Jawa Tengah,1026,37,812,177,212192,186385,9729,16078
2021-06-12,Jawa Tengah,914,36,180,698,213106,186565,9765,16776
2021-06-13,Jawa Tengah,2579,9,170,2400,215685,186735,9774,19176
2021-06-14,Jawa Tengah,1400,55,663,682,217085,187398,9829,19858
2021-06-15,Jawa Tengah,1658,16,879,763,218743,188277,9845,20621
2021-06-16,Jawa Tengah,1251,18,572,661,219994,188849,9863,21282
2021-06-17,Jawa Tengah,1752,52,966,734,221746,189815,9915,22016
2021-06-18,Jawa Tengah,1331,51,763,517,223077,190578,9966,22533
2021-06-19,Jawa Tengah,1877,33,237,1607,224954,190815,9999,24140
2021-06-20,Jawa Tengah,2195,86,154,1955,227149,190969,10085,26095
2021-06-21,Jawa Tengah,3252,39,2192,1021,230401,193161,10124,27116
2021-06-22,Jawa Tengah,2439,71,1652,716,232840,194813,10195,27832
2021-06-23,Jawa Tengah,2595,45,2015,535,235435,196828,10240,28367
2021-06-24,Jawa Tengah,4384,70,2236,2078,239819,199064,10310,30445
2021-06-25,Jawa Tengah,2118,104,1923,91,241937,200987,10414,30536
2021-06-26,Jawa Tengah,2306,52,562,1692,244243,201549,10466,32228
2021-06-27,Jawa Tengah,2288,69,419,1800,246531,201968,10535,34028
2021-06-28,Jawa Tengah,2143,56,1532,555,248674,203500,10591,34583
2021-06-29,Jawa Tengah,2923,66,1475,1382,251597,204975,10657,35965
2021-06-30,Jawa Tengah,2332,70,2013,249,253929,206988,10727,36214
2021-07-01,Jawa Tengah,2624,177,1702,745,256553,208690,10904,36959
2021-07-02,Jawa Tengah,2538,220,1153,1165,259091,209843,11124,38124
2021-07-03,Jawa Tengah,3224,187,1491,1546,262315,211334,11311,39670
2021-07-04,Jawa Tengah,2955,91,949,1915,265270,212283,11402,41585
2021-07-05,Jawa Tengah,3447,130,1567,1750,268717,213850,11532,43335
2021-07-06,Jawa Tengah,4048,212,1733,2103,272765,215583,11744,45438
2021-07-07,Jawa Tengah,3823,359,2731,733,276588,218314,12103,46171
2021-07-08,Jawa Tengah,4232,233,2237,1762,280820,220551,12336,47933
2021-07-09,Jawa Tengah,4530,197,3019,1314,285350,223570,12533,49247
2021-07-10,Jawa Tengah,3618,162,1528,1928,288968,225098,12695,51175
2021-07-11,Jawa Tengah,2575,156,2509,-90,291543,227607,12851,51085
2021-07-12,Jawa Tengah,2928,190,2665,73,294471,230272,13041,51158
2021-07-13,Jawa Tengah,3269,168,2420,681,297740,232692,13209,51839
2021-07-14,Jawa Tengah,5110,237,2726,2147,302850,235418,13446,53986
2021-07-15,Jawa Tengah,4360,241,2205,1914,307210,237623,13687,55900
2021-07-16,Jawa Tengah,4188,272,2738,1178,311398,240361,13959,57078
2021-07-17,Jawa Tengah,5655,247,1674,3734,317053,242035,14206,60812
2021-07-18,Jawa Tengah,4697,178,3418,1101,321750,245453,14384,61913
2021-07-19,Jawa Tengah,4042,275,3659,108,325792,249112,14659,62021
2021-07-20,Jawa Tengah,3423,273,4080,-930,329215,253192,14932,61091
2021-07-21,Jawa Tengah,4125,386,3940,-201,333340,257132,15318,60890
2021-07-22,Jawa Tengah,5371,379,5999,-1007,338711,263131,15697,59883
2021-07-23,Jawa Tengah,4498,444,4024,30,343209,267155,16141,59913
2021-07-24,Jawa Tengah,5462,334,3977,1151,348671,271132,16475,61064
2021-07-25,Jawa Tengah,5265,263,3406,1596,353936,274538,16738,62660
2021-07-26,Jawa Tengah,4021,305,4798,-1082,357957,279336,17043,61578
2021-07-27,Jawa Tengah,5187,414,4655,118,363144,283991,17457,61696
2021-07-28,Jawa Tengah,4666,398,4470,-202,367810,288461,17855,61494
2021-07-29,Jawa Tengah,4535,666,6186,-2317,372345,294647,18521,59177
2021-07-30,Jawa Tengah,4502,443,5289,-1230,376847,299936,18964,57947
2021-07-31,Jawa Tengah,4896,316,4584,-4,381743,304520,19280,57943
2021-08-01,Jawa Tengah,4234,335,4387,-488,385977,308907,19615,57455
2020-03-16,Daerah Istimewa Yogyakarta,1,0,0,1,1,0,0,1
2020-03-17,Daerah Istimewa Yogyakarta,0,0,0,0,1,0,0,1
2020-03-18,Daerah Istimewa Yogyakarta,0,0,0,0,1,0,0,1
2020-03-19,Daerah Istimewa Yogyakarta,0,0,0,0,1,0,0,1
2020-03-20,Daerah Istimewa Yogyakarta,1,0,1,0,2,1,0,1
2020-03-21,Daerah Istimewa Yogyakarta,0,0,0,0,2,1,0,1
2020-03-22,Daerah Istimewa Yogyakarta,0,0,0,0,2,1,0,1
2020-03-23,Daerah Istimewa Yogyakarta,0,1,0,-1,2,1,1,0
2020-03-24,Daerah Istimewa Yogyakarta,0,0,0,0,2,1,1,0
2020-03-25,Daerah Istimewa Yogyakarta,1,1,0,0,3,1,2,0
2020-03-26,Daerah Istimewa Yogyakarta,0,0,0,0,3,1,2,0
2020-03-27,Daerah Istimewa Yogyakarta,1,0,0,1,4,1,2,1
2020-03-28,Daerah Istimewa Yogyakarta,0,0,0,0,4,1,2,1
2020-03-29,Daerah Istimewa Yogyakarta,0,0,0,0,4,1,2,1
2020-03-30,Daerah Istimewa Yogyakarta,2,0,1,1,6,2,2,2
2020-03-31,Daerah Istimewa Yogyakarta,5,0,0,5,11,2,2,7
2020-04-01,Daerah Istimewa Yogyakarta,6,0,1,5,17,3,2,12
2020-04-02,Daerah Istimewa Yogyakarta,0,1,0,-1,17,3,3,11
2020-04-03,Daerah Istimewa Yogyakarta,0,0,0,0,17,3,3,11
2020-04-04,Daerah Istimewa Yogyakarta,5,0,0,5,22,3,3,16
2020-04-05,Daerah Istimewa Yogyakarta,1,0,0,1,23,3,3,17
2020-04-06,Daerah Istimewa Yogyakarta,3,0,1,2,26,4,3,19
2020-04-07,Daerah Istimewa Yogyakarta,1,0,0,1,27,4,3,20
2020-04-08,Daerah Istimewa Yogyakarta,4,3,3,-2,31,7,6,18
2020-04-09,Daerah Istimewa Yogyakarta,3,0,3,0,34,10,6,18
2020-04-10,Daerah Istimewa Yogyakarta,3,0,3,0,37,13,6,18
2020-04-11,Daerah Istimewa Yogyakarta,0,0,0,0,37,13,6,18
2020-04-12,Daerah Istimewa Yogyakarta,1,0,5,-4,38,18,6,14
2020-04-13,Daerah Istimewa Yogyakarta,16,0,0,16,54,18,6,30
2020-04-14,Daerah Istimewa Yogyakarta,5,0,4,1,59,22,6,31
2020-04-15,Daerah Istimewa Yogyakarta,1,0,0,1,60,22,6,32
2020-04-16,Daerah Istimewa Yogyakarta,1,0,0,1,61,22,6,33
2020-04-17,Daerah Istimewa Yogyakarta,1,1,3,-3,62,25,7,30
2020-04-18,Daerah Istimewa Yogyakarta,3,0,2,1,65,27,7,31
2020-04-19,Daerah Istimewa Yogyakarta,1,0,1,0,66,28,7,31
2020-04-20,Daerah Istimewa Yogyakarta,2,0,0,2,68,28,7,33
2020-04-21,Daerah Istimewa Yogyakarta,3,0,3,0,71,31,7,33
2020-04-22,Daerah Istimewa Yogyakarta,3,0,5,-2,74,36,7,31
2020-04-23,Daerah Istimewa Yogyakarta,1,0,1,0,75,37,7,31
2020-04-24,Daerah Istimewa Yogyakarta,1,0,0,1,76,37,7,32
2020-04-25,Daerah Istimewa Yogyakarta,2,0,0,2,78,37,7,34
2020-04-26,Daerah Istimewa Yogyakarta,3,0,0,3,81,37,7,37
2020-04-27,Daerah Istimewa Yogyakarta,1,0,2,-1,82,39,7,36
2020-04-28,Daerah Istimewa Yogyakarta,10,0,1,9,92,40,7,45
2020-04-29,Daerah Istimewa Yogyakarta,1,0,3,-2,93,43,7,43
2020-04-30,Daerah Istimewa Yogyakarta,1,0,0,1,94,43,7,44
2020-05-01,Daerah Istimewa Yogyakarta,9,0,5,4,103,48,7,48
2020-05-02,Daerah Istimewa Yogyakarta,10,0,0,10,113,48,7,58
2020-05-03,Daerah Istimewa Yogyakarta,1,0,0,1,114,48,7,59
2020-05-04,Daerah Istimewa Yogyakarta,0,0,4,-4,114,52,7,55
2020-05-05,Daerah Istimewa Yogyakarta,6,0,1,5,120,53,7,60
2020-05-06,Daerah Istimewa Yogyakarta,1,0,5,-4,121,58,7,56
2020-05-07,Daerah Istimewa Yogyakarta,15,0,1,14,136,59,7,70
2020-05-08,Daerah Istimewa Yogyakarta,6,0,0,6,142,59,7,76
2020-05-09,Daerah Istimewa Yogyakarta,3,0,2,1,145,61,7,77
2020-05-10,Daerah Istimewa Yogyakarta,7,0,0,7,152,61,7,84
2020-05-11,Daerah Istimewa Yogyakarta,6,1,6,-1,158,67,8,83
2020-05-12,Daerah Istimewa Yogyakarta,10,0,0,10,168,67,8,93
2020-05-13,Daerah Istimewa Yogyakarta,12,0,1,11,180,68,8,104
2020-05-14,Daerah Istimewa Yogyakarta,4,0,7,-3,184,75,8,101
2020-05-15,Daerah Istimewa Yogyakarta,3,0,12,-9,187,87,8,92
2020-05-16,Daerah Istimewa Yogyakarta,6,0,1,5,193,88,8,97
2020-05-17,Daerah Istimewa Yogyakarta,5,0,3,2,198,91,8,99
2020-05-18,Daerah Istimewa Yogyakarta,1,0,3,-2,199,94,8,97
2020-05-19,Daerah Istimewa Yogyakarta,7,0,12,-5,206,106,8,92
2020-05-20,Daerah Istimewa Yogyakarta,2,0,8,-6,208,114,8,86
2020-05-21,Daerah Istimewa Yogyakarta,6,0,7,-1,214,121,8,85
2020-05-22,Daerah Istimewa Yogyakarta,5,0,2,3,219,123,8,88
2020-05-23,Daerah Istimewa Yogyakarta,5,0,6,-1,224,129,8,87
2020-05-24,Daerah Istimewa Yogyakarta,1,0,4,-3,225,133,8,84
2020-05-25,Daerah Istimewa Yogyakarta,0,0,1,-1,225,134,8,83
2020-05-26,Daerah Istimewa Yogyakarta,0,0,4,-4,225,138,8,79
2020-05-27,Daerah Istimewa Yogyakarta,2,0,9,-7,227,147,8,72
2020-05-28,Daerah Istimewa Yogyakarta,0,0,8,-8,227,155,8,64
2020-05-29,Daerah Istimewa Yogyakarta,2,0,6,-4,229,161,8,60
2020-05-30,Daerah Istimewa Yogyakarta,3,0,1,2,232,162,8,62
2020-05-31,Daerah Istimewa Yogyakarta,3,0,7,-4,235,169,8,58
2020-06-01,Daerah Istimewa Yogyakarta,1,0,0,1,236,169,8,59
2020-06-02,Daerah Istimewa Yogyakarta,0,0,1,-1,236,170,8,58
2020-06-03,Daerah Istimewa Yogyakarta,0,0,1,-1,236,171,8,57
2020-06-04,Daerah Istimewa Yogyakarta,0,0,3,-3,236,174,8,54
2020-06-05,Daerah Istimewa Yogyakarta,1,0,6,-5,237,180,8,49
2020-06-06,Daerah Istimewa Yogyakarta,4,0,5,-1,241,185,8,48
2020-06-07,Daerah Istimewa Yogyakarta,2,0,2,0,243,187,8,48
2020-06-08,Daerah Istimewa Yogyakarta,3,0,7,-4,246,194,8,44
2020-06-09,Daerah Istimewa Yogyakarta,2,0,0,2,248,194,8,46
2020-06-10,Daerah Istimewa Yogyakarta,1,0,1,0,249,195,8,46
2020-06-11,Daerah Istimewa Yogyakarta,2,0,5,-3,251,200,8,43
2020-06-12,Daerah Istimewa Yogyakarta,10,0,5,5,261,205,8,48
2020-06-13,Daerah Istimewa Yogyakarta,2,0,6,-4,263,211,8,44
2020-06-14,Daerah Istimewa Yogyakarta,5,0,1,4,268,212,8,48
2020-06-15,Daerah Istimewa Yogyakarta,3,0,2,1,271,214,8,49
2020-06-16,Daerah Istimewa Yogyakarta,1,0,4,-3,272,218,8,46
2020-06-17,Daerah Istimewa Yogyakarta,3,0,2,1,275,220,8,47
2020-06-18,Daerah Istimewa Yogyakarta,0,0,7,-7,275,227,8,40
2020-06-19,Daerah Istimewa Yogyakarta,1,0,4,-3,276,231,8,37
2020-06-20,Daerah Istimewa Yogyakarta,8,0,0,8,284,231,8,45
2020-06-21,Daerah Istimewa Yogyakarta,3,0,7,-4,287,238,8,41
2020-06-22,Daerah Istimewa Yogyakarta,0,0,0,0,287,238,8,41
2020-06-23,Daerah Istimewa Yogyakarta,3,0,5,-2,290,243,8,39
2020-06-24,Daerah Istimewa Yogyakarta,1,0,13,-12,291,256,8,27
2020-06-25,Daerah Istimewa Yogyakarta,7,0,3,4,298,259,8,31
2020-06-26,Daerah Istimewa Yogyakarta,3,0,3,0,301,262,8,31
2020-06-27,Daerah Istimewa Yogyakarta,2,0,1,1,303,263,8,32
2020-06-28,Daerah Istimewa Yogyakarta,2,0,1,1,305,264,8,33
2020-06-29,Daerah Istimewa Yogyakarta,0,0,1,-1,305,265,8,32
2020-06-30,Daerah Istimewa Yogyakarta,7,0,1,6,312,266,8,38
2020-07-01,Daerah Istimewa Yogyakarta,1,0,3,-2,313,269,8,36
2020-07-02,Daerah Istimewa Yogyakarta,6,1,4,1,319,273,9,37
2020-07-03,Daerah Istimewa Yogyakarta,4,0,3,1,323,276,9,38
2020-07-04,Daerah Istimewa Yogyakarta,1,0,1,0,324,277,9,38
2020-07-05,Daerah Istimewa Yogyakarta,6,0,0,6,330,277,9,44
2020-07-06,Daerah Istimewa Yogyakarta,8,0,5,3,338,282,9,47
2020-07-07,Daerah Istimewa Yogyakarta,7,0,3,4,345,285,9,51
2020-07-08,Daerah Istimewa Yogyakarta,3,1,1,1,348,286,10,52
2020-07-09,Daerah Istimewa Yogyakarta,7,0,4,3,355,290,10,55
2020-07-10,Daerah Istimewa Yogyakarta,7,0,3,4,362,293,10,59
2020-07-11,Daerah Istimewa Yogyakarta,7,0,1,6,369,294,10,65
2020-07-12,Daerah Istimewa Yogyakarta,1,0,3,-2,370,297,10,63
2020-07-13,Daerah Istimewa Yogyakarta,8,0,8,0,378,305,10,63
2020-07-14,Daerah Istimewa Yogyakarta,8,1,5,2,386,310,11,65
2020-07-15,Daerah Istimewa Yogyakarta,9,0,3,6,395,313,11,71
2020-07-16,Daerah Istimewa Yogyakarta,8,0,0,8,403,313,11,79
2020-07-17,Daerah Istimewa Yogyakarta,4,0,2,2,407,315,11,81
2020-07-18,Daerah Istimewa Yogyakarta,8,0,8,0,415,323,11,81
2020-07-19,Daerah Istimewa Yogyakarta,15,1,0,14,430,323,12,95
2020-07-20,Daerah Istimewa Yogyakarta,6,1,3,2,436,326,13,97
2020-07-21,Daerah Istimewa Yogyakarta,28,1,3,24,464,329,14,121
2020-07-22,Daerah Istimewa Yogyakarta,21,2,1,18,485,330,16,139
2020-07-23,Daerah Istimewa Yogyakarta,10,0,4,6,495,334,16,145
2020-07-24,Daerah Istimewa Yogyakarta,23,1,6,16,518,340,17,161
2020-07-25,Daerah Istimewa Yogyakarta,17,1,6,10,535,346,18,171
2020-07-26,Daerah Istimewa Yogyakarta,7,1,0,6,542,346,19,177
2020-07-27,Daerah Istimewa Yogyakarta,15,0,4,11,557,350,19,188
2020-07-28,Daerah Istimewa Yogyakarta,14,1,5,8,571,355,20,196
2020-07-29,Daerah Istimewa Yogyakarta,15,0,12,3,586,367,20,199
2020-07-30,Daerah Istimewa Yogyakarta,23,0,14,9,609,381,20,208
2020-07-31,Daerah Istimewa Yogyakarta,64,0,17,47,673,398,20,255
2020-08-01,Daerah Istimewa Yogyakarta,67,1,11,55,740,409,21,310
2020-08-02,Daerah Istimewa Yogyakarta,19,0,10,9,759,419,21,319
2020-08-03,Daerah Istimewa Yogyakarta,12,0,13,-1,771,432,21,318
2020-08-04,Daerah Istimewa Yogyakarta,12,0,14,-2,783,446,21,316
2020-08-05,Daerah Istimewa Yogyakarta,17,0,29,-12,800,475,21,304
2020-08-06,Daerah Istimewa Yogyakarta,18,0,20,-2,818,495,21,302
2020-08-07,Daerah Istimewa Yogyakarta,19,0,29,-10,837,524,21,292
2020-08-08,Daerah Istimewa Yogyakarta,16,2,27,-13,853,551,23,279
2020-08-09,Daerah Istimewa Yogyakarta,8,1,18,-11,861,569,24,268
2020-08-10,Daerah Istimewa Yogyakarta,14,1,23,-10,875,592,25,258
2020-08-11,Daerah Istimewa Yogyakarta,4,0,16,-12,879,608,25,246
2020-08-12,Daerah Istimewa Yogyakarta,20,1,25,-6,899,633,26,240
2020-08-13,Daerah Istimewa Yogyakarta,11,0,13,-2,910,646,26,238
2020-08-14,Daerah Istimewa Yogyakarta,35,2,12,21,945,658,28,259
2020-08-15,Daerah Istimewa Yogyakarta,46,0,4,42,991,662,28,301
2020-08-16,Daerah Istimewa Yogyakarta,33,0,13,20,1024,675,28,321
2020-08-17,Daerah Istimewa Yogyakarta,16,0,7,9,1040,682,28,330
2020-08-18,Daerah Istimewa Yogyakarta,18,1,13,4,1058,695,29,334
2020-08-19,Daerah Istimewa Yogyakarta,31,0,18,13,1089,713,29,347
2020-08-20,Daerah Istimewa Yogyakarta,48,2,52,-6,1137,765,31,341
2020-08-21,Daerah Istimewa Yogyakarta,25,1,28,-4,1162,793,32,337
2020-08-22,Daerah Istimewa Yogyakarta,15,1,15,-1,1177,808,33,336
2020-08-23,Daerah Istimewa Yogyakarta,15,0,18,-3,1192,826,33,333
2020-08-24,Daerah Istimewa Yogyakarta,14,1,20,-7,1206,846,34,326
2020-08-25,Daerah Istimewa Yogyakarta,42,0,11,31,1248,857,34,357
2020-08-26,Daerah Istimewa Yogyakarta,16,2,35,-21,1264,892,36,336
2020-08-27,Daerah Istimewa Yogyakarta,42,0,31,11,1306,923,36,347
2020-08-28,Daerah Istimewa Yogyakarta,20,0,24,-4,1326,947,36,343
2020-08-29,Daerah Istimewa Yogyakarta,47,1,21,25,1373,968,37,368
2020-08-30,Daerah Istimewa Yogyakarta,24,0,8,16,1397,976,37,384
2020-08-31,Daerah Istimewa Yogyakarta,28,2,50,-24,1425,1026,39,360
2020-09-01,Daerah Istimewa Yogyakarta,20,0,10,10,1445,1036,39,370
2020-09-02,Daerah Istimewa Yogyakarta,29,2,25,2,1474,1061,41,372
2020-09-03,Daerah Istimewa Yogyakarta,33,2,14,17,1507,1075,43,389
2020-09-04,Daerah Istimewa Yogyakarta,18,1,21,-4,1525,1096,44,385
2020-09-05,Daerah Istimewa Yogyakarta,21,1,20,0,1546,1116,45,385
2020-09-06,Daerah Istimewa Yogyakarta,11,1,41,-31,1557,1157,46,354
2020-09-07,Daerah Istimewa Yogyakarta,14,0,32,-18,1571,1189,46,336
2020-09-08,Daerah Istimewa Yogyakarta,24,1,27,-4,1595,1216,47,332
2020-09-09,Daerah Istimewa Yogyakarta,50,1,52,-3,1645,1268,48,329
2020-09-10,Daerah Istimewa Yogyakarta,50,1,30,19,1695,1298,49,348
2020-09-11,Daerah Istimewa Yogyakarta,49,1,15,33,1744,1313,50,381
2020-09-12,Daerah Istimewa Yogyakarta,43,0,12,31,1787,1325,50,412
2020-09-13,Daerah Istimewa Yogyakarta,49,2,7,40,1836,1332,52,452
2020-09-14,Daerah Istimewa Yogyakarta,33,1,23,9,1869,1355,53,461
2020-09-15,Daerah Istimewa Yogyakarta,26,0,15,11,1895,1370,53,472
2020-09-16,Daerah Istimewa Yogyakarta,48,0,50,-2,1943,1420,53,470
2020-09-17,Daerah Istimewa Yogyakarta,41,0,20,21,1984,1440,53,491
2020-09-18,Daerah Istimewa Yogyakarta,53,0,31,22,2037,1471,53,513
2020-09-19,Daerah Istimewa Yogyakarta,74,1,20,53,2111,1491,54,566
2020-09-20,Daerah Istimewa Yogyakarta,70,4,15,51,2181,1506,58,617
2020-09-21,Daerah Istimewa Yogyakarta,64,2,37,25,2245,1543,60,642
2020-09-22,Daerah Istimewa Yogyakarta,67,0,35,32,2312,1578,60,674
2020-09-23,Daerah Istimewa Yogyakarta,63,1,56,6,2375,1634,61,680
2020-09-24,Daerah Istimewa Yogyakarta,22,3,18,1,2397,1652,64,681
2020-09-25,Daerah Istimewa Yogyakarta,61,0,25,36,2458,1677,64,717
2020-09-26,Daerah Istimewa Yogyakarta,41,0,40,1,2499,1717,64,718
2020-09-27,Daerah Istimewa Yogyakarta,20,1,26,-7,2519,1743,65,711
2020-09-28,Daerah Istimewa Yogyakarta,39,0,53,-14,2558,1796,65,697
2020-09-29,Daerah Istimewa Yogyakarta,49,2,59,-12,2607,1855,67,685
2020-09-30,Daerah Istimewa Yogyakarta,36,0,29,7,2643,1884,67,692
2020-10-01,Daerah Istimewa Yogyakarta,37,2,49,-14,2680,1933,69,678
2020-10-02,Daerah Istimewa Yogyakarta,20,4,23,-7,2700,1956,73,671
2020-10-03,Daerah Istimewa Yogyakarta,72,1,19,52,2772,1975,74,723
2020-10-04,Daerah Istimewa Yogyakarta,19,1,70,-52,2791,2045,75,671
2020-10-05,Daerah Istimewa Yogyakarta,22,0,76,-54,2813,2121,75,617
2020-10-06,Daerah Istimewa Yogyakarta,20,0,40,-20,2833,2161,75,597
2020-10-07,Daerah Istimewa Yogyakarta,20,0,20,0,2853,2181,75,597
2020-10-08,Daerah Istimewa Yogyakarta,51,1,9,41,2904,2190,76,638
2020-10-09,Daerah Istimewa Yogyakarta,56,2,31,23,2960,2221,78,661
2020-10-10,Daerah Istimewa Yogyakarta,69,0,13,56,3029,2234,78,717
2020-10-11,Daerah Istimewa Yogyakarta,35,1,37,-3,3064,2271,79,714
2020-10-12,Daerah Istimewa Yogyakarta,43,1,83,-41,3107,2354,80,673
2020-10-13,Daerah Istimewa Yogyakarta,38,1,39,-2,3145,2393,81,671
2020-10-14,Daerah Istimewa Yogyakarta,26,2,20,4,3171,2413,83,675
2020-10-15,Daerah Istimewa Yogyakarta,45,2,55,-12,3216,2468,85,663
2020-10-16,Daerah Istimewa Yogyakarta,45,0,32,13,3261,2500,85,676
2020-10-17,Daerah Istimewa Yogyakarta,24,0,48,-24,3285,2548,85,652
2020-10-18,Daerah Istimewa Yogyakarta,40,1,64,-25,3325,2612,86,627
2020-10-19,Daerah Istimewa Yogyakarta,18,0,75,-57,3343,2687,86,570
2020-10-20,Daerah Istimewa Yogyakarta,13,0,51,-38,3356,2738,86,532
2020-10-21,Daerah Istimewa Yogyakarta,33,2,20,11,3389,2758,88,543
2020-10-22,Daerah Istimewa Yogyakarta,45,0,19,26,3434,2777,88,569
2020-10-23,Daerah Istimewa Yogyakarta,28,0,25,3,3462,2802,88,572
2020-10-24,Daerah Istimewa Yogyakarta,44,0,36,8,3506,2838,88,580
2020-10-25,Daerah Istimewa Yogyakarta,44,0,68,-24,3550,2906,88,556
2020-10-26,Daerah Istimewa Yogyakarta,26,0,29,-3,3576,2935,88,553
2020-10-27,Daerah Istimewa Yogyakarta,41,1,32,8,3617,2967,89,561
2020-10-28,Daerah Istimewa Yogyakarta,45,1,41,3,3662,3008,90,564
2020-10-29,Daerah Istimewa Yogyakarta,82,1,51,30,3744,3059,91,594
2020-10-30,Daerah Istimewa Yogyakarta,59,1,60,-2,3803,3119,92,592
2020-10-31,Daerah Istimewa Yogyakarta,32,1,23,8,3835,3142,93,600
2020-11-01,Daerah Istimewa Yogyakarta,16,0,13,3,3851,3155,93,603
2020-11-02,Daerah Istimewa Yogyakarta,32,1,49,-18,3883,3204,94,585
2020-11-03,Daerah Istimewa Yogyakarta,49,1,22,26,3932,3226,95,611
2020-11-04,Daerah Istimewa Yogyakarta,40,2,47,-9,3972,3273,97,602
2020-11-05,Daerah Istimewa Yogyakarta,168,2,30,136,4140,3303,99,738
2020-11-06,Daerah Istimewa Yogyakarta,25,1,31,-7,4165,3334,100,731
2020-11-07,Daerah Istimewa Yogyakarta,38,2,48,-12,4203,3382,102,719
2020-11-08,Daerah Istimewa Yogyakarta,34,1,32,1,4237,3414,103,720
2020-11-09,Daerah Istimewa Yogyakarta,32,2,62,-32,4269,3476,105,688
2020-11-10,Daerah Istimewa Yogyakarta,21,1,19,1,4290,3495,106,689
2020-11-11,Daerah Istimewa Yogyakarta,30,1,44,-15,4320,3539,107,674
2020-11-12,Daerah Istimewa Yogyakarta,79,3,24,52,4399,3563,110,726
2020-11-13,Daerah Istimewa Yogyakarta,61,2,29,30,4460,3592,112,756
2020-11-14,Daerah Istimewa Yogyakarta,51,1,23,27,4511,3615,113,783
2020-11-15,Daerah Istimewa Yogyakarta,7,1,7,-1,4518,3622,114,782
2020-11-16,Daerah Istimewa Yogyakarta,67,0,15,52,4585,3637,114,834
2020-11-17,Daerah Istimewa Yogyakarta,90,1,30,59,4675,3667,115,893
2020-11-18,Daerah Istimewa Yogyakarta,153,2,41,110,4828,3708,117,1003
2020-11-19,Daerah Istimewa Yogyakarta,108,0,50,58,4936,3758,117,1061
2020-11-20,Daerah Istimewa Yogyakarta,68,2,59,7,5004,3817,119,1068
2020-11-21,Daerah Istimewa Yogyakarta,56,2,27,27,5060,3844,121,1095
2020-11-22,Daerah Istimewa Yogyakarta,77,4,9,64,5137,3853,125,1159
2020-11-23,Daerah Istimewa Yogyakarta,82,2,100,-20,5219,3953,127,1139
2020-11-24,Daerah Istimewa Yogyakarta,84,6,40,38,5303,3993,133,1177
2020-11-25,Daerah Istimewa Yogyakarta,150,3,143,4,5453,4136,136,1181
2020-11-26,Daerah Istimewa Yogyakarta,103,1,61,41,5556,4197,137,1222
2020-11-27,Daerah Istimewa Yogyakarta,89,3,30,56,5645,4227,140,1278
2020-11-28,Daerah Istimewa Yogyakarta,138,4,53,81,5783,4280,144,1359
2020-11-29,Daerah Istimewa Yogyakarta,139,1,51,87,5922,4331,145,1446
2020-11-30,Daerah Istimewa Yogyakarta,41,0,66,-25,5963,4397,145,1421
2020-12-01,Daerah Istimewa Yogyakarta,110,1,68,41,6073,4465,146,1462
2020-12-02,Daerah Istimewa Yogyakarta,122,1,30,91,6195,4495,147,1553
2020-12-03,Daerah Istimewa Yogyakarta,189,1,77,111,6384,4572,148,1664
2020-12-04,Daerah Istimewa Yogyakarta,181,0,76,105,6565,4648,148,1769
2020-12-05,Daerah Istimewa Yogyakarta,167,2,84,81,6732,4732,150,1850
2020-12-06,Daerah Istimewa Yogyakarta,224,2,83,139,6956,4815,152,1989
2020-12-07,Daerah Istimewa Yogyakarta,99,0,59,40,7055,4874,152,2029
2020-12-08,Daerah Istimewa Yogyakarta,168,1,69,98,7223,4943,153,2127
2020-12-09,Daerah Istimewa Yogyakarta,198,2,218,-22,7421,5161,155,2105
2020-12-10,Daerah Istimewa Yogyakarta,191,7,104,80,7612,5265,162,2185
2020-12-11,Daerah Istimewa Yogyakarta,157,3,116,38,7769,5381,165,2223
2020-12-12,Daerah Istimewa Yogyakarta,227,1,99,127,7996,5480,166,2350
2020-12-13,Daerah Istimewa Yogyakarta,151,2,130,19,8147,5610,168,2369
2020-12-14,Daerah Istimewa Yogyakarta,111,1,57,53,8258,5667,169,2422
2020-12-15,Daerah Istimewa Yogyakarta,160,3,107,50,8418,5774,172,2472
2020-12-16,Daerah Istimewa Yogyakarta,218,3,71,144,8636,5845,175,2616
2020-12-17,Daerah Istimewa Yogyakarta,224,2,60,162,8860,5905,177,2778
2020-12-18,Daerah Istimewa Yogyakarta,211,2,199,10,9071,6104,179,2788
2020-12-19,Daerah Istimewa Yogyakarta,216,3,74,139,9287,6178,182,2927
2020-12-20,Daerah Istimewa Yogyakarta,210,8,203,-1,9497,6381,190,2926
2020-12-21,Daerah Istimewa Yogyakarta,186,7,175,4,9683,6556,197,2930
2020-12-22,Daerah Istimewa Yogyakarta,242,8,45,189,9925,6601,205,3119
2020-12-23,Daerah Istimewa Yogyakarta,219,1,146,72,10144,6747,206,3191
2020-12-24,Daerah Istimewa Yogyakarta,253,7,164,82,10397,6911,213,3273
2020-12-25,Daerah Istimewa Yogyakarta,256,12,155,89,10653,7066,225,3362
2020-12-26,Daerah Istimewa Yogyakarta,274,6,100,168,10927,7166,231,3530
2020-12-27,Daerah Istimewa Yogyakarta,183,3,149,31,11110,7315,234,3561
2020-12-28,Daerah Istimewa Yogyakarta,210,4,107,99,11320,7422,238,3660
2020-12-29,Daerah Istimewa Yogyakarta,282,10,295,-23,11602,7717,248,3637
2020-12-30,Daerah Istimewa Yogyakarta,296,11,339,-54,11898,8056,259,3583
2020-12-31,Daerah Istimewa Yogyakarta,257,0,119,138,12155,8175,259,3721
2021-01-01,Daerah Istimewa Yogyakarta,233,13,113,107,12388,8288,272,3828
2021-01-02,Daerah Istimewa Yogyakarta,291,2,217,72,12679,8505,274,3900
2021-01-03,Daerah Istimewa Yogyakarta,218,13,221,-16,12897,8726,287,3884
2021-01-04,Daerah Istimewa Yogyakarta,146,3,133,10,13043,8859,290,3894
2021-01-05,Daerah Istimewa Yogyakarta,297,3,45,249,13340,8904,293,4143
2021-01-06,Daerah Istimewa Yogyakarta,272,4,290,-22,13612,9194,297,4121
2021-01-07,Daerah Istimewa Yogyakarta,355,4,180,171,13967,9374,301,4292
2021-01-08,Daerah Istimewa Yogyakarta,379,7,147,225,14346,9521,308,4517
2021-01-09,Daerah Istimewa Yogyakarta,301,7,136,158,14647,9657,315,4675
2021-01-10,Daerah Istimewa Yogyakarta,282,9,234,39,14929,9891,324,4714
2021-01-11,Daerah Istimewa Yogyakarta,285,9,200,76,15214,10091,333,4790
2021-01-12,Daerah Istimewa Yogyakarta,268,3,150,115,15482,10241,336,4905
2021-01-13,Daerah Istimewa Yogyakarta,319,5,178,136,15801,10419,341,5041
2021-01-14,Daerah Istimewa Yogyakarta,291,8,128,155,16092,10547,349,5196
2021-01-15,Daerah Istimewa Yogyakarta,262,18,248,-4,16354,10795,367,5192
2021-01-16,Daerah Istimewa Yogyakarta,302,12,298,-8,16656,11093,379,5184
2021-01-17,Daerah Istimewa Yogyakarta,277,9,173,95,16933,11266,388,5279
2021-01-18,Daerah Istimewa Yogyakarta,295,6,287,2,17228,11553,394,5281
2021-01-19,Daerah Istimewa Yogyakarta,287,1,107,179,17515,11660,395,5460
2021-01-20,Daerah Istimewa Yogyakarta,287,13,188,86,17802,11848,408,5546
2021-01-21,Daerah Istimewa Yogyakarta,456,9,207,240,18258,12055,417,5786
2021-01-22,Daerah Istimewa Yogyakarta,478,5,374,99,18736,12429,422,5885
2021-01-23,Daerah Istimewa Yogyakarta,473,8,117,348,19209,12546,430,6233
2021-01-24,Daerah Istimewa Yogyakarta,210,9,186,15,19419,12732,439,6248
2021-01-25,Daerah Istimewa Yogyakarta,310,15,408,-113,19729,13140,454,6135
2021-01-26,Daerah Istimewa Yogyakarta,325,6,311,8,20054,13451,460,6143
2021-01-27,Daerah Istimewa Yogyakarta,427,15,383,29,20481,13834,475,6172
2021-01-28,Daerah Istimewa Yogyakarta,359,9,383,-33,20840,14217,484,6139
2021-01-29,Daerah Istimewa Yogyakarta,414,3,210,201,21254,14427,487,6340
2021-01-30,Daerah Istimewa Yogyakarta,317,7,262,48,21571,14689,494,6388
2021-01-31,Daerah Istimewa Yogyakarta,254,14,409,-169,21825,15098,508,6219
2021-02-01,Daerah Istimewa Yogyakarta,222,7,260,-45,22047,15358,515,6174
2021-02-02,Daerah Istimewa Yogyakarta,226,6,271,-51,22273,15629,521,6123
2021-02-03,Daerah Istimewa Yogyakarta,312,4,312,-4,22585,15941,525,6119
2021-02-04,Daerah Istimewa Yogyakarta,321,6,229,86,22906,16170,531,6205
2021-02-05,Daerah Istimewa Yogyakarta,280,2,164,114,23186,16334,533,6319
2021-02-06,Daerah Istimewa Yogyakarta,217,4,266,-53,23403,16600,537,6266
2021-02-07,Daerah Istimewa Yogyakarta,145,3,215,-73,23548,16815,540,6193
2021-02-08,Daerah Istimewa Yogyakarta,206,13,255,-62,23754,17070,553,6131
2021-02-09,Daerah Istimewa Yogyakarta,228,4,328,-104,23982,17398,557,6027
2021-02-10,Daerah Istimewa Yogyakarta,291,7,257,27,24273,17655,564,6054
2021-02-11,Daerah Istimewa Yogyakarta,261,3,259,-1,24534,17914,567,6053
2021-02-12,Daerah Istimewa Yogyakarta,278,11,175,92,24812,18089,578,6145
2021-02-13,Daerah Istimewa Yogyakarta,113,9,370,-266,24925,18459,587,5879
2021-02-14,Daerah Istimewa Yogyakarta,108,9,247,-148,25033,18706,596,5731
2021-02-15,Daerah Istimewa Yogyakarta,135,5,139,-9,25168,18845,601,5722
2021-02-16,Daerah Istimewa Yogyakarta,165,5,262,-102,25333,19107,606,5620
2021-02-17,Daerah Istimewa Yogyakarta,229,3,227,-1,25562,19334,609,5619
2021-02-18,Daerah Istimewa Yogyakarta,255,11,118,126,25817,19452,620,5745
2021-02-19,Daerah Istimewa Yogyakarta,263,4,259,0,26080,19711,624,5745
2021-02-20,Daerah Istimewa Yogyakarta,201,5,128,68,26281,19839,629,5813
2021-02-21,Daerah Istimewa Yogyakarta,175,8,257,-90,26456,20096,637,5723
2021-02-22,Daerah Istimewa Yogyakarta,138,7,227,-96,26594,20323,644,5627
2021-02-23,Daerah Istimewa Yogyakarta,228,10,242,-24,26822,20565,654,5603
2021-02-24,Daerah Istimewa Yogyakarta,201,6,253,-58,27023,20818,660,5545
2021-02-25,Daerah Istimewa Yogyakarta,228,3,256,-31,27251,21074,663,5514
2021-02-26,Daerah Istimewa Yogyakarta,174,4,223,-53,27425,21297,667,5461
2021-02-27,Daerah Istimewa Yogyakarta,228,7,218,3,27653,21515,674,5464
2021-02-28,Daerah Istimewa Yogyakarta,170,4,259,-93,27823,21774,678,5371
2021-03-01,Daerah Istimewa Yogyakarta,144,4,274,-134,27967,22048,682,5237
2021-03-02,Daerah Istimewa Yogyakarta,150,4,266,-120,28117,22314,686,5117
2021-03-03,Daerah Istimewa Yogyakarta,229,7,160,62,28346,22474,693,5179
2021-03-04,Daerah Istimewa Yogyakarta,228,5,280,-57,28574,22754,698,5122
2021-03-05,Daerah Istimewa Yogyakarta,175,0,95,80,28749,22849,698,5202
2021-03-06,Daerah Istimewa Yogyakarta,89,5,249,-165,28838,23098,703,5037
2021-03-07,Daerah Istimewa Yogyakarta,149,4,105,40,28987,23203,707,5077
2021-03-08,Daerah Istimewa Yogyakarta,167,6,161,0,29154,23364,713,5077
2021-03-09,Daerah Istimewa Yogyakarta,176,2,190,-16,29330,23554,715,5061
2021-03-10,Daerah Istimewa Yogyakarta,178,6,141,31,29508,23695,721,5092
2021-03-11,Daerah Istimewa Yogyakarta,128,1,295,-168,29636,23990,722,4924
2021-03-12,Daerah Istimewa Yogyakarta,203,0,170,33,29839,24160,722,4957
2021-03-13,Daerah Istimewa Yogyakarta,188,3,259,-74,30027,24419,725,4883
2021-03-14,Daerah Istimewa Yogyakarta,90,4,266,-180,30117,24685,729,4703
2021-03-15,Daerah Istimewa Yogyakarta,140,3,151,-14,30257,24836,732,4689
2021-03-16,Daerah Istimewa Yogyakarta,170,6,211,-47,30427,25047,738,4642
2021-03-17,Daerah Istimewa Yogyakarta,270,1,74,195,30697,25121,739,4837
2021-03-18,Daerah Istimewa Yogyakarta,257,6,125,126,30954,25246,745,4963
2021-03-19,Daerah Istimewa Yogyakarta,161,3,200,-42,31115,25446,748,4921
2021-03-20,Daerah Istimewa Yogyakarta,242,5,100,137,31357,25546,753,5058
2021-03-21,Daerah Istimewa Yogyakarta,95,4,60,31,31452,25606,757,5089
2021-03-22,Daerah Istimewa Yogyakarta,143,4,174,-35,31595,25780,761,5054
2021-03-23,Daerah Istimewa Yogyakarta,205,3,220,-18,31800,26000,764,5036
2021-03-24,Daerah Istimewa Yogyakarta,254,4,150,100,32054,26150,768,5136
2021-03-25,Daerah Istimewa Yogyakarta,258,1,193,64,32312,26343,769,5200
2021-03-26,Daerah Istimewa Yogyakarta,232,8,140,84,32544,26483,777,5284
2021-03-27,Daerah Istimewa Yogyakarta,140,11,200,-71,32684,26683,788,5213
2021-03-28,Daerah Istimewa Yogyakarta,127,6,179,-58,32811,26862,794,5155
2021-03-29,Daerah Istimewa Yogyakarta,106,6,172,-72,32917,27034,800,5083
2021-03-30,Daerah Istimewa Yogyakarta,283,5,238,40,33200,27272,805,5123
2021-03-31,Daerah Istimewa Yogyakarta,272,4,231,37,33472,27503,809,5160
2021-04-01,Daerah Istimewa Yogyakarta,176,5,280,-109,33648,27783,814,5051
2021-04-02,Daerah Istimewa Yogyakarta,254,3,165,86,33902,27948,817,5137
2021-04-03,Daerah Istimewa Yogyakarta,118,7,231,-120,34020,28179,824,5017
2021-04-04,Daerah Istimewa Yogyakarta,123,2,183,-62,34143,28362,826,4955
2021-04-05,Daerah Istimewa Yogyakarta,135,1,227,-93,34278,28589,827,4862
2021-04-06,Daerah Istimewa Yogyakarta,233,7,207,19,34511,28796,834,4881
2021-04-07,Daerah Istimewa Yogyakarta,272,1,200,71,34783,28996,835,4952
2021-04-08,Daerah Istimewa Yogyakarta,220,5,210,5,35003,29206,840,4957
2021-04-09,Daerah Istimewa Yogyakarta,222,6,151,65,35225,29357,846,5022
2021-04-10,Daerah Istimewa Yogyakarta,230,7,177,46,35455,29534,853,5068
2021-04-11,Daerah Istimewa Yogyakarta,130,6,203,-79,35585,29737,859,4989
2021-04-12,Daerah Istimewa Yogyakarta,131,3,265,-137,35716,30002,862,4852
2021-04-13,Daerah Istimewa Yogyakarta,232,7,231,-6,35948,30233,869,4846
2021-04-14,Daerah Istimewa Yogyakarta,292,5,290,-3,36240,30523,874,4843
2021-04-15,Daerah Istimewa Yogyakarta,221,5,267,-51,36461,30790,879,4792
2021-04-16,Daerah Istimewa Yogyakarta,218,6,201,11,36679,30991,885,4803
2021-04-17,Daerah Istimewa Yogyakarta,158,9,281,-132,36837,31272,894,4671
2021-04-18,Daerah Istimewa Yogyakarta,143,6,225,-88,36980,31497,900,4583
2021-04-19,Daerah Istimewa Yogyakarta,170,6,168,-4,37150,31665,906,4579
2021-04-20,Daerah Istimewa Yogyakarta,210,4,243,-37,37360,31908,910,4542
2021-04-21,Daerah Istimewa Yogyakarta,229,9,242,-22,37589,32150,919,4520
2021-04-22,Daerah Istimewa Yogyakarta,257,8,274,-25,37846,32424,927,4495
2021-04-23,Daerah Istimewa Yogyakarta,137,5,260,-128,37983,32684,932,4367
2021-04-24,Daerah Istimewa Yogyakarta,149,4,262,-117,38132,32946,936,4250
2021-04-25,Daerah Istimewa Yogyakarta,223,5,251,-33,38355,33197,941,4217
2021-04-26,Daerah Istimewa Yogyakarta,184,2,225,-43,38539,33422,943,4174
2021-04-27,Daerah Istimewa Yogyakarta,164,5,212,-53,38703,33634,948,4121
2021-04-28,Daerah Istimewa Yogyakarta,292,5,200,87,38995,33834,953,4208
2021-04-29,Daerah Istimewa Yogyakarta,259,2,313,-56,39254,34147,955,4152
2021-04-30,Daerah Istimewa Yogyakarta,262,1,257,4,39516,34404,956,4156
2021-05-01,Daerah Istimewa Yogyakarta,128,4,330,-206,39644,34734,960,3950
2021-05-02,Daerah Istimewa Yogyakarta,180,5,308,-133,39824,35042,965,3817
2021-05-03,Daerah Istimewa Yogyakarta,157,5,332,-180,39981,35374,970,3637
2021-05-04,Daerah Istimewa Yogyakarta,159,11,254,-106,40140,35628,981,3531
2021-05-05,Daerah Istimewa Yogyakarta,232,6,261,-35,40372,35889,987,3496
2021-05-06,Daerah Istimewa Yogyakarta,229,5,319,-95,40601,36208,992,3401
2021-05-07,Daerah Istimewa Yogyakarta,184,11,271,-98,40785,36479,1003,3303
2021-05-08,Daerah Istimewa Yogyakarta,137,10,261,-134,40922,36740,1013,3169
2021-05-09,Daerah Istimewa Yogyakarta,140,10,202,-72,41062,36942,1023,3097
2021-05-10,Daerah Istimewa Yogyakarta,142,5,215,-78,41204,37157,1028,3019
2021-05-11,Daerah Istimewa Yogyakarta,154,5,307,-158,41358,37464,1033,2861
2021-05-12,Daerah Istimewa Yogyakarta,217,8,232,-23,41575,37696,1041,2838
2021-05-13,Daerah Istimewa Yogyakarta,105,4,240,-139,41680,37936,1045,2699
2021-05-14,Daerah Istimewa Yogyakarta,97,13,165,-81,41777,38101,1058,2618
2021-05-15,Daerah Istimewa Yogyakarta,94,5,266,-177,41871,38367,1063,2441
2021-05-16,Daerah Istimewa Yogyakarta,135,5,158,-28,42006,38525,1068,2413
2021-05-17,Daerah Istimewa Yogyakarta,136,8,170,-42,42142,38695,1076,2371
2021-05-18,Daerah Istimewa Yogyakarta,155,3,212,-60,42297,38907,1079,2311
2021-05-19,Daerah Istimewa Yogyakarta,227,10,190,27,42524,39097,1089,2338
2021-05-20,Daerah Istimewa Yogyakarta,269,10,225,34,42793,39322,1099,2372
2021-05-21,Daerah Istimewa Yogyakarta,198,10,263,-75,42991,39585,1109,2297
2021-05-22,Daerah Istimewa Yogyakarta,138,6,212,-80,43129,39797,1115,2217
2021-05-23,Daerah Istimewa Yogyakarta,152,6,185,-39,43281,39982,1121,2178
2021-05-24,Daerah Istimewa Yogyakarta,149,7,200,-58,43430,40182,1128,2120
2021-05-25,Daerah Istimewa Yogyakarta,215,10,191,14,43645,40373,1138,2134
2021-05-26,Daerah Istimewa Yogyakarta,190,6,191,-7,43835,40564,1144,2127
2021-05-27,Daerah Istimewa Yogyakarta,186,7,204,-25,44021,40768,1151,2102
2021-05-28,Daerah Istimewa Yogyakarta,180,4,195,-19,44201,40963,1155,2083
2021-05-29,Daerah Istimewa Yogyakarta,211,9,169,33,44412,41132,1164,2116
2021-05-30,Daerah Istimewa Yogyakarta,176,12,167,-3,44588,41299,1176,2113
2021-05-31,Daerah Istimewa Yogyakarta,158,7,141,10,44746,41440,1183,2123
2021-06-01,Daerah Istimewa Yogyakarta,219,9,178,32,44965,41618,1192,2155
2021-06-02,Daerah Istimewa Yogyakarta,268,4,129,135,45233,41747,1196,2290
2021-06-03,Daerah Istimewa Yogyakarta,206,7,145,54,45439,41892,1203,2344
2021-06-04,Daerah Istimewa Yogyakarta,299,5,161,133,45738,42053,1208,2477
2021-06-05,Daerah Istimewa Yogyakarta,150,6,107,37,45888,42160,1214,2514
2021-06-06,Daerah Istimewa Yogyakarta,295,5,211,79,46183,42371,1219,2593
2021-06-07,Daerah Istimewa Yogyakarta,253,5,207,41,46436,42578,1224,2634
2021-06-08,Daerah Istimewa Yogyakarta,237,8,200,29,46673,42778,1232,2663
2021-06-09,Daerah Istimewa Yogyakarta,304,7,210,87,46977,42988,1239,2750
2021-06-10,Daerah Istimewa Yogyakarta,455,9,233,213,47432,43221,1248,2963
2021-06-11,Daerah Istimewa Yogyakarta,417,9,217,191,47849,43438,1257,3154
2021-06-12,Daerah Istimewa Yogyakarta,436,10,210,216,48285,43648,1267,3370
2021-06-13,Daerah Istimewa Yogyakarta,466,8,226,232,48751,43874,1275,3602
2021-06-14,Daerah Istimewa Yogyakarta,428,5,208,215,49179,44082,1280,3817
2021-06-15,Daerah Istimewa Yogyakarta,438,17,211,210,49617,44293,1297,4027
2021-06-16,Daerah Istimewa Yogyakarta,534,15,280,239,50151,44573,1312,4266
2021-06-17,Daerah Istimewa Yogyakarta,595,18,270,307,50746,44843,1330,4573
2021-06-18,Daerah Istimewa Yogyakarta,592,12,237,343,51338,45080,1342,4916
2021-06-19,Daerah Istimewa Yogyakarta,638,10,275,353,51976,45355,1352,5269
2021-06-20,Daerah Istimewa Yogyakarta,665,15,280,370,52641,45635,1367,5639
2021-06-21,Daerah Istimewa Yogyakarta,662,12,218,432,53303,45853,1379,6071
2021-06-22,Daerah Istimewa Yogyakarta,675,15,260,400,53978,46113,1394,6471
2021-06-23,Daerah Istimewa Yogyakarta,694,17,273,404,54672,46386,1411,6875
2021-06-24,Daerah Istimewa Yogyakarta,791,11,258,522,55463,46644,1422,7397
2021-06-25,Daerah Istimewa Yogyakarta,783,16,277,490,56246,46921,1438,7887
2021-06-26,Daerah Istimewa Yogyakarta,782,22,233,527,57028,47154,1460,8414
2021-06-27,Daerah Istimewa Yogyakarta,831,19,308,504,57859,47462,1479,8918
2021-06-28,Daerah Istimewa Yogyakarta,859,32,330,497,58718,47792,1511,9415
2021-06-29,Daerah Istimewa Yogyakarta,850,18,390,442,59568,48182,1529,9857
2021-06-30,Daerah Istimewa Yogyakarta,892,30,351,511,60460,48533,1559,10368
2021-07-01,Daerah Istimewa Yogyakarta,895,37,365,493,61355,48898,1596,10861
2021-07-02,Daerah Istimewa Yogyakarta,922,24,353,545,62277,49251,1620,11406
2021-07-03,Daerah Istimewa Yogyakarta,1358,36,424,898,63635,49675,1656,12304
2021-07-04,Daerah Istimewa Yogyakarta,1615,38,524,1053,65250,50199,1694,13357
2021-07-05,Daerah Istimewa Yogyakarta,1465,32,623,810,66715,50822,1726,14167
2021-07-06,Daerah Istimewa Yogyakarta,1386,52,779,555,68101,51601,1778,14722
2021-07-07,Daerah Istimewa Yogyakarta,1370,32,800,538,69471,52401,1810,15260
2021-07-08,Daerah Istimewa Yogyakarta,1424,38,918,468,70895,53319,1848,15728
2021-07-09,Daerah Istimewa Yogyakarta,1665,44,902,719,72560,54221,1892,16447
2021-07-10,Daerah Istimewa Yogyakarta,1809,37,718,1054,74369,54939,1929,17501
2021-07-11,Daerah Istimewa Yogyakarta,1895,50,710,1135,76264,55649,1979,18636
2021-07-12,Daerah Istimewa Yogyakarta,1731,47,782,902,77995,56431,2026,19538
2021-07-13,Daerah Istimewa Yogyakarta,2731,39,842,1850,80726,57273,2065,21388
2021-07-14,Daerah Istimewa Yogyakarta,2350,66,1044,1240,83076,58317,2131,22628
2021-07-15,Daerah Istimewa Yogyakarta,2706,54,1027,1625,85782,59344,2185,24253
2021-07-16,Daerah Istimewa Yogyakarta,1661,65,1235,361,87443,60579,2250,24614
2021-07-17,Daerah Istimewa Yogyakarta,2522,85,1069,1368,89965,61648,2335,25982
2021-07-18,Daerah Istimewa Yogyakarta,2119,48,779,1292,92084,62427,2383,27274
2021-07-19,Daerah Istimewa Yogyakarta,1992,53,1333,606,94076,63760,2436,27880
2021-07-20,Daerah Istimewa Yogyakarta,1872,69,1150,653,95948,64910,2505,28533
2021-07-21,Daerah Istimewa Yogyakarta,1648,87,1038,523,97596,65948,2592,29056
2021-07-22,Daerah Istimewa Yogyakarta,1978,88,1034,856,99574,66982,2680,29912
2021-07-23,Daerah Istimewa Yogyakarta,1431,97,976,358,101005,67958,2777,30270
2021-07-24,Daerah Istimewa Yogyakarta,1628,87,1093,448,102633,69051,2864,30718
2021-07-25,Daerah Istimewa Yogyakarta,2145,59,1115,971,104778,70166,2923,31689
2021-07-26,Daerah Istimewa Yogyakarta,2667,77,1018,1572,107445,71184,3000,33261
2021-07-27,Daerah Istimewa Yogyakarta,2732,104,1126,1502,110177,72310,3104,34763
2021-07-28,Daerah Istimewa Yogyakarta,2282,67,1242,973,112459,73552,3171,35736
2021-07-29,Daerah Istimewa Yogyakarta,1920,58,1110,752,114379,74662,3229,36488
2021-07-30,Daerah Istimewa Yogyakarta,1932,93,1809,30,116311,76471,3322,36518
2021-07-31,Daerah Istimewa Yogyakarta,1522,76,1296,150,117833,77767,3398,36668
2021-08-01,Daerah Istimewa Yogyakarta,1303,58,888,357,119136,78655,3456,37025
2020-01-08,Jawa Timur,9,3,1,5,9,1,3,5
2020-01-09,Jawa Timur,0,1,23,-24,9,24,4,-19
2020-01-10,Jawa Timur,0,1,14,-15,9,38,5,-34
2020-01-11,Jawa Timur,0,3,8,-11,9,46,8,-45
2020-01-12,Jawa Timur,0,3,1,-4,9,47,11,-49
2020-01-13,Jawa Timur,0,0,0,0,9,47,11,-49
2020-01-14,Jawa Timur,0,0,0,0,9,47,11,-49
2020-01-15,Jawa Timur,0,0,0,0,9,47,11,-49
2020-01-16,Jawa Timur,0,0,0,0,9,47,11,-49
2020-01-17,Jawa Timur,0,0,4,-4,9,51,11,-53
2020-01-18,Jawa Timur,0,0,8,-8,9,59,11,-61
2020-01-19,Jawa Timur,0,0,0,0,9,59,11,-61
2020-01-20,Jawa Timur,0,0,0,0,9,59,11,-61
2020-01-21,Jawa Timur,0,0,0,0,9,59,11,-61
2020-01-22,Jawa Timur,0,0,0,0,9,59,11,-61
2020-01-23,Jawa Timur,0,0,0,0,9,59,11,-61
2020-01-24,Jawa Timur,0,0,0,0,9,59,11,-61
2020-01-25,Jawa Timur,0,0,0,0,9,59,11,-61
2020-01-26,Jawa Timur,0,0,0,0,9,59,11,-61
2020-01-27,Jawa Timur,0,0,0,0,9,59,11,-61
2020-01-28,Jawa Timur,0,0,0,0,9,59,11,-61
2020-01-29,Jawa Timur,0,0,0,0,9,59,11,-61
2020-01-30,Jawa Timur,0,0,0,0,9,59,11,-61
2020-01-31,Jawa Timur,0,0,0,0,9,59,11,-61
2020-02-01,Jawa Timur,0,0,0,0,9,59,11,-61
2020-02-02,Jawa Timur,0,0,0,0,9,59,11,-61
2020-02-03,Jawa Timur,0,0,2,-2,9,61,11,-63
2020-02-04,Jawa Timur,0,0,0,0,9,61,11,-63
2020-02-05,Jawa Timur,0,0,0,0,9,61,11,-63
2020-02-06,Jawa Timur,0,0,4,-4,9,65,11,-67
2020-02-07,Jawa Timur,0,0,0,0,9,65,11,-67
2020-02-08,Jawa Timur,0,0,13,-13,9,78,11,-80
2020-02-09,Jawa Timur,0,4,27,-31,9,105,15,-111
2020-02-10,Jawa Timur,0,0,20,-20,9,125,15,-131
2020-02-11,Jawa Timur,0,3,7,-10,9,132,18,-141
2020-02-12,Jawa Timur,0,5,0,-5,9,132,23,-146
2020-02-13,Jawa Timur,0,0,0,0,9,132,23,-146
2020-02-14,Jawa Timur,0,0,0,0,9,132,23,-146
2020-02-15,Jawa Timur,0,0,0,0,9,132,23,-146
2020-02-16,Jawa Timur,0,0,0,0,9,132,23,-146
2020-02-17,Jawa Timur,0,0,0,0,9,132,23,-146
2020-02-18,Jawa Timur,0,0,0,0,9,132,23,-146
2020-02-19,Jawa Timur,0,0,0,0,9,132,23,-146
2020-02-20,Jawa Timur,0,0,0,0,9,132,23,-146
2020-02-21,Jawa Timur,0,0,0,0,9,132,23,-146
2020-02-22,Jawa Timur,0,0,0,0,9,132,23,-146
2020-02-23,Jawa Timur,0,0,0,0,9,132,23,-146
2020-02-24,Jawa Timur,0,0,0,0,9,132,23,-146
2020-02-25,Jawa Timur,0,0,0,0,9,132,23,-146
2020-02-26,Jawa Timur,0,0,0,0,9,132,23,-146
2020-02-27,Jawa Timur,0,0,0,0,9,132,23,-146
2020-02-28,Jawa Timur,0,0,0,0,9,132,23,-146
2020-02-29,Jawa Timur,0,0,0,0,9,132,23,-146
2020-03-01,Jawa Timur,0,0,0,0,9,132,23,-146
2020-03-02,Jawa Timur,0,0,0,0,9,132,23,-146
2020-03-03,Jawa Timur,0,0,0,0,9,132,23,-146
2020-03-04,Jawa Timur,0,0,0,0,9,132,23,-146
2020-03-05,Jawa Timur,0,0,0,0,9,132,23,-146
2020-03-06,Jawa Timur,0,0,0,0,9,132,23,-146
2020-03-07,Jawa Timur,0,0,0,0,9,132,23,-146
2020-03-08,Jawa Timur,0,2,0,-2,9,132,25,-148
2020-03-09,Jawa Timur,0,2,27,-29,9,159,27,-177
2020-03-10,Jawa Timur,0,1,19,-20,9,178,28,-197
2020-03-11,Jawa Timur,0,0,9,-9,9,187,28,-206
2020-03-12,Jawa Timur,0,2,8,-10,9,195,30,-216
2020-03-13,Jawa Timur,0,0,0,0,9,195,30,-216
2020-03-14,Jawa Timur,0,0,0,0,9,195,30,-216
2020-03-15,Jawa Timur,0,0,0,0,9,195,30,-216
2020-03-16,Jawa Timur,0,0,0,0,9,195,30,-216
2020-03-17,Jawa Timur,0,0,0,0,9,195,30,-216
2020-03-18,Jawa Timur,7,1,0,6,16,195,31,-210
2020-03-19,Jawa Timur,3,0,0,3,19,195,31,-207
2020-03-20,Jawa Timur,9,0,0,9,28,195,31,-198
2020-03-21,Jawa Timur,8,0,0,8,36,195,31,-190
2020-03-22,Jawa Timur,14,0,0,14,50,195,31,-176
2020-03-23,Jawa Timur,2,1,0,1,52,195,32,-175
2020-03-24,Jawa Timur,3,1,0,2,55,195,33,-173
2020-03-25,Jawa Timur,9,0,1,8,64,196,33,-165
2020-03-26,Jawa Timur,13,1,0,12,77,196,34,-153
2020-03-27,Jawa Timur,3,1,0,2,80,196,35,-151
2020-03-28,Jawa Timur,14,2,2,10,94,198,37,-141
2020-03-29,Jawa Timur,12,1,28,-17,106,226,38,-158
2020-03-30,Jawa Timur,7,2,0,5,113,226,40,-153
2020-03-31,Jawa Timur,1,0,0,1,114,226,40,-152
2020-04-01,Jawa Timur,9,4,77,-72,123,303,44,-224
2020-04-02,Jawa Timur,0,12,91,-103,123,394,56,-327
2020-04-03,Jawa Timur,47,1,7,39,170,401,57,-288
2020-04-04,Jawa Timur,5,2,3,0,175,404,59,-288
2020-04-05,Jawa Timur,35,2,8,25,210,412,61,-263
2020-04-06,Jawa Timur,9,5,11,-7,219,423,66,-270
2020-04-07,Jawa Timur,5,5,2,-2,224,425,71,-272
2020-04-08,Jawa Timur,15,24,15,-24,239,440,95,-296
2020-04-09,Jawa Timur,36,12,43,-19,275,483,107,-315
2020-04-10,Jawa Timur,30,4,34,-8,305,517,111,-323
2020-04-11,Jawa Timur,15,9,27,-21,320,544,120,-344
2020-04-12,Jawa Timur,111,1,7,103,431,551,121,-241
2020-04-13,Jawa Timur,52,3,6,43,483,557,124,-198
2020-04-14,Jawa Timur,36,2,10,24,519,567,126,-174
2020-04-15,Jawa Timur,25,4,4,17,544,571,130,-157
2020-04-16,Jawa Timur,13,5,3,5,557,574,135,-152
2020-04-17,Jawa Timur,10,6,3,1,567,577,141,-151
2020-04-18,Jawa Timur,34,3,7,24,601,584,144,-127
2020-04-19,Jawa Timur,43,6,2,35,644,586,150,-92
2020-04-20,Jawa Timur,5,3,1,1,649,587,153,-91
2020-04-21,Jawa Timur,10,5,2,3,659,589,158,-88
2020-04-22,Jawa Timur,36,5,30,1,695,619,163,-87
2020-04-23,Jawa Timur,27,4,12,11,722,631,167,-76
2020-04-24,Jawa Timur,20,11,14,-5,742,645,178,-81
2020-04-25,Jawa Timur,75,7,19,49,817,664,185,-32
2020-04-26,Jawa Timur,19,8,4,7,836,668,193,-25
2020-04-27,Jawa Timur,12,5,9,-2,848,677,198,-27
2020-04-28,Jawa Timur,58,1,21,36,906,698,199,9
2020-04-29,Jawa Timur,20,3,10,7,926,708,202,16
2020-04-30,Jawa Timur,75,5,8,62,1001,716,207,78
2020-05-01,Jawa Timur,83,5,33,45,1084,749,212,123
2020-05-02,Jawa Timur,7,10,46,-49,1091,795,222,74
2020-05-03,Jawa Timur,77,6,9,62,1168,804,228,136
2020-05-04,Jawa Timur,13,8,7,-2,1181,811,236,134
2020-05-05,Jawa Timur,41,7,21,13,1222,832,243,147
2020-05-06,Jawa Timur,48,13,11,24,1270,843,256,171
2020-05-07,Jawa Timur,34,14,9,11,1304,852,270,182
2020-05-08,Jawa Timur,30,19,46,-35,1334,898,289,147
2020-05-09,Jawa Timur,158,12,63,83,1492,961,301,230
2020-05-10,Jawa Timur,78,7,48,23,1570,1009,308,253
2020-05-11,Jawa Timur,54,13,70,-29,1624,1079,321,224
2020-05-12,Jawa Timur,111,11,28,72,1735,1107,332,296
2020-05-13,Jawa Timur,141,7,47,87,1876,1154,339,383
2020-05-14,Jawa Timur,85,14,17,54,1961,1171,353,437
2020-05-15,Jawa Timur,57,13,12,32,2018,1183,366,469
2020-05-16,Jawa Timur,168,11,24,133,2186,1207,377,602
2020-05-17,Jawa Timur,57,11,30,16,2243,1237,388,618
2020-05-18,Jawa Timur,124,13,15,96,2367,1252,401,714
2020-05-19,Jawa Timur,84,13,48,23,2451,1300,414,737
2020-05-20,Jawa Timur,124,19,43,62,2575,1343,433,799
2020-05-21,Jawa Timur,431,14,13,404,3006,1356,447,1203
2020-05-22,Jawa Timur,155,9,51,95,3161,1407,456,1298
2020-05-23,Jawa Timur,465,21,90,354,3626,1497,477,1652
2020-05-24,Jawa Timur,72,11,55,6,3698,1552,488,1658
2020-05-25,Jawa Timur,200,15,34,151,3898,1586,503,1809
2020-05-26,Jawa Timur,86,14,67,5,3984,1653,517,1814
2020-05-27,Jawa Timur,166,15,44,107,4150,1697,532,1921
2020-05-28,Jawa Timur,168,13,55,100,4318,1752,545,2021
2020-05-29,Jawa Timur,132,8,52,72,4450,1804,553,2093
2020-05-30,Jawa Timur,180,12,54,114,4630,1858,565,2207
2020-05-31,Jawa Timur,232,16,203,13,4862,2061,581,2220
2020-06-01,Jawa Timur,95,16,96,-17,4957,2157,597,2203
2020-06-02,Jawa Timur,171,19,298,-146,5128,2455,616,2057
2020-06-03,Jawa Timur,173,14,304,-145,5301,2759,630,1912
2020-06-04,Jawa Timur,108,15,179,-86,5409,2938,645,1826
2020-06-05,Jawa Timur,144,22,172,-50,5553,3110,667,1776
2020-06-06,Jawa Timur,84,19,117,-52,5637,3227,686,1724
2020-06-07,Jawa Timur,271,18,147,106,5908,3374,704,1830
2020-06-08,Jawa Timur,319,20,161,138,6227,3535,724,1968
2020-06-09,Jawa Timur,189,25,127,37,6416,3662,749,2005
2020-06-10,Jawa Timur,275,29,203,43,6691,3865,778,2048
2020-06-11,Jawa Timur,251,33,88,130,6942,3953,811,2178
2020-06-12,Jawa Timur,245,29,185,31,7187,4138,840,2209
2020-06-13,Jawa Timur,219,23,93,103,7406,4231,863,2312
2020-06-14,Jawa Timur,194,22,63,109,7600,4294,885,2421
2020-06-15,Jawa Timur,312,30,95,187,7912,4389,915,2608
2020-06-16,Jawa Timur,205,22,59,124,8117,4448,937,2732
2020-06-17,Jawa Timur,210,26,240,-56,8327,4688,963,2676
2020-06-18,Jawa Timur,319,23,269,27,8646,4957,986,2703
2020-06-19,Jawa Timur,196,22,115,59,8842,5072,1008,2762
2020-06-20,Jawa Timur,300,18,257,25,9142,5329,1026,2787
2020-06-21,Jawa Timur,131,16,126,-11,9273,5455,1042,2776
2020-06-22,Jawa Timur,329,11,116,202,9602,5571,1053,2978
2020-06-23,Jawa Timur,241,17,130,94,9843,5701,1070,3072
2020-06-24,Jawa Timur,183,19,161,3,10026,5862,1089,3075
2020-06-25,Jawa Timur,304,23,135,146,10330,5997,1112,3221
2020-06-26,Jawa Timur,360,32,186,142,10690,6183,1144,3363
2020-06-27,Jawa Timur,287,25,106,156,10977,6289,1169,3519
2020-06-28,Jawa Timur,236,21,182,33,11213,6471,1190,3552
2020-06-29,Jawa Timur,226,21,102,103,11439,6573,1211,3655
2020-06-30,Jawa Timur,394,24,198,172,11833,6771,1235,3827
2020-07-01,Jawa Timur,305,25,116,164,12138,6887,1260,3991
2020-07-02,Jawa Timur,342,28,222,92,12480,7109,1288,4083
2020-07-03,Jawa Timur,372,20,160,192,12852,7269,1308,4275
2020-07-04,Jawa Timur,384,31,155,198,13236,7424,1339,4473
2020-07-05,Jawa Timur,411,14,262,135,13647,7686,1353,4608
2020-07-06,Jawa Timur,280,18,219,43,13927,7905,1371,4651
2020-07-07,Jawa Timur,321,21,153,147,14248,8058,1392,4798
2020-07-08,Jawa Timur,393,16,164,213,14641,8222,1408,5011
2020-07-09,Jawa Timur,416,27,180,209,15057,8402,1435,5220
2020-07-10,Jawa Timur,295,17,311,-33,15352,8713,1452,5187
2020-07-11,Jawa Timur,392,19,310,63,15744,9023,1471,5250
2020-07-12,Jawa Timur,388,21,261,106,16132,9284,1492,5356
2020-07-13,Jawa Timur,197,22,165,10,16329,9449,1514,5366
2020-07-14,Jawa Timur,278,26,272,-20,16607,9721,1540,5346
2020-07-15,Jawa Timur,261,39,315,-93,16868,10036,1579,5253
2020-07-16,Jawa Timur,191,17,254,-80,17059,10290,1596,5173
2020-07-17,Jawa Timur,249,21,306,-78,17308,10596,1617,5095
2020-07-18,Jawa Timur,257,26,224,7,17565,10820,1643,5102
2020-07-19,Jawa Timur,302,44,285,-27,17867,11105,1687,5075
2020-07-20,Jawa Timur,287,25,258,4,18154,11363,1712,5079
2020-07-21,Jawa Timur,305,25,370,-90,18459,11733,1737,4989
2020-07-22,Jawa Timur,359,32,311,16,18818,12044,1769,5005
2020-07-23,Jawa Timur,323,37,363,-77,19141,12407,1806,4928
2020-07-24,Jawa Timur,563,31,349,183,19704,12756,1837,5111
2020-07-25,Jawa Timur,270,22,353,-105,19974,13109,1859,5006
2020-07-26,Jawa Timur,302,33,260,9,20276,13369,1892,5015
2020-07-27,Jawa Timur,286,18,309,-41,20562,13678,1910,4974
2020-07-28,Jawa Timur,273,31,311,-69,20835,13989,1941,4905
2020-07-29,Jawa Timur,286,19,366,-99,21121,14355,1960,4806
2020-07-30,Jawa Timur,315,20,283,12,21436,14638,1980,4818
2020-07-31,Jawa Timur,294,22,261,11,21730,14899,2002,4829
2020-08-01,Jawa Timur,581,19,238,324,22311,15137,2021,5153
2020-08-02,Jawa Timur,330,23,220,87,22641,15357,2044,5240
2020-08-03,Jawa Timur,321,16,259,46,22962,15616,2060,5286
2020-08-04,Jawa Timur,391,19,246,126,23353,15862,2079,5412
2020-08-05,Jawa Timur,414,11,347,56,23767,16209,2090,5468
2020-08-06,Jawa Timur,265,19,490,-244,24032,16699,2109,5224
2020-08-07,Jawa Timur,365,21,576,-232,24397,17275,2130,4992
2020-08-08,Jawa Timur,402,24,345,33,24799,17620,2154,5025
2020-08-09,Jawa Timur,367,29,317,21,25166,17937,2183,5046
2020-08-10,Jawa Timur,298,18,382,-102,25464,18319,2201,4944
2020-08-11,Jawa Timur,288,22,278,-12,25752,18597,2223,4932
2020-08-12,Jawa Timur,298,34,450,-186,26050,19047,2257,4746
2020-08-13,Jawa Timur,327,36,569,-278,26377,19616,2293,4468
2020-08-14,Jawa Timur,402,41,359,2,26779,19975,2334,4470
2020-08-15,Jawa Timur,416,27,366,23,27195,20341,2361,4493
2020-08-16,Jawa Timur,471,23,390,58,27666,20731,2384,4551
2020-08-17,Jawa Timur,313,27,389,-103,27979,21120,2411,4448
2020-08-18,Jawa Timur,318,24,363,-69,28297,21483,2435,4379
2020-08-19,Jawa Timur,338,27,485,-174,28635,21968,2462,4205
2020-08-20,Jawa Timur,366,25,368,-27,29001,22336,2487,4178
2020-08-21,Jawa Timur,451,39,367,45,29452,22703,2526,4223
2020-08-22,Jawa Timur,343,30,382,-69,29795,23085,2556,4154
2020-08-23,Jawa Timur,282,28,369,-115,30077,23454,2584,4039
2020-08-24,Jawa Timur,340,22,491,-173,30417,23945,2606,3866
2020-08-25,Jawa Timur,364,20,460,-116,30781,24405,2626,3750
2020-08-26,Jawa Timur,322,31,398,-107,31103,24803,2657,3643
2020-08-27,Jawa Timur,362,31,353,-22,31465,25156,2688,3621
2020-08-28,Jawa Timur,424,32,337,55,31889,25493,2720,3676
2020-08-29,Jawa Timur,616,25,264,327,32505,25757,2745,4003
2020-08-30,Jawa Timur,458,34,398,26,32963,26155,2779,4029
2020-08-31,Jawa Timur,315,38,493,-216,33278,26648,2817,3813
2020-09-01,Jawa Timur,351,19,405,-73,33629,27053,2836,3740
2020-09-02,Jawa Timur,359,17,361,-19,33988,27414,2853,3721
2020-09-03,Jawa Timur,371,34,331,6,34359,27745,2887,3727
2020-09-04,Jawa Timur,330,43,347,-60,34689,28092,2930,3667
2020-09-05,Jawa Timur,322,26,336,-40,35011,28428,2956,3627
2020-09-06,Jawa Timur,306,32,391,-117,35317,28819,2988,3510
2020-09-07,Jawa Timur,290,26,375,-111,35607,29194,3014,3399
2020-09-08,Jawa Timur,425,27,348,50,36032,29542,3041,3449
2020-09-09,Jawa Timur,356,40,391,-75,36388,29933,3081,3374
2020-09-10,Jawa Timur,370,27,316,27,36758,30249,3108,3401
2020-09-11,Jawa Timur,370,34,359,-23,37128,30608,3142,3378
2020-09-12,Jawa Timur,364,24,442,-102,37492,31050,3166,3276
2020-09-13,Jawa Timur,236,30,711,-505,37728,31761,3196,2771
2020-09-14,Jawa Timur,358,31,346,-19,38086,32107,3227,2752
2020-09-15,Jawa Timur,371,24,346,1,38457,32453,3251,2753
2020-09-16,Jawa Timur,357,24,340,-7,38814,32793,3275,2746
2020-09-17,Jawa Timur,323,29,333,-39,39137,33126,3304,2707
2020-09-18,Jawa Timur,488,23,538,-73,39625,33664,3327,2634
2020-09-19,Jawa Timur,351,31,353,-33,39976,34017,3358,2601
2020-09-20,Jawa Timur,350,21,321,8,40326,34338,3379,2609
2020-09-21,Jawa Timur,336,16,286,34,40662,34624,3395,2643
2020-09-22,Jawa Timur,336,22,379,-65,40998,35003,3417,2578
2020-09-23,Jawa Timur,342,23,335,-16,41340,35338,3440,2562
2020-09-24,Jawa Timur,359,24,364,-29,41699,35702,3464,2533
2020-09-25,Jawa Timur,285,22,374,-111,41984,36076,3486,2422
2020-09-26,Jawa Timur,269,17,344,-92,42253,36420,3503,2330
2020-09-27,Jawa Timur,197,19,460,-282,42450,36880,3522,2048
2020-09-28,Jawa Timur,280,22,451,-193,42730,37331,3544,1855
2020-09-29,Jawa Timur,275,24,322,-71,43005,37653,3568,1784
2020-09-30,Jawa Timur,531,51,565,-85,43536,38218,3619,1699
2020-10-01,Jawa Timur,601,22,372,207,44137,38590,3641,1906
2020-10-02,Jawa Timur,269,22,363,-116,44406,38953,3663,1790
2020-10-03,Jawa Timur,319,15,343,-39,44725,39296,3678,1751
2020-10-04,Jawa Timur,238,18,331,-111,44963,39627,3696,1640
2020-10-05,Jawa Timur,245,8,290,-53,45208,39917,3704,1587
2020-10-06,Jawa Timur,275,9,247,19,45483,40164,3713,1606
2020-10-07,Jawa Timur,326,23,299,4,45809,40463,3736,1610
2020-10-08,Jawa Timur,343,20,328,-5,46152,40791,3756,1605
2020-10-09,Jawa Timur,303,25,378,-100,46455,41169,3781,1505
2020-10-10,Jawa Timur,310,20,371,-81,46765,41540,3801,1424
2020-10-11,Jawa Timur,260,15,317,-72,47025,41857,3816,1352
2020-10-12,Jawa Timur,297,19,317,-39,47322,42174,3835,1313
2020-10-13,Jawa Timur,330,22,365,-57,47652,42539,3857,1256
2020-10-14,Jawa Timur,300,21,346,-67,47952,42885,3878,1189
2020-10-15,Jawa Timur,294,20,372,-98,48246,43257,3898,1091
2020-10-16,Jawa Timur,286,21,402,-137,48532,43659,3919,954
2020-10-17,Jawa Timur,250,22,382,-154,48782,44041,3941,800
2020-10-18,Jawa Timur,236,21,318,-103,49018,44359,3962,697
2020-10-19,Jawa Timur,232,21,351,-140,49250,44710,3983,557
2020-10-20,Jawa Timur,295,12,339,-56,49545,45049,3995,501
2020-10-21,Jawa Timur,332,17,342,-27,49877,45391,4012,474
2020-10-22,Jawa Timur,272,22,380,-130,50149,45771,4034,344
2020-10-23,Jawa Timur,282,22,376,-116,50431,46147,4056,228
2020-10-24,Jawa Timur,292,18,349,-75,50723,46496,4074,153
2020-10-25,Jawa Timur,246,18,269,-41,50969,46765,4092,112
2020-10-26,Jawa Timur,288,13,285,-10,51257,47050,4105,102
2020-10-27,Jawa Timur,286,11,270,5,51543,47320,4116,107
2020-10-28,Jawa Timur,232,15,260,-43,51775,47580,4131,64
2020-10-29,Jawa Timur,242,15,282,-55,52017,47862,4146,9
2020-10-30,Jawa Timur,218,46,542,-370,52235,48404,4192,-361
2020-10-31,Jawa Timur,225,22,277,-74,52460,48681,4214,-435
2020-11-01,Jawa Timur,627,23,345,259,53087,49026,4237,-176
2020-11-02,Jawa Timur,284,12,291,-19,53371,49317,4249,-195
2020-11-03,Jawa Timur,261,24,280,-43,53632,49597,4273,-238
2020-11-04,Jawa Timur,231,15,280,-64,53863,49877,4288,-302
2020-11-05,Jawa Timur,270,9,274,-13,54133,50151,4297,-315
2020-11-06,Jawa Timur,261,13,308,-60,54394,50459,4310,-375
2020-11-07,Jawa Timur,269,24,283,-38,54663,50742,4334,-413
2020-11-08,Jawa Timur,279,21,275,-17,54942,51017,4355,-430
2020-11-09,Jawa Timur,243,28,278,-63,55185,51295,4383,-493
2020-11-10,Jawa Timur,303,25,311,-33,55488,51606,4408,-526
2020-11-11,Jawa Timur,185,21,272,-108,55673,51878,4429,-634
2020-11-12,Jawa Timur,233,24,238,-29,55906,52116,4453,-663
2020-11-13,Jawa Timur,224,21,291,-88,56130,52407,4474,-751
2020-11-14,Jawa Timur,240,21,303,-84,56370,52710,4495,-835
2020-11-15,Jawa Timur,189,10,278,-99,56559,52988,4505,-934
2020-11-16,Jawa Timur,263,30,259,-26,56822,53247,4535,-960
2020-11-17,Jawa Timur,317,29,248,40,57139,53495,4564,-920
2020-11-18,Jawa Timur,372,18,283,71,57511,53778,4582,-849
2020-11-19,Jawa Timur,408,33,248,127,57919,54026,4615,-722
2020-11-20,Jawa Timur,361,26,305,30,58280,54331,4641,-692
2020-11-21,Jawa Timur,354,22,265,67,58634,54596,4663,-625
2020-11-22,Jawa Timur,274,27,276,-29,58908,54872,4690,-654
2020-11-23,Jawa Timur,341,29,268,44,59249,55140,4719,-610
2020-11-24,Jawa Timur,331,29,259,43,59580,55399,4748,-567
2020-11-25,Jawa Timur,378,35,284,59,59958,55683,4783,-508
2020-11-26,Jawa Timur,361,34,283,44,60319,55966,4817,-464
2020-11-27,Jawa Timur,375,43,338,-6,60694,56304,4860,-470
2020-11-28,Jawa Timur,442,32,395,15,61136,56699,4892,-455
2020-11-29,Jawa Timur,393,32,267,94,61529,56966,4924,-361
2020-11-30,Jawa Timur,389,94,675,-380,61918,57641,5018,-741
2020-12-01,Jawa Timur,419,30,403,-14,62337,58044,5048,-755
2020-12-02,Jawa Timur,462,23,317,122,62799,58361,5071,-633
2020-12-03,Jawa Timur,532,36,372,124,63331,58733,5107,-509
2020-12-04,Jawa Timur,586,17,364,205,63917,59097,5124,-304
2020-12-05,Jawa Timur,541,27,395,119,64458,59492,5151,-185
2020-12-06,Jawa Timur,536,31,351,154,64994,59843,5182,-31
2020-12-07,Jawa Timur,572,30,397,145,65566,60240,5212,114
2020-12-08,Jawa Timur,572,45,541,-14,66138,60781,5257,100
2020-12-09,Jawa Timur,670,46,527,97,66808,61308,5303,197
2020-12-10,Jawa Timur,726,31,610,85,67534,61918,5334,282
2020-12-11,Jawa Timur,812,32,444,336,68346,62362,5366,618
2020-12-12,Jawa Timur,765,49,451,265,69111,62813,5415,883
2020-12-13,Jawa Timur,708,30,563,115,69819,63376,5445,998
2020-12-14,Jawa Timur,704,22,501,181,70523,63877,5467,1179
2020-12-15,Jawa Timur,705,47,747,-89,71228,64624,5514,1090
2020-12-16,Jawa Timur,724,45,463,216,71952,65087,5559,1306
2020-12-17,Jawa Timur,832,36,612,184,72784,65699,5595,1490
2020-12-18,Jawa Timur,831,46,598,187,73615,66297,5641,1677
2020-12-19,Jawa Timur,736,50,518,168,74351,66815,5691,1845
2020-12-20,Jawa Timur,643,45,725,-127,74994,67540,5736,1718
2020-12-21,Jawa Timur,803,35,600,168,75797,68140,5771,1886
2020-12-22,Jawa Timur,705,47,618,40,76502,68758,5818,1926
2020-12-23,Jawa Timur,812,44,648,120,77314,69406,5862,2046
2020-12-24,Jawa Timur,731,55,668,8,78045,70074,5917,2054
2020-12-25,Jawa Timur,734,56,514,164,78779,70588,5973,2218
2020-12-26,Jawa Timur,779,48,647,84,79558,71235,6021,2302
2020-12-27,Jawa Timur,675,39,543,93,80233,71778,6060,2395
2020-12-28,Jawa Timur,813,62,602,149,81046,72380,6122,2544
2020-12-29,Jawa Timur,765,57,661,47,81811,73041,6179,2591
2020-12-30,Jawa Timur,957,58,744,155,82768,73785,6237,2746
2020-12-31,Jawa Timur,1644,163,1257,224,84412,75042,6400,2970
2021-01-01,Jawa Timur,862,64,641,157,85274,75683,6464,3127
2021-01-02,Jawa Timur,763,69,678,16,86037,76361,6533,3143
2021-01-03,Jawa Timur,570,49,535,-14,86607,76896,6582,3129
2021-01-04,Jawa Timur,673,49,501,123,87280,77397,6631,3252
2021-01-05,Jawa Timur,675,61,501,113,87955,77898,6692,3365
2021-01-06,Jawa Timur,800,51,906,-157,88755,78804,6743,3208
2021-01-07,Jawa Timur,879,81,561,237,89634,79365,6824,3445
2021-01-08,Jawa Timur,977,69,625,283,90611,79990,6893,3728
2021-01-09,Jawa Timur,1015,51,591,373,91626,80581,6944,4101
2021-01-10,Jawa Timur,946,55,818,73,92572,81399,6999,4174
2021-01-11,Jawa Timur,844,46,485,313,93416,81884,7045,4487
2021-01-12,Jawa Timur,832,68,726,38,94248,82610,7113,4525
2021-01-13,Jawa Timur,885,75,883,-73,95133,83493,7188,4452
2021-01-14,Jawa Timur,1007,66,766,175,96140,84259,7254,4627
2021-01-15,Jawa Timur,1256,69,788,399,97396,85047,7323,5026
2021-01-16,Jawa Timur,1219,48,707,464,98615,85754,7371,5490
2021-01-17,Jawa Timur,906,50,766,90,99521,86520,7421,5580
2021-01-18,Jawa Timur,863,39,705,119,100384,87225,7460,5699
2021-01-19,Jawa Timur,946,52,675,219,101330,87900,7512,5918
2021-01-20,Jawa Timur,940,59,700,181,102270,88600,7571,6099
2021-01-21,Jawa Timur,1122,52,914,156,103392,89514,7623,6255
2021-01-22,Jawa Timur,1046,52,813,181,104438,90327,7675,6436
2021-01-23,Jawa Timur,935,33,886,16,105373,91213,7708,6452
2021-01-24,Jawa Timur,895,44,765,86,106268,91978,7752,6538
2021-01-25,Jawa Timur,890,35,726,129,107158,92704,7787,6667
2021-01-26,Jawa Timur,933,56,744,133,108091,93448,7843,6800
2021-01-27,Jawa Timur,1089,44,770,275,109180,94218,7887,7075
2021-01-28,Jawa Timur,1035,44,753,238,110215,94971,7931,7313
2021-01-29,Jawa Timur,997,33,933,31,111212,95904,7964,7344
2021-01-30,Jawa Timur,854,38,804,12,112066,96708,8002,7356
2021-01-31,Jawa Timur,851,33,710,108,112917,97418,8035,7464
2021-02-01,Jawa Timur,669,36,929,-296,113586,98347,8071,7168
2021-02-02,Jawa Timur,809,50,919,-160,114395,99266,8121,7008
2021-02-03,Jawa Timur,719,64,662,-7,115114,99928,8185,7001
2021-02-04,Jawa Timur,595,57,874,-336,115709,100802,8242,6665
2021-02-05,Jawa Timur,753,61,836,-144,116462,101638,8303,6521
2021-02-06,Jawa Timur,693,61,678,-46,117155,102316,8364,6475
2021-02-07,Jawa Timur,569,31,697,-159,117724,103013,8395,6316
2021-02-08,Jawa Timur,666,26,753,-113,118390,103766,8421,6203
2021-02-09,Jawa Timur,447,25,349,73,118837,104115,8446,6276
2021-02-10,Jawa Timur,605,21,386,198,119442,104501,8467,6474
2021-02-11,Jawa Timur,1051,46,455,550,120493,104956,8513,7024
2021-02-12,Jawa Timur,778,93,576,109,121271,105532,8606,7133
2021-02-13,Jawa Timur,559,31,490,38,121830,106022,8637,7171
2021-02-14,Jawa Timur,516,37,395,84,122346,106417,8674,7255
2021-02-15,Jawa Timur,432,36,473,-77,122778,106890,8710,7178
2021-02-16,Jawa Timur,473,16,287,170,123251,107177,8726,7348
2021-02-17,Jawa Timur,579,13,265,301,123830,107442,8739,7649
2021-02-18,Jawa Timur,559,21,385,153,124389,107827,8760,7802
2021-02-19,Jawa Timur,571,23,638,-90,124960,108465,8783,7712
2021-02-20,Jawa Timur,625,32,570,23,125585,109035,8815,7735
2021-02-21,Jawa Timur,446,26,534,-114,126031,109569,8841,7621
2021-02-22,Jawa Timur,434,44,645,-255,126465,110214,8885,7366
2021-02-23,Jawa Timur,546,35,492,19,127011,110706,8920,7385
2021-02-24,Jawa Timur,580,30,697,-147,127591,111403,8950,7238
2021-02-25,Jawa Timur,556,37,560,-41,128147,111963,8987,7197
2021-02-26,Jawa Timur,543,20,600,-77,128690,112563,9007,7120
2021-02-27,Jawa Timur,445,20,444,-19,129135,113007,9027,7101
2021-02-28,Jawa Timur,324,26,555,-257,129459,113562,9053,6844
2021-03-01,Jawa Timur,341,21,421,-101,129800,113983,9074,6743
2021-03-02,Jawa Timur,412,21,653,-262,130212,114636,9095,6481
2021-03-03,Jawa Timur,430,25,480,-75,130642,115116,9120,6406
2021-03-04,Jawa Timur,404,20,440,-56,131046,115556,9140,6350
2021-03-05,Jawa Timur,404,16,447,-59,131450,116003,9156,6291
2021-03-06,Jawa Timur,393,25,466,-98,131843,116469,9181,6193
2021-03-07,Jawa Timur,328,16,380,-68,132171,116849,9197,6125
2021-03-08,Jawa Timur,328,23,410,-105,132499,117259,9220,6020
2021-03-09,Jawa Timur,391,22,434,-65,132890,117693,9242,5955
2021-03-10,Jawa Timur,400,18,481,-99,133290,118174,9260,5856
2021-03-11,Jawa Timur,341,16,384,-59,133631,118558,9276,5797
2021-03-12,Jawa Timur,339,15,419,-95,133970,118977,9291,5702
2021-03-13,Jawa Timur,346,18,362,-34,134316,119339,9309,5668
2021-03-14,Jawa Timur,278,14,214,50,134594,119553,9323,5718
2021-03-15,Jawa Timur,257,20,293,-56,134851,119846,9343,5662
2021-03-16,Jawa Timur,291,24,248,19,135142,120094,9367,5681
2021-03-17,Jawa Timur,321,88,1007,-774,135463,121101,9455,4907
2021-03-18,Jawa Timur,339,38,820,-519,135802,121921,9493,4388
2021-03-19,Jawa Timur,305,46,357,-98,136107,122278,9539,4290
2021-03-20,Jawa Timur,289,74,333,-118,136396,122611,9613,4172
2021-03-21,Jawa Timur,292,20,554,-282,136688,123165,9633,3890
2021-03-22,Jawa Timur,270,28,322,-80,136958,123487,9661,3810
2021-03-23,Jawa Timur,238,27,376,-165,137196,123863,9688,3645
2021-03-24,Jawa Timur,289,23,564,-298,137485,124427,9711,3347
2021-03-25,Jawa Timur,348,21,345,-18,137833,124772,9732,3329
2021-03-26,Jawa Timur,340,25,404,-89,138173,125176,9757,3240
2021-03-27,Jawa Timur,275,17,452,-194,138448,125628,9774,3046
2021-03-28,Jawa Timur,266,19,339,-92,138714,125967,9793,2954
2021-03-29,Jawa Timur,251,30,813,-592,138965,126780,9823,2362
2021-03-30,Jawa Timur,279,31,494,-246,139244,127274,9854,2116
2021-03-31,Jawa Timur,301,36,273,-8,139545,127547,9890,2108
2021-04-01,Jawa Timur,281,24,233,24,139826,127780,9914,2132
2021-04-02,Jawa Timur,274,25,228,21,140100,128008,9939,2153
2021-04-03,Jawa Timur,230,21,222,-13,140330,128230,9960,2140
2021-04-04,Jawa Timur,221,21,196,4,140551,128426,9981,2144
2021-04-05,Jawa Timur,230,30,233,-33,140781,128659,10011,2111
2021-04-06,Jawa Timur,295,25,216,54,141076,128875,10036,2165
2021-04-07,Jawa Timur,346,45,370,-69,141422,129245,10081,2096
2021-04-08,Jawa Timur,297,25,219,53,141719,129464,10106,2149
2021-04-09,Jawa Timur,308,19,249,40,142027,129713,10125,2189
2021-04-10,Jawa Timur,277,28,225,24,142304,129938,10153,2213
2021-04-11,Jawa Timur,249,23,342,-116,142553,130280,10176,2097
2021-04-12,Jawa Timur,251,34,251,-34,142804,130531,10210,2063
2021-04-13,Jawa Timur,249,32,225,-8,143053,130756,10242,2055
2021-04-14,Jawa Timur,262,23,279,-40,143315,131035,10265,2015
2021-04-15,Jawa Timur,294,27,228,39,143609,131263,10292,2054
2021-04-16,Jawa Timur,290,22,311,-43,143899,131574,10314,2011
2021-04-17,Jawa Timur,285,26,250,9,144184,131824,10340,2020
2021-04-18,Jawa Timur,241,19,224,-2,144425,132048,10359,2018
2021-04-19,Jawa Timur,253,30,235,-12,144678,132283,10389,2006
2021-04-20,Jawa Timur,258,35,212,11,144936,132495,10424,2017
2021-04-21,Jawa Timur,303,28,230,45,145239,132725,10452,2062
2021-04-22,Jawa Timur,291,25,235,31,145530,132960,10477,2093
2021-04-23,Jawa Timur,300,28,263,9,145830,133223,10505,2102
2021-04-24,Jawa Timur,257,18,301,-62,146087,133524,10523,2040
2021-04-25,Jawa Timur,236,20,216,0,146323,133740,10543,2040
2021-04-26,Jawa Timur,247,23,263,-39,146570,134003,10566,2001
2021-04-27,Jawa Timur,237,26,245,-34,146807,134248,10592,1967
2021-04-28,Jawa Timur,297,23,260,14,147104,134508,10615,1981
2021-04-29,Jawa Timur,325,25,253,47,147429,134761,10640,2028
2021-04-30,Jawa Timur,316,22,265,29,147745,135026,10662,2057
2021-05-01,Jawa Timur,231,21,202,8,147976,135228,10683,2065
2021-05-02,Jawa Timur,206,28,208,-30,148182,135436,10711,2035
2021-05-03,Jawa Timur,215,20,252,-57,148397,135688,10731,1978
2021-05-04,Jawa Timur,290,31,251,8,148687,135939,10762,1986
2021-05-05,Jawa Timur,271,27,233,11,148958,136172,10789,1997
2021-05-06,Jawa Timur,255,28,249,-22,149213,136421,10817,1975
2021-05-07,Jawa Timur,232,22,283,-73,149445,136704,10839,1902
2021-05-08,Jawa Timur,225,19,207,-1,149670,136911,10858,1901
2021-05-09,Jawa Timur,230,19,196,15,149900,137107,10877,1916
2021-05-10,Jawa Timur,206,21,213,-28,150106,137320,10898,1888
2021-05-11,Jawa Timur,258,31,216,11,150364,137536,10929,1899
2021-05-12,Jawa Timur,248,22,224,2,150612,137760,10951,1901
2021-05-13,Jawa Timur,148,12,151,-15,150760,137911,10963,1886
2021-05-14,Jawa Timur,141,15,174,-48,150901,138085,10978,1838
2021-05-15,Jawa Timur,183,28,329,-174,151084,138414,11006,1664
2021-05-16,Jawa Timur,164,17,164,-17,151248,138578,11023,1647
2021-05-17,Jawa Timur,202,25,273,-96,151450,138851,11048,1551
2021-05-18,Jawa Timur,227,21,230,-24,151677,139081,11069,1527
2021-05-19,Jawa Timur,254,32,195,27,151931,139276,11101,1554
2021-05-20,Jawa Timur,259,21,243,-5,152190,139519,11122,1549
2021-05-21,Jawa Timur,244,16,177,51,152434,139696,11138,1600
2021-05-22,Jawa Timur,233,16,196,21,152667,139892,11154,1621
2021-05-23,Jawa Timur,228,16,205,7,152895,140097,11170,1628
2021-05-24,Jawa Timur,227,20,206,1,153122,140303,11190,1629
2021-05-25,Jawa Timur,217,22,183,12,153339,140486,11212,1641
2021-05-26,Jawa Timur,257,20,126,111,153596,140612,11232,1752
2021-05-27,Jawa Timur,218,24,182,12,153814,140794,11256,1764
2021-05-28,Jawa Timur,246,19,206,21,154060,141000,11275,1785
2021-05-29,Jawa Timur,255,19,302,-66,154315,141302,11294,1719
2021-05-30,Jawa Timur,217,17,159,41,154532,141461,11311,1760
2021-05-31,Jawa Timur,249,31,226,-8,154781,141687,11342,1752
2021-06-01,Jawa Timur,225,22,211,-8,155006,141898,11364,1744
2021-06-02,Jawa Timur,239,28,204,7,155245,142102,11392,1751
2021-06-03,Jawa Timur,260,25,207,28,155505,142309,11417,1779
2021-06-04,Jawa Timur,301,22,255,24,155806,142564,11439,1803
2021-06-05,Jawa Timur,244,26,180,38,156050,142744,11465,1841
2021-06-06,Jawa Timur,276,21,189,66,156326,142933,11486,1907
2021-06-07,Jawa Timur,301,27,197,77,156627,143130,11513,1984
2021-06-08,Jawa Timur,389,34,247,108,157016,143377,11547,2092
2021-06-09,Jawa Timur,401,33,216,152,157417,143593,11580,2244
2021-06-10,Jawa Timur,425,32,227,166,157842,143820,11612,2410
2021-06-11,Jawa Timur,441,37,256,148,158283,144076,11649,2558
2021-06-12,Jawa Timur,358,29,198,131,158641,144274,11678,2689
2021-06-13,Jawa Timur,418,29,210,179,159059,144484,11707,2868
2021-06-14,Jawa Timur,403,32,280,91,159462,144764,11739,2959
2021-06-15,Jawa Timur,499,40,245,214,159961,145009,11779,3173
2021-06-16,Jawa Timur,702,47,255,400,160663,145264,11826,3573
2021-06-17,Jawa Timur,722,53,339,330,161385,145603,11879,3903
2021-06-18,Jawa Timur,731,39,409,283,162116,146012,11918,4186
2021-06-19,Jawa Timur,693,39,343,311,162809,146355,11957,4497
2021-06-20,Jawa Timur,739,50,376,313,163548,146731,12007,4810
2021-06-21,Jawa Timur,719,50,366,303,164267,147097,12057,5113
2021-06-22,Jawa Timur,746,42,383,321,165013,147480,12099,5434
2021-06-23,Jawa Timur,873,51,422,400,165886,147902,12150,5834
2021-06-24,Jawa Timur,945,51,393,501,166831,148295,12201,6335
2021-06-25,Jawa Timur,975,52,509,414,167806,148804,12253,6749
2021-06-26,Jawa Timur,989,50,577,362,168795,149381,12303,7111
2021-06-27,Jawa Timur,889,64,496,329,169684,149877,12367,7440
2021-06-28,Jawa Timur,1081,65,559,457,170765,150436,12432,7897
2021-06-29,Jawa Timur,1065,78,641,346,171830,151077,12510,8243
2021-06-30,Jawa Timur,1203,94,754,355,173033,151831,12604,8598
2021-07-01,Jawa Timur,1397,74,695,628,174430,152526,12678,9226
2021-07-02,Jawa Timur,1388,82,787,519,175818,153313,12760,9745
2021-07-03,Jawa Timur,1439,80,736,623,177257,154049,12840,10368
2021-07-04,Jawa Timur,1468,89,728,651,178725,154777,12929,11019
2021-07-05,Jawa Timur,1543,99,1108,336,180268,155885,13028,11355
2021-07-06,Jawa Timur,1808,122,1245,441,182076,157130,13150,11796
2021-07-07,Jawa Timur,2548,156,1210,1182,184624,158340,13306,12978
2021-07-08,Jawa Timur,2551,165,1291,1095,187175,159631,13471,14073
2021-07-09,Jawa Timur,2530,168,1727,635,189705,161358,13639,14708
2021-07-10,Jawa Timur,2237,180,1408,649,191942,162766,13819,15357
2021-07-11,Jawa Timur,2419,279,1433,707,194361,164199,14098,16064
2021-07-12,Jawa Timur,2742,171,1666,905,197103,165865,14269,16969
2021-07-13,Jawa Timur,6268,179,2127,3962,203371,167992,14448,20931
2021-07-14,Jawa Timur,7088,234,1836,5018,210459,169828,14682,25949
2021-07-15,Jawa Timur,8228,211,1988,6029,218687,171816,14893,31978
2021-07-16,Jawa Timur,7832,345,2226,5261,226519,174042,15238,37239
2021-07-17,Jawa Timur,6920,282,2703,3935,233439,176745,15520,41174
2021-07-18,Jawa Timur,5727,325,3055,2347,239166,179800,15845,43521
2021-07-19,Jawa Timur,4422,358,2864,1200,243588,182664,16203,44721
2021-07-20,Jawa Timur,5654,269,2580,2805,249242,185244,16472,47526
2021-07-21,Jawa Timur,3859,402,2980,477,253101,188224,16874,48003
2021-07-22,Jawa Timur,6625,279,3173,3173,259726,191397,17153,51176
2021-07-23,Jawa Timur,6912,351,4080,2481,266638,195477,17504,53657
2021-07-24,Jawa Timur,5699,356,4427,916,272337,199904,17860,54573
2021-07-25,Jawa Timur,4763,318,4865,-420,277100,204769,18178,54153
2021-07-26,Jawa Timur,3157,371,4488,-1702,280257,209257,18549,52451
2021-07-27,Jawa Timur,6337,339,4956,1042,286594,214213,18888,53493
2021-07-28,Jawa Timur,6422,401,4589,1432,293016,218802,19289,54925
2021-07-29,Jawa Timur,5506,337,3975,1194,298522,222777,19626,56119
2021-07-30,Jawa Timur,5210,388,4965,-143,303732,227742,20014,55976
2021-07-31,Jawa Timur,4697,320,5166,-789,308429,232908,20334,55187
2021-08-01,Jawa Timur,3671,330,5994,-2653,312100,238902,20664,52534
2020-03-11,Bali,1,1,0,0,1,0,1,0
2020-03-12,Bali,0,0,0,0,1,0,1,0
2020-03-13,Bali,0,0,0,0,1,0,1,0
2020-03-14,Bali,0,0,0,0,1,0,1,0
2020-03-15,Bali,0,0,0,0,1,0,1,0
2020-03-16,Bali,0,0,0,0,1,0,1,0
2020-03-17,Bali,0,0,0,0,1,0,1,0
2020-03-18,Bali,0,0,0,0,1,0,1,0
2020-03-19,Bali,1,1,0,0,2,0,2,0
2020-03-20,Bali,0,0,0,0,2,0,2,0
2020-03-21,Bali,0,0,0,0,2,0,2,0
2020-03-22,Bali,0,0,0,0,2,0,2,0
2020-03-23,Bali,0,0,0,0,2,0,2,0
2020-03-24,Bali,0,0,0,0,2,0,2,0
2020-03-25,Bali,0,0,0,0,2,0,2,0
2020-03-26,Bali,0,0,0,0,2,0,2,0
2020-03-27,Bali,0,0,0,0,2,0,2,0
2020-03-28,Bali,0,0,0,0,2,0,2,0
2020-03-29,Bali,1,0,0,1,3,0,2,1
2020-03-30,Bali,9,0,0,9,12,0,2,10
2020-03-31,Bali,0,0,1,-1,12,1,2,9
2020-04-01,Bali,6,0,1,5,18,2,2,14
2020-04-02,Bali,0,0,0,0,18,2,2,14
2020-04-03,Bali,3,0,0,3,21,2,2,17
2020-04-04,Bali,5,0,0,5,26,2,2,22
2020-04-05,Bali,5,0,4,1,31,6,2,23
2020-04-06,Bali,7,0,0,7,38,6,2,30
2020-04-07,Bali,0,0,0,0,38,6,2,30
2020-04-08,Bali,6,0,0,6,44,6,2,36
2020-04-09,Bali,14,0,0,14,58,6,2,50
2020-04-10,Bali,12,0,1,11,70,7,2,61
2020-04-11,Bali,4,0,0,4,74,7,2,65
2020-04-12,Bali,2,0,0,2,76,7,2,67
2020-04-13,Bali,5,0,0,5,81,7,2,72
2020-04-14,Bali,6,0,0,6,87,7,2,78
2020-04-15,Bali,6,0,0,6,93,7,2,84
2020-04-16,Bali,15,0,2,13,108,9,2,97
2020-04-17,Bali,11,0,1,10,119,10,2,107
2020-04-18,Bali,7,0,1,6,126,11,2,113
2020-04-19,Bali,4,0,2,2,130,13,2,115
2020-04-20,Bali,5,0,4,1,135,17,2,116
2020-04-21,Bali,10,0,0,10,145,17,2,126
2020-04-22,Bali,2,1,5,-4,147,22,3,122
2020-04-23,Bali,15,0,7,8,162,29,3,130
2020-04-24,Bali,10,0,2,8,172,31,3,138
2020-04-25,Bali,6,0,9,-3,178,40,3,135
2020-04-26,Bali,3,0,0,3,181,40,3,138
2020-04-27,Bali,7,0,6,1,188,46,3,139
2020-04-28,Bali,22,0,6,16,210,52,3,155
2020-04-29,Bali,0,0,7,-7,210,59,3,148
2020-04-30,Bali,7,0,11,-4,217,70,3,144
2020-05-01,Bali,13,0,5,8,230,75,3,152
2020-05-02,Bali,2,0,1,1,232,76,3,153
2020-05-03,Bali,25,0,17,8,257,93,3,161
2020-05-04,Bali,9,0,10,-1,266,103,3,160
2020-05-05,Bali,6,0,0,6,272,103,3,166
2020-05-06,Bali,0,0,3,-3,272,106,3,163
2020-05-07,Bali,10,0,11,-1,282,117,3,162
2020-05-08,Bali,13,0,9,4,295,126,3,166
2020-05-09,Bali,6,0,0,6,301,126,3,172
2020-05-10,Bali,5,0,4,1,306,130,3,173
2020-05-11,Bali,3,0,5,-2,309,135,3,171
2020-05-12,Bali,14,0,2,12,323,137,3,183
2020-05-13,Bali,4,0,1,3,327,138,3,186
2020-05-14,Bali,5,0,3,2,332,141,3,188
2020-05-15,Bali,6,0,8,-2,338,149,3,186
2020-05-16,Bali,3,0,4,-1,341,153,3,185
2020-05-17,Bali,2,0,4,-2,343,157,3,183
2020-05-18,Bali,11,0,3,8,354,160,3,191
2020-05-19,Bali,4,0,7,-3,358,167,3,188
2020-05-20,Bali,8,0,7,1,366,174,3,189
2020-05-21,Bali,3,0,2,1,369,176,3,190
2020-05-22,Bali,6,0,2,4,375,178,3,194
2020-05-23,Bali,8,0,0,8,383,178,3,202
2020-05-24,Bali,6,0,4,2,389,182,3,204
2020-05-25,Bali,2,0,1,1,391,183,3,205
2020-05-26,Bali,12,0,1,11,403,184,3,216
2020-05-27,Bali,8,0,4,4,411,188,3,220
2020-05-28,Bali,5,0,7,-2,416,195,3,218
2020-05-29,Bali,23,0,4,19,439,199,3,237
2020-05-30,Bali,12,0,6,6,451,205,3,243
2020-05-31,Bali,10,0,0,10,461,205,3,253
2020-06-01,Bali,17,1,4,12,478,209,4,265
2020-06-02,Bali,5,0,1,4,483,210,4,269
2020-06-03,Bali,3,0,3,0,486,213,4,269
2020-06-04,Bali,20,0,8,12,506,221,4,281
2020-06-05,Bali,14,0,4,10,520,225,4,291
2020-06-06,Bali,33,0,1,32,553,226,4,323
2020-06-07,Bali,25,0,1,24,578,227,4,347
2020-06-08,Bali,12,0,3,9,590,230,4,356
2020-06-09,Bali,14,0,12,2,604,242,4,358
2020-06-10,Bali,32,0,1,31,636,243,4,389
2020-06-11,Bali,19,0,7,12,655,250,4,401
2020-06-12,Bali,36,0,9,27,691,259,4,428
2020-06-13,Bali,28,1,7,20,719,266,5,448
2020-06-14,Bali,18,0,8,10,737,274,5,458
2020-06-15,Bali,19,0,27,-8,756,301,5,450
2020-06-16,Bali,22,0,8,14,778,309,5,464
2020-06-17,Bali,47,0,20,27,825,329,5,491
2020-06-18,Bali,65,0,3,62,890,332,5,553
2020-06-19,Bali,81,0,11,70,971,343,5,623
2020-06-20,Bali,35,1,9,25,1006,352,6,648
2020-06-21,Bali,35,1,7,27,1041,359,7,675
2020-06-22,Bali,31,0,9,22,1072,368,7,697
2020-06-23,Bali,35,0,9,26,1107,377,7,723
2020-06-24,Bali,43,0,3,40,1150,380,7,763
2020-06-25,Bali,56,1,8,47,1206,388,8,810
2020-06-26,Bali,49,0,27,22,1255,415,8,832
2020-06-27,Bali,107,0,6,101,1362,421,8,933
2020-06-28,Bali,45,2,10,33,1407,431,10,966
2020-06-29,Bali,28,0,8,20,1435,439,10,986
2020-06-30,Bali,49,0,13,36,1484,452,10,1022
2020-07-01,Bali,32,1,17,14,1516,469,11,1036
2020-07-02,Bali,114,0,5,109,1630,474,11,1145
2020-07-03,Bali,66,0,9,57,1696,483,11,1202
2020-07-04,Bali,92,2,8,82,1788,491,13,1284
2020-07-05,Bali,52,2,12,38,1840,503,15,1322
2020-07-06,Bali,50,0,7,43,1890,510,15,1365
2020-07-07,Bali,39,0,18,21,1929,528,15,1386
2020-07-08,Bali,30,1,12,17,1959,540,16,1403
2020-07-09,Bali,53,0,39,14,2012,579,16,1417
2020-07-10,Bali,86,0,15,71,2098,594,16,1488
2020-07-11,Bali,35,0,47,-12,2133,641,16,1476
2020-07-12,Bali,45,0,12,33,2178,653,16,1509
2020-07-13,Bali,63,0,43,20,2241,696,16,1529
2020-07-14,Bali,101,0,25,76,2342,721,16,1605
2020-07-15,Bali,64,0,12,52,2406,733,16,1657
2020-07-16,Bali,112,0,26,86,2518,759,16,1743
2020-07-17,Bali,85,1,20,64,2603,779,17,1807
2020-07-18,Bali,71,0,14,57,2674,793,17,1864
2020-07-19,Bali,54,1,36,17,2728,829,18,1881
2020-07-20,Bali,36,1,17,18,2764,846,19,1899
2020-07-21,Bali,88,0,9,79,2852,855,19,1978
2020-07-22,Bali,77,0,34,43,2929,889,19,2021
2020-07-23,Bali,62,2,20,40,2991,909,21,2061
2020-07-24,Bali,62,0,15,47,3053,924,21,2108
2020-07-25,Bali,56,0,15,41,3109,939,21,2149
2020-07-26,Bali,43,0,13,30,3152,952,21,2179
2020-07-27,Bali,63,0,9,54,3215,961,21,2233
2020-07-28,Bali,30,0,11,19,3245,972,21,2252
2020-07-29,Bali,61,0,21,40,3306,993,21,2292
2020-07-30,Bali,50,0,18,32,3356,1011,21,2324
2020-07-31,Bali,47,0,10,37,3403,1021,21,2361
2020-08-01,Bali,41,0,8,33,3444,1029,21,2394
2020-08-02,Bali,40,0,6,34,3484,1035,21,2428
2020-08-03,Bali,41,0,4,37,3525,1039,21,2465
2020-08-04,Bali,49,0,12,37,3574,1051,21,2502
2020-08-05,Bali,39,0,3,36,3613,1054,21,2538
2020-08-06,Bali,27,0,17,10,3640,1071,21,2548
2020-08-07,Bali,38,0,9,29,3678,1080,21,2577
2020-08-08,Bali,38,0,9,29,3716,1089,21,2606
2020-08-09,Bali,59,0,2,57,3775,1091,21,2663
2020-08-10,Bali,38,0,9,29,3813,1100,21,2692
2020-08-11,Bali,45,0,12,33,3858,1112,21,2725
2020-08-12,Bali,30,0,1,29,3888,1113,21,2754
2020-08-13,Bali,35,0,13,22,3923,1126,21,2776
2020-08-14,Bali,53,0,4,49,3976,1130,21,2825
2020-08-15,Bali,44,0,4,40,4020,1134,21,2865
2020-08-16,Bali,41,0,15,26,4061,1149,21,2891
2020-08-17,Bali,45,0,12,33,4106,1161,21,2924
2020-08-18,Bali,48,0,9,39,4154,1170,21,2963
2020-08-19,Bali,62,0,8,54,4216,1178,21,3017
2020-08-20,Bali,72,0,7,65,4288,1185,21,3082
2020-08-21,Bali,76,0,6,70,4364,1191,21,3152
2020-08-22,Bali,78,0,6,72,4442,1197,21,3224
2020-08-23,Bali,67,0,11,56,4509,1208,21,3280
2020-08-24,Bali,63,0,8,55,4572,1216,21,3335
2020-08-25,Bali,74,0,12,62,4646,1228,21,3397
2020-08-26,Bali,76,0,9,67,4722,1237,21,3464
2020-08-27,Bali,82,0,19,63,4804,1256,21,3527
2020-08-28,Bali,93,0,6,87,4897,1262,21,3614
2020-08-29,Bali,88,1,13,74,4985,1275,22,3688
2020-08-30,Bali,89,1,1,87,5074,1276,23,3775
2020-08-31,Bali,129,2,10,117,5203,1286,25,3892
2020-09-01,Bali,160,0,18,142,5363,1304,25,4034
2020-09-02,Bali,169,2,14,153,5532,1318,27,4187
2020-09-03,Bali,174,1,19,154,5706,1337,28,4341
2020-09-04,Bali,196,1,7,188,5902,1344,29,4529
2020-09-05,Bali,165,3,12,150,6067,1356,32,4679
2020-09-06,Bali,141,2,5,134,6208,1361,34,4813
2020-09-07,Bali,173,3,17,153,6381,1378,37,4966
2020-09-08,Bali,164,2,4,158,6545,1382,39,5124
2020-09-09,Bali,173,1,12,160,6718,1394,40,5284
2020-09-10,Bali,111,2,11,98,6829,1405,42,5382
2020-09-11,Bali,143,0,8,135,6972,1413,42,5517
2020-09-12,Bali,135,0,11,124,7107,1424,42,5641
2020-09-13,Bali,113,3,10,100,7220,1434,45,5741
2020-09-14,Bali,86,2,8,76,7306,1442,47,5817
2020-09-15,Bali,68,1,12,55,7374,1454,48,5872
2020-09-16,Bali,49,0,6,43,7423,1460,48,5915
2020-09-17,Bali,63,2,25,36,7486,1485,50,5951
2020-09-18,Bali,50,2,12,36,7536,1497,52,5987
2020-09-19,Bali,85,0,13,72,7621,1510,52,6059
2020-09-20,Bali,121,3,7,111,7742,1517,55,6170
2020-09-21,Bali,139,0,9,130,7881,1526,55,6300
2020-09-22,Bali,108,1,24,83,7989,1550,56,6383
2020-09-23,Bali,132,1,23,108,8121,1573,57,6491
2020-09-24,Bali,119,13,14,92,8240,1587,70,6583
2020-09-25,Bali,144,3,13,128,8384,1600,73,6711
2020-09-26,Bali,63,1,8,54,8447,1608,74,6765
2020-09-27,Bali,80,1,12,67,8527,1620,75,6832
2020-09-28,Bali,107,4,25,78,8634,1645,79,6910
2020-09-29,Bali,106,1,19,86,8740,1664,80,6996
2020-09-30,Bali,133,2,22,109,8873,1686,82,7105
2020-10-01,Bali,141,1,24,116,9014,1710,83,7221
2020-10-02,Bali,130,2,17,111,9144,1727,85,7332
2020-10-03,Bali,105,0,20,85,9249,1747,85,7417
2020-10-04,Bali,111,0,25,86,9360,1772,85,7503
2020-10-05,Bali,83,1,10,72,9443,1782,86,7575
2020-10-06,Bali,99,1,21,77,9542,1803,87,7652
2020-10-07,Bali,105,5,7,93,9647,1810,92,7745
2020-10-08,Bali,107,0,21,86,9754,1831,92,7831
2020-10-09,Bali,138,0,7,131,9892,1838,92,7962
2020-10-10,Bali,131,1,20,110,10023,1858,93,8072
2020-10-11,Bali,107,1,14,92,10130,1872,94,8164
2020-10-12,Bali,93,2,25,66,10223,1897,96,8230
2020-10-13,Bali,76,2,19,55,10299,1916,98,8285
2020-10-14,Bali,109,2,14,93,10408,1930,100,8378
2020-10-15,Bali,100,0,31,69,10508,1961,100,8447
2020-10-16,Bali,92,0,42,50,10600,2003,100,8497
2020-10-17,Bali,92,1,20,71,10692,2023,101,8568
2020-10-18,Bali,74,0,13,61,10766,2036,101,8629
2020-10-19,Bali,110,2,30,78,10876,2066,103,8707
2020-10-20,Bali,75,1,26,48,10951,2092,104,8755
2020-10-21,Bali,87,0,13,74,11038,2105,104,8829
2020-10-22,Bali,83,2,26,55,11121,2131,106,8884
2020-10-23,Bali,78,2,17,59,11199,2148,108,8943
2020-10-24,Bali,76,2,22,52,11275,2170,110,8995
2020-10-25,Bali,109,0,18,91,11384,2188,110,9086
2020-10-26,Bali,67,0,13,54,11451,2201,110,9140
2020-10-27,Bali,65,2,19,44,11516,2220,112,9184
2020-10-28,Bali,72,269,8184,-8381,11588,10404,381,803
2020-10-29,Bali,59,2,57,0,11647,10461,383,803
2020-10-30,Bali,65,3,105,-43,11712,10566,386,760
2020-10-31,Bali,52,2,63,-13,11764,10629,388,747
2020-11-01,Bali,57,2,53,2,11821,10682,390,749
2020-11-02,Bali,25,1,82,-58,11846,10764,391,691
2020-11-03,Bali,60,1,77,-18,11906,10841,392,673
2020-11-04,Bali,73,0,86,-13,11979,10927,392,660
2020-11-05,Bali,60,3,102,-45,12039,11029,395,615
2020-11-06,Bali,74,2,73,-1,12113,11102,397,614
2020-11-07,Bali,68,0,46,22,12181,11148,397,636
2020-11-08,Bali,44,0,56,-12,12225,11204,397,624
2020-11-09,Bali,68,1,88,-21,12293,11292,398,603
2020-11-10,Bali,44,2,92,-50,12337,11384,400,553
2020-11-11,Bali,93,0,63,30,12430,11447,400,583
2020-11-12,Bali,89,1,51,37,12519,11498,401,620
2020-11-13,Bali,64,1,59,4,12583,11557,402,624
2020-11-14,Bali,48,0,50,-2,12631,11607,402,622
2020-11-15,Bali,60,0,49,11,12691,11656,402,633
2020-11-16,Bali,7,1,38,-32,12698,11694,403,601
2020-11-17,Bali,2,2,60,-60,12700,11754,405,541
2020-11-18,Bali,69,0,99,-30,12769,11853,405,511
2020-11-19,Bali,88,0,65,23,12857,11918,405,534
2020-11-20,Bali,61,2,70,-11,12918,11988,407,523
2020-11-21,Bali,94,0,70,24,13012,12058,407,547
2020-11-22,Bali,103,1,68,34,13115,12126,408,581
2020-11-23,Bali,68,3,76,-11,13183,12202,411,570
2020-11-24,Bali,111,2,93,16,13294,12295,413,586
2020-11-25,Bali,95,2,68,25,13389,12363,415,611
2020-11-26,Bali,111,4,59,48,13500,12422,419,659
2020-11-27,Bali,82,4,52,26,13582,12474,423,685
2020-11-28,Bali,99,1,90,8,13681,12564,424,693
2020-11-29,Bali,109,2,54,53,13790,12618,426,746
2020-11-30,Bali,89,4,134,-49,13879,12752,430,697
2020-12-01,Bali,109,2,42,65,13988,12794,432,762
2020-12-02,Bali,202,0,96,106,14190,12890,432,868
2020-12-03,Bali,230,6,103,121,14420,12993,438,989
2020-12-04,Bali,122,3,88,31,14542,13081,441,1020
2020-12-05,Bali,91,1,105,-15,14633,13186,442,1005
2020-12-06,Bali,110,2,78,30,14743,13264,444,1035
2020-12-07,Bali,102,1,356,-255,14845,13620,445,780
2020-12-08,Bali,86,1,85,0,14931,13705,446,780
2020-12-09,Bali,139,4,91,44,15070,13796,450,824
2020-12-10,Bali,112,4,105,3,15182,13901,454,827
2020-12-11,Bali,110,4,92,14,15292,13993,458,841
2020-12-12,Bali,69,0,91,-22,15361,14084,458,819
2020-12-13,Bali,72,2,70,0,15433,14154,460,819
2020-12-14,Bali,77,0,102,-25,15510,14256,460,794
2020-12-15,Bali,73,7,66,0,15583,14322,467,794
2020-12-16,Bali,145,1,150,-6,15728,14472,468,788
2020-12-17,Bali,132,2,81,49,15860,14553,470,837
2020-12-18,Bali,121,3,79,39,15981,14632,473,876
2020-12-19,Bali,96,0,60,36,16077,14692,473,912
2020-12-20,Bali,99,3,79,17,16176,14771,476,929
2020-12-21,Bali,135,1,161,-27,16311,14932,477,902
2020-12-22,Bali,117,1,134,-18,16428,15066,478,884
2020-12-23,Bali,122,4,126,-8,16550,15192,482,876
2020-12-24,Bali,123,3,109,11,16673,15301,485,887
2020-12-25,Bali,112,4,95,13,16785,15396,489,900
2020-12-26,Bali,96,5,102,-11,16881,15498,494,889
2020-12-27,Bali,66,3,112,-49,16947,15610,497,840
2020-12-28,Bali,138,4,123,11,17085,15733,501,851
2020-12-29,Bali,172,3,187,-18,17257,15920,504,833
2020-12-30,Bali,157,8,125,24,17414,16045,512,857
2020-12-31,Bali,179,4,99,76,17593,16144,516,933
2021-01-01,Bali,101,1,76,24,17694,16220,517,957
2021-01-02,Bali,165,5,125,35,17859,16345,522,992
2021-01-03,Bali,119,0,84,35,17978,16429,522,1027
2021-01-04,Bali,118,8,114,-4,18096,16543,530,1023
2021-01-05,Bali,167,1,126,40,18263,16669,531,1063
2021-01-06,Bali,191,11,170,10,18454,16839,542,1073
2021-01-07,Bali,189,5,147,37,18643,16986,547,1110
2021-01-08,Bali,231,3,105,123,18874,17091,550,1233
2021-01-09,Bali,189,4,100,85,19063,17191,554,1318
2021-01-10,Bali,169,2,137,30,19232,17328,556,1348
2021-01-11,Bali,253,4,135,114,19485,17463,560,1462
2021-01-12,Bali,350,10,159,181,19835,17622,570,1643
2021-01-13,Bali,268,3,97,168,20103,17719,573,1811
2021-01-14,Bali,297,1,265,31,20400,17984,574,1842
2021-01-15,Bali,311,6,197,108,20711,18181,580,1950
2021-01-16,Bali,319,1,124,194,21030,18305,581,2144
2021-01-17,Bali,262,2,150,110,21292,18455,583,2254
2021-01-18,Bali,238,8,210,20,21530,18665,591,2274
2021-01-19,Bali,247,5,248,-6,21777,18913,596,2268
2021-01-20,Bali,494,7,241,246,22271,19154,603,2514
2021-01-21,Bali,483,4,179,300,22754,19333,607,2814
2021-01-22,Bali,313,9,269,35,23067,19602,616,2849
2021-01-23,Bali,253,8,223,22,23320,19825,624,2871
2021-01-24,Bali,292,5,212,75,23612,20037,629,2946
2021-01-25,Bali,186,10,260,-84,23798,20297,639,2862
2021-01-26,Bali,542,7,254,281,24340,20551,646,3143
2021-01-27,Bali,540,3,240,297,24880,20791,649,3440
2021-01-28,Bali,366,7,237,122,25246,21028,656,3562
2021-01-29,Bali,415,7,349,59,25661,21377,663,3621
2021-01-30,Bali,253,5,222,26,25914,21599,668,3647
2021-01-31,Bali,238,8,228,2,26152,21827,676,3649
2021-02-01,Bali,253,6,331,-84,26405,22158,682,3565
2021-02-02,Bali,309,6,385,-82,26714,22543,688,3483
2021-02-03,Bali,261,5,202,54,26975,22745,693,3537
2021-02-04,Bali,216,9,448,-241,27191,23193,702,3296
2021-02-05,Bali,508,9,354,145,27699,23547,711,3441
2021-02-06,Bali,197,14,389,-206,27896,23936,725,3235
2021-02-07,Bali,381,5,217,159,28277,24153,730,3394
2021-02-08,Bali,260,11,471,-222,28537,24624,741,3172
2021-02-09,Bali,453,6,328,119,28990,24952,747,3291
2021-02-10,Bali,305,11,305,-11,29295,25257,758,3280
2021-02-11,Bali,371,13,377,-19,29666,25634,771,3261
2021-02-12,Bali,312,9,307,-4,29978,25941,780,3257
2021-02-13,Bali,156,14,201,-59,30134,26142,794,3198
2021-02-14,Bali,139,6,196,-63,30273,26338,800,3135
2021-02-15,Bali,274,9,279,-14,30547,26617,809,3121
2021-02-16,Bali,274,11,301,-38,30821,26918,820,3083
2021-02-17,Bali,374,11,232,131,31195,27150,831,3214
2021-02-18,Bali,306,12,416,-122,31501,27566,843,3092
2021-02-19,Bali,330,10,411,-91,31831,27977,853,3001
2021-02-20,Bali,202,5,417,-220,32033,28394,858,2781
2021-02-21,Bali,326,7,204,115,32359,28598,865,2896
2021-02-22,Bali,278,8,300,-30,32637,28898,873,2866
2021-02-23,Bali,288,10,354,-76,32925,29252,883,2790
2021-02-24,Bali,307,6,303,-2,33232,29555,889,2788
2021-02-25,Bali,263,9,307,-53,33495,29862,898,2735
2021-02-26,Bali,330,10,307,13,33825,30169,908,2748
2021-02-27,Bali,151,6,280,-135,33976,30449,914,2613
2021-02-28,Bali,239,5,157,77,34215,30606,919,2690
2021-03-01,Bali,165,5,224,-64,34380,30830,924,2626
2021-03-02,Bali,167,7,253,-93,34547,31083,931,2533
2021-03-03,Bali,198,10,227,-39,34745,31310,941,2494
2021-03-04,Bali,268,14,245,9,35013,31555,955,2503
2021-03-05,Bali,214,8,296,-90,35227,31851,963,2413
2021-03-06,Bali,153,5,215,-67,35380,32066,968,2346
2021-03-07,Bali,147,3,186,-42,35527,32252,971,2304
2021-03-08,Bali,200,5,308,-113,35727,32560,976,2191
2021-03-09,Bali,256,7,256,-7,35983,32816,983,2184
2021-03-10,Bali,254,6,220,28,36237,33036,989,2212
2021-03-11,Bali,156,6,141,9,36393,33177,995,2221
2021-03-12,Bali,197,12,216,-31,36590,33393,1007,2190
2021-03-13,Bali,158,4,145,9,36748,33538,1011,2199
2021-03-14,Bali,0,3,21,-24,36748,33559,1014,2175
2021-03-15,Bali,100,5,230,-135,36848,33789,1019,2040
2021-03-16,Bali,77,7,210,-140,36925,33999,1026,1900
2021-03-17,Bali,227,9,291,-73,37152,34290,1035,1827
2021-03-18,Bali,306,8,226,72,37458,34516,1043,1899
2021-03-19,Bali,207,7,328,-128,37665,34844,1050,1771
2021-03-20,Bali,130,7,279,-156,37795,35123,1057,1615
2021-03-21,Bali,186,2,124,60,37981,35247,1059,1675
2021-03-22,Bali,174,7,225,-58,38155,35472,1066,1617
2021-03-23,Bali,182,10,116,56,38337,35588,1076,1673
2021-03-24,Bali,189,10,158,21,38526,35746,1086,1694
2021-03-25,Bali,201,5,140,56,38727,35886,1091,1750
2021-03-26,Bali,178,6,170,2,38905,36056,1097,1752
2021-03-27,Bali,145,8,135,2,39050,36191,1105,1754
2021-03-28,Bali,121,5,126,-10,39171,36317,1110,1744
2021-03-29,Bali,144,8,232,-96,39315,36549,1118,1648
2021-03-30,Bali,169,11,172,-14,39484,36721,1129,1634
2021-03-31,Bali,200,4,203,-7,39684,36924,1133,1627
2021-04-01,Bali,172,12,195,-35,39856,37119,1145,1592
2021-04-02,Bali,169,3,128,38,40025,37247,1148,1630
2021-04-03,Bali,141,6,221,-86,40166,37468,1154,1544
2021-04-04,Bali,255,5,257,-7,40421,37725,1159,1537
2021-04-05,Bali,187,6,152,29,40608,37877,1165,1566
2021-04-06,Bali,236,8,214,14,40844,38091,1173,1580
2021-04-07,Bali,210,9,153,48,41054,38244,1182,1628
2021-04-08,Bali,205,9,208,-12,41259,38452,1191,1616
2021-04-09,Bali,207,8,158,41,41466,38610,1199,1657
2021-04-10,Bali,153,4,135,14,41619,38745,1203,1671
2021-04-11,Bali,115,0,108,7,41734,38853,1203,1678
2021-04-12,Bali,169,9,177,-17,41903,39030,1212,1661
2021-04-13,Bali,150,6,120,24,42053,39150,1218,1685
2021-04-14,Bali,121,2,66,53,42174,39216,1220,1738
2021-04-15,Bali,202,5,143,54,42376,39359,1225,1792
2021-04-16,Bali,211,4,294,-87,42587,39653,1229,1705
2021-04-17,Bali,169,11,180,-22,42756,39833,1240,1683
2021-04-18,Bali,172,8,212,-48,42928,40045,1248,1635
2021-04-19,Bali,154,10,231,-87,43082,40276,1258,1548
2021-04-20,Bali,207,10,231,-34,43289,40507,1268,1514
2021-04-21,Bali,196,9,153,34,43485,40660,1277,1548
2021-04-22,Bali,168,8,232,-72,43653,40892,1285,1476
2021-04-23,Bali,138,8,124,6,43791,41016,1293,1482
2021-04-24,Bali,124,1,76,47,43915,41092,1294,1529
2021-04-25,Bali,66,5,87,-26,43981,41179,1299,1503
2021-04-26,Bali,105,8,182,-85,44086,41361,1307,1418
2021-04-27,Bali,150,8,113,29,44236,41474,1315,1447
2021-04-28,Bali,166,10,139,17,44402,41613,1325,1464
2021-04-29,Bali,132,5,207,-80,44534,41820,1330,1384
2021-04-30,Bali,137,6,147,-16,44671,41967,1336,1368
2021-05-01,Bali,142,10,165,-33,44813,42132,1346,1335
2021-05-02,Bali,86,5,61,20,44899,42193,1351,1355
2021-05-03,Bali,105,9,131,-35,45004,42324,1360,1320
2021-05-04,Bali,150,9,123,18,45154,42447,1369,1338
2021-05-05,Bali,128,9,126,-7,45282,42573,1378,1331
2021-05-06,Bali,146,11,156,-21,45428,42729,1389,1310
2021-05-07,Bali,114,5,150,-41,45542,42879,1394,1269
2021-05-08,Bali,113,8,130,-25,45655,43009,1402,1244
2021-05-09,Bali,103,5,103,-5,45758,43112,1407,1239
2021-05-10,Bali,74,9,134,-69,45832,43246,1416,1170
2021-05-11,Bali,101,9,90,2,45933,43336,1425,1172
2021-05-12,Bali,97,6,120,-29,46030,43456,1431,1143
2021-05-13,Bali,94,4,88,2,46124,43544,1435,1145
2021-05-14,Bali,47,4,98,-55,46171,43642,1439,1090
2021-05-15,Bali,45,3,121,-79,46216,43763,1442,1011
2021-05-16,Bali,74,4,52,18,46290,43815,1446,1029
2021-05-17,Bali,74,5,135,-66,46364,43950,1451,963
2021-05-18,Bali,79,4,114,-39,46443,44064,1455,924
2021-05-19,Bali,112,8,125,-21,46555,44189,1463,903
2021-05-20,Bali,83,4,94,-15,46638,44283,1467,888
2021-05-21,Bali,100,1,185,-86,46738,44468,1468,802
2021-05-22,Bali,50,5,83,-38,46788,44551,1473,764
2021-05-23,Bali,68,2,48,18,46856,44599,1475,782
2021-05-24,Bali,62,1,70,-9,46918,44669,1476,773
2021-05-25,Bali,55,5,83,-33,46973,44752,1481,740
2021-05-26,Bali,59,5,41,13,47032,44793,1486,753
2021-05-27,Bali,31,5,74,-48,47063,44867,1491,705
2021-05-28,Bali,61,6,69,-14,47124,44936,1497,691
2021-05-29,Bali,49,2,72,-25,47173,45008,1499,666
2021-05-30,Bali,42,2,42,-2,47215,45050,1501,664
2021-05-31,Bali,44,3,94,-53,47259,45144,1504,611
2021-06-01,Bali,28,0,32,-4,47287,45176,1504,607
2021-06-02,Bali,33,1,72,-40,47320,45248,1505,567
2021-06-03,Bali,46,0,70,-24,47366,45318,1505,543
2021-06-04,Bali,51,3,75,-27,47417,45393,1508,516
2021-06-05,Bali,28,0,44,-16,47445,45437,1508,500
2021-06-06,Bali,27,1,53,-27,47472,45490,1509,473
2021-06-07,Bali,36,0,45,-9,47508,45535,1509,464
2021-06-08,Bali,36,5,40,-9,47544,45575,1514,455
2021-06-09,Bali,37,0,55,-18,47581,45630,1514,437
2021-06-10,Bali,61,1,58,2,47642,45688,1515,439
2021-06-11,Bali,46,2,60,-16,47688,45748,1517,423
2021-06-12,Bali,22,3,35,-16,47710,45783,1520,407
2021-06-13,Bali,44,3,42,-1,47754,45825,1523,406
2021-06-14,Bali,48,2,58,-12,47802,45883,1525,394
2021-06-15,Bali,55,2,30,23,47857,45913,1527,417
2021-06-16,Bali,67,0,24,43,47924,45937,1527,460
2021-06-17,Bali,65,1,39,25,47989,45976,1528,485
2021-06-18,Bali,95,3,52,40,48084,46028,1531,525
2021-06-19,Bali,155,2,40,113,48239,46068,1533,638
2021-06-20,Bali,106,2,37,67,48345,46105,1535,705
2021-06-21,Bali,90,1,50,39,48435,46155,1536,744
2021-06-22,Bali,127,3,2,122,48562,46157,1539,866
2021-06-23,Bali,189,4,23,162,48751,46180,1543,1028
2021-06-24,Bali,181,2,70,109,48932,46250,1545,1137
2021-06-25,Bali,195,2,65,128,49127,46315,1547,1265
2021-06-26,Bali,246,3,86,157,49373,46401,1550,1422
2021-06-27,Bali,174,4,72,98,49547,46473,1554,1520
2021-06-28,Bali,212,5,151,56,49759,46624,1559,1576
2021-06-29,Bali,238,1,101,136,49997,46725,1560,1712
2021-06-30,Bali,221,0,112,109,50218,46837,1560,1821
2021-07-01,Bali,311,9,116,186,50529,46953,1569,2007
2021-07-02,Bali,343,8,175,160,50872,47128,1577,2167
2021-07-03,Bali,272,4,173,95,51144,47301,1581,2262
2021-07-04,Bali,355,4,131,220,51499,47432,1585,2482
2021-07-05,Bali,401,7,207,187,51900,47639,1592,2669
2021-07-06,Bali,424,5,268,151,52324,47907,1597,2820
2021-07-07,Bali,504,8,209,287,52828,48116,1605,3107
2021-07-08,Bali,577,7,265,305,53405,48381,1612,3412
2021-07-09,Bali,674,6,287,381,54079,48668,1618,3793
2021-07-10,Bali,678,7,236,435,54757,48904,1625,4228
2021-07-11,Bali,561,9,293,259,55318,49197,1634,4487
2021-07-12,Bali,656,14,315,327,55974,49512,1648,4814
2021-07-13,Bali,723,21,358,344,56697,49870,1669,5158
2021-07-14,Bali,791,21,314,456,57488,50184,1690,5614
2021-07-15,Bali,843,14,418,411,58331,50602,1704,6025
2021-07-16,Bali,885,21,475,389,59216,51077,1725,6414
2021-07-17,Bali,1019,23,529,467,60235,51606,1748,6881
2021-07-18,Bali,944,21,465,458,61179,52071,1769,7339
2021-07-19,Bali,837,25,617,195,62016,52688,1794,7534
2021-07-20,Bali,880,23,533,324,62896,53221,1817,7858
2021-07-21,Bali,1111,23,658,430,64007,53879,1840,8288
2021-07-22,Bali,1250,33,652,565,65257,54531,1873,8853
2021-07-23,Bali,1407,32,685,690,66664,55216,1905,9543
2021-07-24,Bali,1057,25,696,336,67721,55912,1930,9879
2021-07-25,Bali,990,27,696,267,68711,56608,1957,10146
2021-07-26,Bali,1078,26,802,250,69789,57410,1983,10396
2021-07-27,Bali,1314,33,829,452,71103,58239,2016,10848
2021-07-28,Bali,1452,44,954,454,72555,59193,2060,11302
2021-07-29,Bali,1119,20,614,485,73674,59807,2080,11787
2021-07-30,Bali,1365,37,810,518,75039,60617,2117,12305
2021-07-31,Bali,1280,34,908,338,76319,61525,2151,12643
2021-08-01,Bali,1146,33,839,274,77465,62364,2184,12917
2020-03-31,Nusa Tenggara Barat,2,0,0,2,2,0,0,2
2020-04-01,Nusa Tenggara Barat,2,0,0,2,4,0,0,4
2020-04-02,Nusa Tenggara Barat,0,0,0,0,4,0,0,4
2020-04-03,Nusa Tenggara Barat,0,0,0,0,4,0,0,4
2020-04-04,Nusa Tenggara Barat,0,0,0,0,4,0,0,4
2020-04-05,Nusa Tenggara Barat,0,0,0,0,4,0,0,4
2020-04-06,Nusa Tenggara Barat,3,0,0,3,7,0,0,7
2020-04-07,Nusa Tenggara Barat,0,0,0,0,7,0,0,7
2020-04-08,Nusa Tenggara Barat,0,0,0,0,7,0,0,7
2020-04-09,Nusa Tenggara Barat,6,0,2,4,13,2,0,11
2020-04-10,Nusa Tenggara Barat,9,0,0,9,22,2,0,20
2020-04-11,Nusa Tenggara Barat,2,2,0,0,24,2,2,20
2020-04-12,Nusa Tenggara Barat,9,0,0,9,33,2,2,29
2020-04-13,Nusa Tenggara Barat,3,0,0,3,36,2,2,32
2020-04-14,Nusa Tenggara Barat,0,0,0,0,36,2,2,32
2020-04-15,Nusa Tenggara Barat,0,0,0,0,36,2,2,32
2020-04-16,Nusa Tenggara Barat,8,0,0,8,44,2,2,40
2020-04-17,Nusa Tenggara Barat,6,0,0,6,50,2,2,46
2020-04-18,Nusa Tenggara Barat,4,0,0,4,54,2,2,50
2020-04-19,Nusa Tenggara Barat,6,1,9,-4,60,11,3,46
2020-04-20,Nusa Tenggara Barat,11,1,0,10,71,11,4,56
2020-04-21,Nusa Tenggara Barat,21,0,0,21,92,11,4,77
2020-04-22,Nusa Tenggara Barat,15,0,0,15,107,11,4,92
2020-04-23,Nusa Tenggara Barat,7,0,2,5,114,13,4,97
2020-04-24,Nusa Tenggara Barat,38,0,2,36,152,15,4,133
2020-04-25,Nusa Tenggara Barat,28,0,5,23,180,20,4,156
2020-04-26,Nusa Tenggara Barat,15,0,0,15,195,20,4,171
2020-04-27,Nusa Tenggara Barat,11,0,2,9,206,22,4,180
2020-04-28,Nusa Tenggara Barat,15,0,2,13,221,24,4,193
2020-04-29,Nusa Tenggara Barat,9,0,7,2,230,31,4,195
2020-04-30,Nusa Tenggara Barat,0,0,0,0,230,31,4,195
2020-05-01,Nusa Tenggara Barat,3,0,0,3,233,31,4,198
2020-05-02,Nusa Tenggara Barat,17,0,1,16,250,32,4,214
2020-05-03,Nusa Tenggara Barat,18,0,4,14,268,36,4,228
2020-05-04,Nusa Tenggara Barat,0,0,0,0,268,36,4,228
2020-05-05,Nusa Tenggara Barat,16,0,10,6,284,46,4,234
2020-05-06,Nusa Tenggara Barat,5,1,7,-3,289,53,5,231
2020-05-07,Nusa Tenggara Barat,11,0,4,7,300,57,5,238
2020-05-08,Nusa Tenggara Barat,12,0,22,-10,312,79,5,228
2020-05-09,Nusa Tenggara Barat,18,1,7,10,330,86,6,238
2020-05-10,Nusa Tenggara Barat,0,0,5,-5,330,91,6,233
2020-05-11,Nusa Tenggara Barat,1,0,13,-12,331,104,6,221
2020-05-12,Nusa Tenggara Barat,8,0,0,8,339,104,6,229
2020-05-13,Nusa Tenggara Barat,5,1,9,-5,344,113,7,224
2020-05-14,Nusa Tenggara Barat,6,0,24,-18,350,137,7,206
2020-05-15,Nusa Tenggara Barat,8,0,50,-42,358,187,7,164
2020-05-16,Nusa Tenggara Barat,7,0,0,7,365,187,7,171
2020-05-17,Nusa Tenggara Barat,6,0,12,-6,371,199,7,165
2020-05-18,Nusa Tenggara Barat,4,0,13,-9,375,212,7,156
2020-05-19,Nusa Tenggara Barat,0,0,0,0,375,212,7,156
2020-05-20,Nusa Tenggara Barat,18,0,0,18,393,212,7,174
2020-05-21,Nusa Tenggara Barat,17,0,4,13,410,216,7,187
2020-05-22,Nusa Tenggara Barat,54,0,3,51,464,219,7,238
2020-05-23,Nusa Tenggara Barat,10,1,7,2,474,226,8,240
2020-05-24,Nusa Tenggara Barat,4,0,0,4,478,226,8,244
2020-05-25,Nusa Tenggara Barat,0,0,31,-31,478,257,8,213
2020-05-26,Nusa Tenggara Barat,10,0,0,10,488,257,8,223
2020-05-27,Nusa Tenggara Barat,49,1,14,34,537,271,9,257
2020-05-28,Nusa Tenggara Barat,25,1,1,23,562,272,10,280
2020-05-29,Nusa Tenggara Barat,28,0,3,25,590,275,10,305
2020-05-30,Nusa Tenggara Barat,4,0,3,1,594,278,10,306
2020-05-31,Nusa Tenggara Barat,42,0,12,30,636,290,10,336
2020-06-01,Nusa Tenggara Barat,16,0,1,15,652,291,10,351
2020-06-02,Nusa Tenggara Barat,18,2,0,16,670,291,12,367
2020-06-03,Nusa Tenggara Barat,15,1,5,9,685,296,13,376
2020-06-04,Nusa Tenggara Barat,20,4,2,14,705,298,17,390
2020-06-05,Nusa Tenggara Barat,52,3,0,49,757,298,20,439
2020-06-06,Nusa Tenggara Barat,41,1,12,28,798,310,21,467
2020-06-07,Nusa Tenggara Barat,10,0,14,-4,808,324,21,463
2020-06-08,Nusa Tenggara Barat,14,1,0,13,822,324,22,476
2020-06-09,Nusa Tenggara Barat,8,3,0,5,830,324,25,481
2020-06-10,Nusa Tenggara Barat,27,3,78,-54,857,402,28,427
2020-06-11,Nusa Tenggara Barat,11,3,44,-36,868,446,31,391
2020-06-12,Nusa Tenggara Barat,23,0,72,-49,891,518,31,342
2020-06-13,Nusa Tenggara Barat,13,2,20,-9,904,538,33,333
2020-06-14,Nusa Tenggara Barat,11,0,36,-25,915,574,33,308
2020-06-15,Nusa Tenggara Barat,22,2,31,-11,937,605,35,297
2020-06-16,Nusa Tenggara Barat,20,0,15,5,957,620,35,302
2020-06-17,Nusa Tenggara Barat,21,6,30,-15,978,650,41,287
2020-06-18,Nusa Tenggara Barat,30,2,20,8,1008,670,43,295
2020-06-19,Nusa Tenggara Barat,14,0,19,-5,1022,689,43,290
2020-06-20,Nusa Tenggara Barat,29,1,33,-5,1051,722,44,285
2020-06-21,Nusa Tenggara Barat,5,0,7,-2,1056,729,44,283
2020-06-22,Nusa Tenggara Barat,11,1,13,-3,1067,742,45,280
2020-06-23,Nusa Tenggara Barat,14,0,8,6,1081,750,45,286
2020-06-24,Nusa Tenggara Barat,21,2,19,0,1102,769,47,286
2020-06-25,Nusa Tenggara Barat,17,2,6,9,1119,775,49,295
2020-06-26,Nusa Tenggara Barat,23,0,11,12,1142,786,49,307
2020-06-27,Nusa Tenggara Barat,21,1,5,15,1163,791,50,322
2020-06-28,Nusa Tenggara Barat,36,9,19,8,1199,810,59,330
2020-06-29,Nusa Tenggara Barat,14,0,6,8,1213,816,59,338
2020-06-30,Nusa Tenggara Barat,21,1,8,12,1234,824,60,350
2020-07-01,Nusa Tenggara Barat,11,3,7,1,1245,831,63,351
2020-07-02,Nusa Tenggara Barat,15,0,11,4,1260,842,63,355
2020-07-03,Nusa Tenggara Barat,23,0,25,-2,1283,867,63,353
2020-07-04,Nusa Tenggara Barat,28,1,6,21,1311,873,64,374
2020-07-05,Nusa Tenggara Barat,18,0,9,9,1329,882,64,383
2020-07-06,Nusa Tenggara Barat,32,0,7,25,1361,889,64,408
2020-07-07,Nusa Tenggara Barat,30,1,8,21,1391,897,65,429
2020-07-08,Nusa Tenggara Barat,23,6,23,-6,1414,920,71,423
2020-07-09,Nusa Tenggara Barat,29,1,12,16,1443,932,72,439
2020-07-10,Nusa Tenggara Barat,36,2,14,20,1479,946,74,459
2020-07-11,Nusa Tenggara Barat,39,0,14,25,1518,960,74,484
2020-07-12,Nusa Tenggara Barat,30,3,13,14,1548,973,77,498
2020-07-13,Nusa Tenggara Barat,23,4,22,-3,1571,995,81,495
2020-07-14,Nusa Tenggara Barat,21,1,24,-4,1592,1019,82,491
2020-07-15,Nusa Tenggara Barat,26,3,14,9,1618,1033,85,500
2020-07-16,Nusa Tenggara Barat,30,0,27,3,1648,1060,85,503
2020-07-17,Nusa Tenggara Barat,21,1,11,9,1669,1071,86,512
2020-07-18,Nusa Tenggara Barat,25,3,13,9,1694,1084,89,521
2020-07-19,Nusa Tenggara Barat,31,5,19,7,1725,1103,94,528
2020-07-20,Nusa Tenggara Barat,34,2,1,31,1759,1104,96,559
2020-07-21,Nusa Tenggara Barat,18,2,14,2,1777,1118,98,561
2020-07-22,Nusa Tenggara Barat,12,0,10,2,1789,1128,98,563
2020-07-23,Nusa Tenggara Barat,33,0,13,20,1822,1141,98,583
2020-07-24,Nusa Tenggara Barat,28,5,16,7,1850,1157,103,590
2020-07-25,Nusa Tenggara Barat,33,0,13,20,1883,1170,103,610
2020-07-26,Nusa Tenggara Barat,20,1,22,-3,1903,1192,104,607
2020-07-27,Nusa Tenggara Barat,23,3,21,-1,1926,1213,107,606
2020-07-28,Nusa Tenggara Barat,20,1,6,13,1946,1219,108,619
2020-07-29,Nusa Tenggara Barat,40,0,30,10,1986,1249,108,629
2020-07-30,Nusa Tenggara Barat,36,0,12,24,2022,1261,108,653
2020-07-31,Nusa Tenggara Barat,43,2,24,17,2065,1285,110,670
2020-08-01,Nusa Tenggara Barat,0,0,0,0,2065,1285,110,670
2020-08-02,Nusa Tenggara Barat,50,5,26,19,2115,1311,115,689
2020-08-03,Nusa Tenggara Barat,35,2,9,24,2150,1320,117,713
2020-08-04,Nusa Tenggara Barat,21,2,11,8,2171,1331,119,721
2020-08-05,Nusa Tenggara Barat,26,2,29,-5,2197,1360,121,716
2020-08-06,Nusa Tenggara Barat,27,1,15,11,2224,1375,122,727
2020-08-07,Nusa Tenggara Barat,15,0,27,-12,2239,1402,122,715
2020-08-08,Nusa Tenggara Barat,24,1,8,15,2263,1410,123,730
2020-08-09,Nusa Tenggara Barat,27,0,14,13,2290,1424,123,743
2020-08-10,Nusa Tenggara Barat,26,2,10,14,2316,1434,125,757
2020-08-11,Nusa Tenggara Barat,22,3,55,-36,2338,1489,128,721
2020-08-12,Nusa Tenggara Barat,24,1,54,-31,2362,1543,129,690
2020-08-13,Nusa Tenggara Barat,13,0,48,-35,2375,1591,129,655
2020-08-14,Nusa Tenggara Barat,24,0,18,6,2399,1609,129,661
2020-08-15,Nusa Tenggara Barat,22,2,15,5,2421,1624,131,666
2020-08-16,Nusa Tenggara Barat,15,0,20,-5,2436,1644,131,661
2020-08-17,Nusa Tenggara Barat,22,1,13,8,2458,1657,132,669
2020-08-18,Nusa Tenggara Barat,23,2,19,2,2481,1676,134,671
2020-08-19,Nusa Tenggara Barat,24,1,21,2,2505,1697,135,673
2020-08-20,Nusa Tenggara Barat,21,1,29,-9,2526,1726,136,664
2020-08-21,Nusa Tenggara Barat,24,2,110,-88,2550,1836,138,576
2020-08-22,Nusa Tenggara Barat,14,3,26,-15,2564,1862,141,561
2020-08-23,Nusa Tenggara Barat,18,2,15,1,2582,1877,143,562
2020-08-24,Nusa Tenggara Barat,14,5,8,1,2596,1885,148,563
2020-08-25,Nusa Tenggara Barat,17,2,18,-3,2613,1903,150,560
2020-08-26,Nusa Tenggara Barat,28,2,16,10,2641,1919,152,570
2020-08-27,Nusa Tenggara Barat,21,3,21,-3,2662,1940,155,567
2020-08-28,Nusa Tenggara Barat,23,1,27,-5,2685,1967,156,562
2020-08-29,Nusa Tenggara Barat,42,0,27,15,2727,1994,156,577
2020-08-30,Nusa Tenggara Barat,1,1,24,-24,2728,2018,157,553
2020-08-31,Nusa Tenggara Barat,14,2,28,-16,2742,2046,159,537
2020-09-01,Nusa Tenggara Barat,16,3,28,-15,2758,2074,162,522
2020-09-02,Nusa Tenggara Barat,14,0,29,-15,2772,2103,162,507
2020-09-03,Nusa Tenggara Barat,14,0,12,2,2786,2115,162,509
2020-09-04,Nusa Tenggara Barat,9,3,14,-8,2795,2129,165,501
2020-09-05,Nusa Tenggara Barat,33,2,25,6,2828,2154,167,507
2020-09-06,Nusa Tenggara Barat,19,1,21,-3,2847,2175,168,504
2020-09-07,Nusa Tenggara Barat,8,1,16,-9,2855,2191,169,495
2020-09-08,Nusa Tenggara Barat,20,2,19,-1,2875,2210,171,494
2020-09-09,Nusa Tenggara Barat,15,0,25,-10,2890,2235,171,484
2020-09-10,Nusa Tenggara Barat,11,0,31,-20,2901,2266,171,464
2020-09-11,Nusa Tenggara Barat,9,1,19,-11,2910,2285,172,453
2020-09-12,Nusa Tenggara Barat,13,0,26,-13,2923,2311,172,440
2020-09-13,Nusa Tenggara Barat,16,1,9,6,2939,2320,173,446
2020-09-14,Nusa Tenggara Barat,22,0,23,-1,2961,2343,173,445
2020-09-15,Nusa Tenggara Barat,20,1,9,10,2981,2352,174,455
2020-09-16,Nusa Tenggara Barat,9,0,13,-4,2990,2365,174,451
2020-09-17,Nusa Tenggara Barat,19,3,20,-4,3009,2385,177,447
2020-09-18,Nusa Tenggara Barat,20,2,11,7,3029,2396,179,454
2020-09-19,Nusa Tenggara Barat,53,3,22,28,3082,2418,182,482
2020-09-20,Nusa Tenggara Barat,19,0,12,7,3101,2430,182,489
2020-09-21,Nusa Tenggara Barat,25,3,12,10,3126,2442,185,499
2020-09-22,Nusa Tenggara Barat,11,2,15,-6,3137,2457,187,493
2020-09-23,Nusa Tenggara Barat,24,0,20,4,3161,2477,187,497
2020-09-24,Nusa Tenggara Barat,39,3,20,16,3200,2497,190,513
2020-09-25,Nusa Tenggara Barat,18,2,39,-23,3218,2536,192,490
2020-09-26,Nusa Tenggara Barat,28,0,11,17,3246,2547,192,507
2020-09-27,Nusa Tenggara Barat,19,2,8,9,3265,2555,194,516
2020-09-28,Nusa Tenggara Barat,17,1,4,12,3282,2559,195,528
2020-09-29,Nusa Tenggara Barat,7,0,39,-32,3289,2598,195,496
2020-09-30,Nusa Tenggara Barat,27,1,40,-14,3316,2638,196,482
2020-10-01,Nusa Tenggara Barat,30,2,14,14,3346,2652,198,496
2020-10-02,Nusa Tenggara Barat,26,2,7,17,3372,2659,200,513
2020-10-03,Nusa Tenggara Barat,22,2,17,3,3394,2676,202,516
2020-10-04,Nusa Tenggara Barat,26,1,10,15,3420,2686,203,531
2020-10-05,Nusa Tenggara Barat,21,0,20,1,3441,2706,203,532
2020-10-06,Nusa Tenggara Barat,23,0,33,-10,3464,2739,203,522
2020-10-07,Nusa Tenggara Barat,7,0,18,-11,3471,2757,203,511
2020-10-08,Nusa Tenggara Barat,14,0,13,1,3485,2770,203,512
2020-10-09,Nusa Tenggara Barat,28,2,22,4,3513,2792,205,516
2020-10-10,Nusa Tenggara Barat,7,1,7,-1,3520,2799,206,515
2020-10-11,Nusa Tenggara Barat,19,0,7,12,3539,2806,206,527
2020-10-12,Nusa Tenggara Barat,15,0,7,8,3554,2813,206,535
2020-10-13,Nusa Tenggara Barat,8,0,72,-64,3562,2885,206,471
2020-10-14,Nusa Tenggara Barat,26,2,51,-27,3588,2936,208,444
2020-10-15,Nusa Tenggara Barat,25,0,15,10,3613,2951,208,454
2020-10-16,Nusa Tenggara Barat,33,0,19,14,3646,2970,208,468
2020-10-17,Nusa Tenggara Barat,27,1,24,2,3673,2994,209,470
2020-10-18,Nusa Tenggara Barat,31,0,11,20,3704,3005,209,490
2020-10-19,Nusa Tenggara Barat,28,2,6,20,3732,3011,211,510
2020-10-20,Nusa Tenggara Barat,21,2,10,9,3753,3021,213,519
2020-10-21,Nusa Tenggara Barat,32,1,14,17,3785,3035,214,536
2020-10-22,Nusa Tenggara Barat,25,1,42,-18,3810,3077,215,518
2020-10-23,Nusa Tenggara Barat,20,1,27,-8,3830,3104,216,510
2020-10-24,Nusa Tenggara Barat,6,1,14,-9,3836,3118,217,501
2020-10-25,Nusa Tenggara Barat,22,2,16,4,3858,3134,219,505
2020-10-26,Nusa Tenggara Barat,26,0,22,4,3884,3156,219,509
2020-10-27,Nusa Tenggara Barat,29,0,32,-3,3913,3188,219,506
2020-10-28,Nusa Tenggara Barat,27,0,32,-5,3940,3220,219,501
2020-10-29,Nusa Tenggara Barat,10,0,31,-21,3950,3251,219,480
2020-10-30,Nusa Tenggara Barat,16,1,4,11,3966,3255,220,491
2020-10-31,Nusa Tenggara Barat,6,1,3,2,3972,3258,221,493
2020-11-01,Nusa Tenggara Barat,24,0,5,19,3996,3263,221,512
2020-11-02,Nusa Tenggara Barat,2,1,9,-8,3998,3272,222,504
2020-11-03,Nusa Tenggara Barat,18,0,23,-5,4016,3295,222,499
2020-11-04,Nusa Tenggara Barat,26,2,59,-35,4042,3354,224,464
2020-11-05,Nusa Tenggara Barat,54,1,78,-25,4096,3432,225,439
2020-11-06,Nusa Tenggara Barat,21,2,27,-8,4117,3459,227,431
2020-11-07,Nusa Tenggara Barat,32,0,17,15,4149,3476,227,446
2020-11-08,Nusa Tenggara Barat,46,2,61,-17,4195,3537,229,429
2020-11-09,Nusa Tenggara Barat,44,0,3,41,4239,3540,229,470
2020-11-10,Nusa Tenggara Barat,11,0,0,11,4250,3540,229,481
2020-11-11,Nusa Tenggara Barat,36,0,0,36,4286,3540,229,517
2020-11-12,Nusa Tenggara Barat,28,0,0,28,4314,3540,229,545
2020-11-13,Nusa Tenggara Barat,48,0,0,48,4362,3540,229,593
2020-11-14,Nusa Tenggara Barat,27,0,0,27,4389,3540,229,620
2020-11-15,Nusa Tenggara Barat,14,0,0,14,4403,3540,229,634
2020-11-16,Nusa Tenggara Barat,0,0,0,0,4403,3540,229,634
2020-11-17,Nusa Tenggara Barat,4,0,3,1,4407,3543,229,635
2020-11-18,Nusa Tenggara Barat,21,1,10,10,4428,3553,230,645
2020-11-19,Nusa Tenggara Barat,16,0,14,2,4444,3567,230,647
2020-11-20,Nusa Tenggara Barat,39,4,22,13,4483,3589,234,660
2020-11-21,Nusa Tenggara Barat,28,0,2,26,4511,3591,234,686
2020-11-22,Nusa Tenggara Barat,10,0,30,-20,4521,3621,234,666
2020-11-23,Nusa Tenggara Barat,15,1,3,11,4536,3624,235,677
2020-11-24,Nusa Tenggara Barat,14,0,9,5,4550,3633,235,682
2020-11-25,Nusa Tenggara Barat,10,2,32,-24,4560,3665,237,658
2020-11-26,Nusa Tenggara Barat,17,0,21,-4,4577,3686,237,654
2020-11-27,Nusa Tenggara Barat,38,1,13,24,4615,3699,238,678
2020-11-28,Nusa Tenggara Barat,32,1,17,14,4647,3716,239,692
2020-11-29,Nusa Tenggara Barat,24,1,8,15,4671,3724,240,707
2020-11-30,Nusa Tenggara Barat,8,2,4,2,4679,3728,242,709
2020-12-01,Nusa Tenggara Barat,18,1,36,-19,4697,3764,243,690
2020-12-02,Nusa Tenggara Barat,22,1,49,-28,4719,3813,244,662
2020-12-03,Nusa Tenggara Barat,12,1,50,-39,4731,3863,245,623
2020-12-04,Nusa Tenggara Barat,33,2,103,-72,4764,3966,247,551
2020-12-05,Nusa Tenggara Barat,27,0,66,-39,4791,4032,247,512
2020-12-06,Nusa Tenggara Barat,14,1,32,-19,4805,4064,248,493
2020-12-07,Nusa Tenggara Barat,25,2,14,9,4830,4078,250,502
2020-12-08,Nusa Tenggara Barat,9,1,18,-10,4839,4096,251,492
2020-12-09,Nusa Tenggara Barat,57,1,22,34,4896,4118,252,526
2020-12-10,Nusa Tenggara Barat,20,0,19,1,4916,4137,252,527
2020-12-11,Nusa Tenggara Barat,34,0,14,20,4950,4151,252,547
2020-12-12,Nusa Tenggara Barat,37,1,28,8,4987,4179,253,555
2020-12-13,Nusa Tenggara Barat,29,2,16,11,5016,4195,255,566
2020-12-14,Nusa Tenggara Barat,47,0,4,43,5063,4199,255,609
2020-12-15,Nusa Tenggara Barat,34,2,19,13,5097,4218,257,622
2020-12-16,Nusa Tenggara Barat,33,0,10,23,5130,4228,257,645
2020-12-17,Nusa Tenggara Barat,31,0,0,31,5161,4228,257,676
2020-12-18,Nusa Tenggara Barat,19,0,0,19,5180,4228,257,695
2020-12-19,Nusa Tenggara Barat,35,1,26,8,5215,4254,258,703
2020-12-20,Nusa Tenggara Barat,23,0,10,13,5238,4264,258,716
2020-12-21,Nusa Tenggara Barat,57,2,1,54,5295,4265,260,770
2020-12-22,Nusa Tenggara Barat,39,0,36,3,5334,4301,260,773
2020-12-23,Nusa Tenggara Barat,22,0,23,-1,5356,4324,260,772
2020-12-24,Nusa Tenggara Barat,42,0,35,7,5398,4359,260,779
2020-12-25,Nusa Tenggara Barat,24,0,5,19,5422,4364,260,798
2020-12-26,Nusa Tenggara Barat,32,0,18,14,5454,4382,260,812
2020-12-27,Nusa Tenggara Barat,16,0,25,-9,5470,4407,260,803
2020-12-28,Nusa Tenggara Barat,53,0,5,48,5523,4412,260,851
2020-12-29,Nusa Tenggara Barat,11,0,36,-25,5534,4448,260,826
2020-12-30,Nusa Tenggara Barat,65,0,60,5,5599,4508,260,831
2020-12-31,Nusa Tenggara Barat,65,0,48,17,5664,4556,260,848
2021-01-01,Nusa Tenggara Barat,60,0,20,40,5724,4576,260,888
2021-01-02,Nusa Tenggara Barat,59,2,39,18,5783,4615,262,906
2021-01-03,Nusa Tenggara Barat,21,0,14,7,5804,4629,262,913
2021-01-04,Nusa Tenggara Barat,43,0,13,30,5847,4642,262,943
2021-01-05,Nusa Tenggara Barat,13,0,0,13,5860,4642,262,956
2021-01-06,Nusa Tenggara Barat,42,1,12,29,5902,4654,263,985
2021-01-07,Nusa Tenggara Barat,59,0,46,13,5961,4700,263,998
2021-01-08,Nusa Tenggara Barat,37,0,102,-65,5998,4802,263,933
2021-01-09,Nusa Tenggara Barat,70,0,88,-18,6068,4890,263,915
2021-01-10,Nusa Tenggara Barat,68,0,98,-30,6136,4988,263,885
2021-01-11,Nusa Tenggara Barat,43,0,72,-29,6179,5060,263,856
2021-01-12,Nusa Tenggara Barat,58,0,1,57,6237,5061,263,913
2021-01-13,Nusa Tenggara Barat,33,0,29,4,6270,5090,263,917
2021-01-14,Nusa Tenggara Barat,83,0,28,55,6353,5118,263,972
2021-01-15,Nusa Tenggara Barat,58,0,17,41,6411,5135,263,1013
2021-01-16,Nusa Tenggara Barat,72,0,14,58,6483,5149,263,1071
2021-01-17,Nusa Tenggara Barat,60,0,33,27,6543,5182,263,1098
2021-01-18,Nusa Tenggara Barat,35,1,40,-6,6578,5222,264,1092
2021-01-19,Nusa Tenggara Barat,65,2,23,40,6643,5245,266,1132
2021-01-20,Nusa Tenggara Barat,64,0,45,19,6707,5290,266,1151
2021-01-21,Nusa Tenggara Barat,90,3,97,-10,6797,5387,269,1141
2021-01-22,Nusa Tenggara Barat,55,1,68,-14,6852,5455,270,1127
2021-01-23,Nusa Tenggara Barat,88,1,33,54,6940,5488,271,1181
2021-01-24,Nusa Tenggara Barat,83,0,28,55,7023,5516,271,1236
2021-01-25,Nusa Tenggara Barat,57,0,25,32,7080,5541,271,1268
2021-01-26,Nusa Tenggara Barat,50,0,33,17,7130,5574,271,1285
2021-01-27,Nusa Tenggara Barat,107,0,50,57,7237,5624,271,1342
2021-01-28,Nusa Tenggara Barat,100,0,22,78,7337,5646,271,1420
2021-01-29,Nusa Tenggara Barat,83,3,37,43,7420,5683,274,1463
2021-01-30,Nusa Tenggara Barat,58,1,46,11,7478,5729,275,1474
2021-01-31,Nusa Tenggara Barat,96,4,42,50,7574,5771,279,1524
2021-02-01,Nusa Tenggara Barat,48,1,57,-10,7622,5828,280,1514
2021-02-02,Nusa Tenggara Barat,0,0,118,-118,7622,5946,280,1396
2021-02-03,Nusa Tenggara Barat,6,4,11,-9,7628,5957,284,1387
2021-02-04,Nusa Tenggara Barat,0,0,36,-36,7628,5993,284,1351
2021-02-05,Nusa Tenggara Barat,1,2,1,-2,7629,5994,286,1349
2021-02-06,Nusa Tenggara Barat,22,23,45,-46,7651,6039,309,1303
2021-02-07,Nusa Tenggara Barat,0,0,12,-12,7651,6051,309,1291
2021-02-08,Nusa Tenggara Barat,141,2,110,29,7792,6161,311,1320
2021-02-09,Nusa Tenggara Barat,87,22,110,-45,7879,6271,333,1275
2021-02-10,Nusa Tenggara Barat,90,1,53,36,7969,6324,334,1311
2021-02-11,Nusa Tenggara Barat,63,0,12,51,8032,6336,334,1362
2021-02-12,Nusa Tenggara Barat,36,1,78,-43,8068,6414,335,1319
2021-02-13,Nusa Tenggara Barat,17,0,58,-41,8085,6472,335,1278
2021-02-14,Nusa Tenggara Barat,13,1,75,-63,8098,6547,336,1215
2021-02-15,Nusa Tenggara Barat,3,0,11,-8,8101,6558,336,1207
2021-02-16,Nusa Tenggara Barat,57,0,12,45,8158,6570,336,1252
2021-02-17,Nusa Tenggara Barat,61,0,18,43,8219,6588,336,1295
2021-02-18,Nusa Tenggara Barat,38,0,16,22,8257,6604,336,1317
2021-02-19,Nusa Tenggara Barat,58,0,11,47,8315,6615,336,1364
2021-02-20,Nusa Tenggara Barat,39,0,18,21,8354,6633,336,1385
2021-02-21,Nusa Tenggara Barat,50,0,6,44,8404,6639,336,1429
2021-02-22,Nusa Tenggara Barat,75,0,3,72,8479,6642,336,1501
2021-02-23,Nusa Tenggara Barat,33,1,60,-28,8512,6702,337,1473
2021-02-24,Nusa Tenggara Barat,20,0,25,-5,8532,6727,337,1468
2021-02-25,Nusa Tenggara Barat,44,1,107,-64,8576,6834,338,1404
2021-02-26,Nusa Tenggara Barat,65,0,121,-56,8641,6955,338,1348
2021-02-27,Nusa Tenggara Barat,32,0,28,4,8673,6983,338,1352
2021-02-28,Nusa Tenggara Barat,67,3,70,-6,8740,7053,341,1346
2021-03-01,Nusa Tenggara Barat,50,1,23,26,8790,7076,342,1372
2021-03-02,Nusa Tenggara Barat,5,0,14,-9,8795,7090,342,1363
2021-03-03,Nusa Tenggara Barat,9,0,18,-9,8804,7108,342,1354
2021-03-04,Nusa Tenggara Barat,6,1,3,2,8810,7111,343,1356
2021-03-05,Nusa Tenggara Barat,41,1,1,39,8851,7112,344,1395
2021-03-06,Nusa Tenggara Barat,3,1,26,-24,8854,7138,345,1371
2021-03-07,Nusa Tenggara Barat,16,0,1,15,8870,7139,345,1386
2021-03-08,Nusa Tenggara Barat,2,1,1,0,8872,7140,346,1386
2021-03-09,Nusa Tenggara Barat,11,0,5,6,8883,7145,346,1392
2021-03-10,Nusa Tenggara Barat,25,0,99,-74,8908,7244,346,1318
2021-03-11,Nusa Tenggara Barat,0,0,6,-6,8908,7250,346,1312
2021-03-12,Nusa Tenggara Barat,1,1,0,0,8909,7250,347,1312
2021-03-13,Nusa Tenggara Barat,20,0,12,8,8929,7262,347,1320
2021-03-14,Nusa Tenggara Barat,69,0,0,69,8998,7262,347,1389
2021-03-15,Nusa Tenggara Barat,42,1,10,31,9040,7272,348,1420
2021-03-16,Nusa Tenggara Barat,1,0,0,1,9041,7272,348,1421
2021-03-17,Nusa Tenggara Barat,34,0,1,33,9075,7273,348,1454
2021-03-18,Nusa Tenggara Barat,67,0,28,39,9142,7301,348,1493
2021-03-19,Nusa Tenggara Barat,28,0,16,12,9170,7317,348,1505
2021-03-20,Nusa Tenggara Barat,41,2,2,37,9211,7319,350,1542
2021-03-21,Nusa Tenggara Barat,33,0,8,25,9244,7327,350,1567
2021-03-22,Nusa Tenggara Barat,64,1,50,13,9308,7377,351,1580
2021-03-23,Nusa Tenggara Barat,15,0,2,13,9323,7379,351,1593
2021-03-24,Nusa Tenggara Barat,38,0,5,33,9361,7384,351,1626
2021-03-25,Nusa Tenggara Barat,41,0,13,28,9402,7397,351,1654
2021-03-26,Nusa Tenggara Barat,17,0,1,16,9419,7398,351,1670
2021-03-27,Nusa Tenggara Barat,35,3,6,26,9454,7404,354,1696
2021-03-28,Nusa Tenggara Barat,6,0,0,6,9460,7404,354,1702
2021-03-29,Nusa Tenggara Barat,32,2,12,18,9492,7416,356,1720
2021-03-30,Nusa Tenggara Barat,60,4,75,-19,9552,7491,360,1701
2021-03-31,Nusa Tenggara Barat,42,0,12,30,9594,7503,360,1731
2021-04-01,Nusa Tenggara Barat,15,2,3,10,9609,7506,362,1741
2021-04-02,Nusa Tenggara Barat,17,0,8,9,9626,7514,362,1750
2021-04-03,Nusa Tenggara Barat,21,0,0,21,9647,7514,362,1771
2021-04-04,Nusa Tenggara Barat,19,1,0,18,9666,7514,363,1789
2021-04-05,Nusa Tenggara Barat,32,2,0,30,9698,7514,365,1819
2021-04-06,Nusa Tenggara Barat,7,1,1,5,9705,7515,366,1824
2021-04-07,Nusa Tenggara Barat,26,0,10,16,9731,7525,366,1840
2021-04-08,Nusa Tenggara Barat,43,1,5,37,9774,7530,367,1877
2021-04-09,Nusa Tenggara Barat,25,0,0,25,9799,7530,367,1902
2021-04-10,Nusa Tenggara Barat,17,0,20,-3,9816,7550,367,1899
2021-04-11,Nusa Tenggara Barat,19,0,3,16,9835,7553,367,1915
2021-04-12,Nusa Tenggara Barat,32,0,0,32,9867,7553,367,1947
2021-04-13,Nusa Tenggara Barat,5,1,52,-48,9872,7605,368,1899
2021-04-14,Nusa Tenggara Barat,20,0,4,16,9892,7609,368,1915
2021-04-15,Nusa Tenggara Barat,31,0,0,31,9923,7609,368,1946
2021-04-16,Nusa Tenggara Barat,86,0,4,82,10009,7613,368,2028
2021-04-17,Nusa Tenggara Barat,33,4,27,2,10042,7640,372,2030
2021-04-18,Nusa Tenggara Barat,0,0,1,-1,10042,7641,372,2029
2021-04-19,Nusa Tenggara Barat,52,0,6,46,10094,7647,372,2075
2021-04-20,Nusa Tenggara Barat,18,0,0,18,10112,7647,372,2093
2021-04-21,Nusa Tenggara Barat,42,0,18,24,10154,7665,372,2117
2021-04-22,Nusa Tenggara Barat,16,1,0,15,10170,7665,373,2132
2021-04-23,Nusa Tenggara Barat,1,0,10,-9,10171,7675,373,2123
2021-04-24,Nusa Tenggara Barat,0,0,0,0,10171,7675,373,2123
2021-04-25,Nusa Tenggara Barat,3,0,0,3,10174,7675,373,2126
2021-04-26,Nusa Tenggara Barat,58,0,9,49,10232,7684,373,2175
2021-04-27,Nusa Tenggara Barat,59,1,6,52,10291,7690,374,2227
2021-04-28,Nusa Tenggara Barat,49,1,60,-12,10340,7750,375,2215
2021-04-29,Nusa Tenggara Barat,36,9,58,-31,10376,7808,384,2184
2021-04-30,Nusa Tenggara Barat,65,0,29,36,10441,7837,384,2220
2021-05-01,Nusa Tenggara Barat,18,0,35,-17,10459,7872,384,2203
2021-05-02,Nusa Tenggara Barat,29,1,6,22,10488,7878,385,2225
2021-05-03,Nusa Tenggara Barat,129,2,28,99,10617,7906,387,2324
2021-05-04,Nusa Tenggara Barat,30,6,24,0,10647,7930,393,2324
2021-05-05,Nusa Tenggara Barat,26,12,0,14,10673,7930,405,2338
2021-05-06,Nusa Tenggara Barat,19,0,16,3,10692,7946,405,2341
2021-05-07,Nusa Tenggara Barat,28,1,9,18,10720,7955,406,2359
2021-05-08,Nusa Tenggara Barat,23,0,1,22,10743,7956,406,2381
2021-05-09,Nusa Tenggara Barat,2,0,2,0,10745,7958,406,2381
2021-05-10,Nusa Tenggara Barat,29,2,2,25,10774,7960,408,2406
2021-05-11,Nusa Tenggara Barat,15,2,12,1,10789,7972,410,2407
2021-05-12,Nusa Tenggara Barat,21,0,0,21,10810,7972,410,2428
2021-05-13,Nusa Tenggara Barat,5,0,0,5,10815,7972,410,2433
2021-05-14,Nusa Tenggara Barat,12,0,9,3,10827,7981,410,2436
2021-05-15,Nusa Tenggara Barat,5,0,0,5,10832,7981,410,2441
2021-05-16,Nusa Tenggara Barat,18,0,3,15,10850,7984,410,2456
2021-05-17,Nusa Tenggara Barat,12,0,0,12,10862,7984,410,2468
2021-05-18,Nusa Tenggara Barat,50,1,50,-1,10912,8034,411,2467
2021-05-19,Nusa Tenggara Barat,54,1,7,46,10966,8041,412,2513
2021-05-20,Nusa Tenggara Barat,16,1,11,4,10982,8052,413,2517
2021-05-21,Nusa Tenggara Barat,35,5,4,26,11017,8056,418,2543
2021-05-22,Nusa Tenggara Barat,30,0,21,9,11047,8077,418,2552
2021-05-23,Nusa Tenggara Barat,26,0,0,26,11073,8077,418,2578
2021-05-24,Nusa Tenggara Barat,24,0,7,17,11097,8084,418,2595
2021-05-25,Nusa Tenggara Barat,17,0,3,14,11114,8087,418,2609
2021-05-26,Nusa Tenggara Barat,22,4,0,18,11136,8087,422,2627
2021-05-27,Nusa Tenggara Barat,15,1,2,12,11151,8089,423,2639
2021-05-28,Nusa Tenggara Barat,451,1,507,-57,11602,8596,424,2582
2021-05-29,Nusa Tenggara Barat,40,1,10,29,11642,8606,425,2611
2021-05-30,Nusa Tenggara Barat,76,10,101,-35,11718,8707,435,2576
2021-05-31,Nusa Tenggara Barat,237,7,103,127,11955,8810,442,2703
2021-06-01,Nusa Tenggara Barat,82,5,111,-34,12037,8921,447,2669
2021-06-02,Nusa Tenggara Barat,124,6,170,-52,12161,9091,453,2617
2021-06-03,Nusa Tenggara Barat,67,3,63,1,12228,9154,456,2618
2021-06-04,Nusa Tenggara Barat,77,5,55,17,12305,9209,461,2635
2021-06-05,Nusa Tenggara Barat,28,4,41,-17,12333,9250,465,2618
2021-06-06,Nusa Tenggara Barat,20,4,2,14,12353,9252,469,2632
2021-06-07,Nusa Tenggara Barat,60,5,111,-56,12413,9363,474,2576
2021-06-08,Nusa Tenggara Barat,72,2,59,11,12485,9422,476,2587
2021-06-09,Nusa Tenggara Barat,49,0,28,21,12534,9450,476,2608
2021-06-10,Nusa Tenggara Barat,37,3,32,2,12571,9482,479,2610
2021-06-11,Nusa Tenggara Barat,20,0,61,-41,12591,9543,479,2569
2021-06-12,Nusa Tenggara Barat,20,1,25,-6,12611,9568,480,2563
2021-06-13,Nusa Tenggara Barat,10,0,7,3,12621,9575,480,2566
2021-06-14,Nusa Tenggara Barat,6,0,21,-15,12627,9596,480,2551
2021-06-15,Nusa Tenggara Barat,43,1,200,-158,12670,9796,481,2393
2021-06-16,Nusa Tenggara Barat,5,0,42,-37,12675,9838,481,2356
2021-06-17,Nusa Tenggara Barat,17,0,364,-347,12692,10202,481,2009
2021-06-18,Nusa Tenggara Barat,23,0,202,-179,12715,10404,481,1830
2021-06-19,Nusa Tenggara Barat,39,0,19,20,12754,10423,481,1850
2021-06-20,Nusa Tenggara Barat,15,1,75,-61,12769,10498,482,1789
2021-06-21,Nusa Tenggara Barat,23,0,30,-7,12792,10528,482,1782
2021-06-22,Nusa Tenggara Barat,11,0,43,-32,12803,10571,482,1750
2021-06-23,Nusa Tenggara Barat,25,1,74,-50,12828,10645,483,1700
2021-06-24,Nusa Tenggara Barat,9,0,32,-23,12837,10677,483,1677
2021-06-25,Nusa Tenggara Barat,7,0,33,-26,12844,10710,483,1651
2021-06-26,Nusa Tenggara Barat,6,12,59,-65,12850,10769,495,1586
2021-06-27,Nusa Tenggara Barat,19,0,36,-17,12869,10805,495,1569
2021-06-28,Nusa Tenggara Barat,41,0,125,-84,12910,10930,495,1485
2021-06-29,Nusa Tenggara Barat,82,0,77,5,12992,11007,495,1490
2021-06-30,Nusa Tenggara Barat,7,0,94,-87,12999,11101,495,1403
2021-07-01,Nusa Tenggara Barat,139,0,49,90,13138,11150,495,1493
2021-07-02,Nusa Tenggara Barat,25,0,87,-62,13163,11237,495,1431
2021-07-03,Nusa Tenggara Barat,25,0,13,12,13188,11250,495,1443
2021-07-04,Nusa Tenggara Barat,9,0,9,0,13197,11259,495,1443
2021-07-05,Nusa Tenggara Barat,65,1,74,-10,13262,11333,496,1433
2021-07-06,Nusa Tenggara Barat,122,1,79,42,13384,11412,497,1475
2021-07-07,Nusa Tenggara Barat,52,0,11,41,13436,11423,497,1516
2021-07-08,Nusa Tenggara Barat,22,1,21,0,13458,11444,498,1516
2021-07-09,Nusa Tenggara Barat,8,0,3,5,13466,11447,498,1521
2021-07-10,Nusa Tenggara Barat,214,0,74,140,13680,11521,498,1661
2021-07-11,Nusa Tenggara Barat,503,1,53,449,14183,11574,499,2110
2021-07-12,Nusa Tenggara Barat,217,2,289,-74,14400,11863,501,2036
2021-07-13,Nusa Tenggara Barat,372,3,618,-249,14772,12481,504,1787
2021-07-14,Nusa Tenggara Barat,236,10,110,116,15008,12591,514,1903
2021-07-15,Nusa Tenggara Barat,370,6,110,254,15378,12701,520,2157
2021-07-16,Nusa Tenggara Barat,241,4,200,37,15619,12901,524,2194
2021-07-17,Nusa Tenggara Barat,379,7,219,153,15998,13120,531,2347
2021-07-18,Nusa Tenggara Barat,333,2,210,121,16331,13330,533,2468
2021-07-19,Nusa Tenggara Barat,228,2,321,-95,16559,13651,535,2373
2021-07-20,Nusa Tenggara Barat,337,5,89,243,16896,13740,540,2616
2021-07-21,Nusa Tenggara Barat,208,4,242,-38,17104,13982,544,2578
2021-07-22,Nusa Tenggara Barat,379,5,300,74,17483,14282,549,2652
2021-07-23,Nusa Tenggara Barat,295,0,226,69,17778,14508,549,2721
2021-07-24,Nusa Tenggara Barat,114,0,327,-213,17892,14835,549,2508
2021-07-25,Nusa Tenggara Barat,127,0,242,-115,18019,15077,549,2393
2021-07-26,Nusa Tenggara Barat,136,2,362,-228,18155,15439,551,2165
2021-07-27,Nusa Tenggara Barat,207,5,277,-75,18362,15716,556,2090
2021-07-28,Nusa Tenggara Barat,287,4,285,-2,18649,16001,560,2088
2021-07-29,Nusa Tenggara Barat,326,3,312,11,18975,16313,563,2099
2021-07-30,Nusa Tenggara Barat,342,3,380,-41,19317,16693,566,2058
2021-07-31,Nusa Tenggara Barat,383,2,263,118,19700,16956,568,2176
2021-08-01,Nusa Tenggara Barat,260,3,283,-26,19960,17239,571,2150
2020-04-09,Nusa Tenggara Timur,1,0,0,1,1,0,0,1
2020-04-10,Nusa Tenggara Timur,0,0,0,0,1,0,0,1
2020-04-11,Nusa Tenggara Timur,0,0,0,0,1,0,0,1
2020-04-12,Nusa Tenggara Timur,0,0,0,0,1,0,0,1
2020-04-13,Nusa Tenggara Timur,0,0,0,0,1,0,0,1
2020-04-14,Nusa Tenggara Timur,0,0,0,0,1,0,0,1
2020-04-15,Nusa Tenggara Timur,0,0,0,0,1,0,0,1
2020-04-16,Nusa Tenggara Timur,0,0,0,0,1,0,0,1
2020-04-17,Nusa Tenggara Timur,0,0,0,0,1,0,0,1
2020-04-18,Nusa Tenggara Timur,0,0,0,0,1,0,0,1
2020-04-19,Nusa Tenggara Timur,0,0,0,0,1,0,0,1
2020-04-20,Nusa Tenggara Timur,0,0,0,0,1,0,0,1
2020-04-21,Nusa Tenggara Timur,0,0,0,0,1,0,0,1
2020-04-22,Nusa Tenggara Timur,0,0,0,0,1,0,0,1
2020-04-23,Nusa Tenggara Timur,0,0,0,0,1,0,0,1
2020-04-24,Nusa Tenggara Timur,0,0,1,-1,1,1,0,0
2020-04-25,Nusa Tenggara Timur,0,0,0,0,1,1,0,0
2020-04-26,Nusa Tenggara Timur,0,0,0,0,1,1,0,0
2020-04-27,Nusa Tenggara Timur,0,0,0,0,1,1,0,0
2020-04-28,Nusa Tenggara Timur,0,0,0,0,1,1,0,0
2020-04-29,Nusa Tenggara Timur,0,0,0,0,1,1,0,0
2020-04-30,Nusa Tenggara Timur,2,0,0,2,3,1,0,2
2020-05-01,Nusa Tenggara Timur,0,0,0,0,3,1,0,2
2020-05-02,Nusa Tenggara Timur,0,0,0,0,3,1,0,2
2020-05-03,Nusa Tenggara Timur,7,0,0,7,10,1,0,9
2020-05-04,Nusa Tenggara Timur,0,0,0,0,10,1,0,9
2020-05-05,Nusa Tenggara Timur,3,0,0,3,13,1,0,12
2020-05-06,Nusa Tenggara Timur,0,0,0,0,13,1,0,12
2020-05-07,Nusa Tenggara Timur,0,0,0,0,13,1,0,12
2020-05-08,Nusa Tenggara Timur,0,0,0,0,13,1,0,12
2020-05-09,Nusa Tenggara Timur,0,0,0,0,13,1,0,12
2020-05-10,Nusa Tenggara Timur,1,0,0,1,14,1,0,13
2020-05-11,Nusa Tenggara Timur,0,0,0,0,14,1,0,13
2020-05-12,Nusa Tenggara Timur,1,0,0,1,15,1,0,14
2020-05-13,Nusa Tenggara Timur,6,0,0,6,21,1,0,20
2020-05-14,Nusa Tenggara Timur,2,1,0,1,23,1,1,21
2020-05-15,Nusa Tenggara Timur,0,0,0,0,23,1,1,21
2020-05-16,Nusa Tenggara Timur,27,0,1,26,50,2,1,47
2020-05-17,Nusa Tenggara Timur,12,0,4,8,62,6,1,55
2020-05-18,Nusa Tenggara Timur,14,0,0,14,76,6,1,69
2020-05-19,Nusa Tenggara Timur,3,0,0,3,79,6,1,72
2020-05-20,Nusa Tenggara Timur,2,0,0,2,81,6,1,74
2020-05-21,Nusa Tenggara Timur,3,0,0,3,84,6,1,77
2020-05-22,Nusa Tenggara Timur,0,0,0,0,84,6,1,77
2020-05-23,Nusa Tenggara Timur,0,0,0,0,84,6,1,77
2020-05-24,Nusa Tenggara Timur,0,0,0,0,84,6,1,77
2020-05-25,Nusa Tenggara Timur,1,0,0,1,85,6,1,78
2020-05-26,Nusa Tenggara Timur,3,0,1,2,88,7,1,80
2020-05-27,Nusa Tenggara Timur,0,0,2,-2,88,9,1,78
2020-05-28,Nusa Tenggara Timur,0,0,0,0,88,9,1,78
2020-05-29,Nusa Tenggara Timur,2,0,3,-1,90,12,1,77
2020-05-30,Nusa Tenggara Timur,1,0,0,1,91,12,1,78
2020-05-31,Nusa Tenggara Timur,1,0,2,-1,92,14,1,77
2020-06-01,Nusa Tenggara Timur,5,0,0,5,97,14,1,82
2020-06-02,Nusa Tenggara Timur,0,0,0,0,97,14,1,82
2020-06-03,Nusa Tenggara Timur,1,0,0,1,98,14,1,83
2020-06-04,Nusa Tenggara Timur,0,0,0,0,98,14,1,83
2020-06-05,Nusa Tenggara Timur,0,0,0,0,98,14,1,83
2020-06-06,Nusa Tenggara Timur,0,0,0,0,98,14,1,83
2020-06-07,Nusa Tenggara Timur,0,0,0,0,98,14,1,83
2020-06-08,Nusa Tenggara Timur,5,0,16,-11,103,30,1,72
2020-06-09,Nusa Tenggara Timur,0,0,0,0,103,30,1,72
2020-06-10,Nusa Tenggara Timur,2,0,7,-5,105,37,1,67
2020-06-11,Nusa Tenggara Timur,0,0,0,0,105,37,1,67
2020-06-12,Nusa Tenggara Timur,1,0,5,-4,106,42,1,63
2020-06-13,Nusa Tenggara Timur,0,0,0,0,106,42,1,63
2020-06-14,Nusa Tenggara Timur,2,0,0,2,108,42,1,65
2020-06-15,Nusa Tenggara Timur,0,0,0,0,108,42,1,65
2020-06-16,Nusa Tenggara Timur,0,0,0,0,108,42,1,65
2020-06-17,Nusa Tenggara Timur,0,0,2,-2,108,44,1,63
2020-06-18,Nusa Tenggara Timur,0,0,0,0,108,44,1,63
2020-06-19,Nusa Tenggara Timur,0,0,0,0,108,44,1,63
2020-06-20,Nusa Tenggara Timur,0,0,0,0,108,44,1,63
2020-06-21,Nusa Tenggara Timur,3,0,0,3,111,44,1,66
2020-06-22,Nusa Tenggara Timur,0,0,1,-1,111,45,1,65
2020-06-23,Nusa Tenggara Timur,1,0,1,0,112,46,1,65
2020-06-24,Nusa Tenggara Timur,0,0,0,0,112,46,1,65
2020-06-25,Nusa Tenggara Timur,0,0,1,-1,112,47,1,64
2020-06-26,Nusa Tenggara Timur,1,0,0,1,113,47,1,65
2020-06-27,Nusa Tenggara Timur,0,0,0,0,113,47,1,65
2020-06-28,Nusa Tenggara Timur,0,0,0,0,113,47,1,65
2020-06-29,Nusa Tenggara Timur,0,0,0,0,113,47,1,65
2020-06-30,Nusa Tenggara Timur,0,0,0,0,113,47,1,65
2020-07-01,Nusa Tenggara Timur,0,0,0,0,113,47,1,65
2020-07-02,Nusa Tenggara Timur,5,0,10,-5,118,57,1,60
2020-07-03,Nusa Tenggara Timur,0,0,0,0,118,57,1,60
2020-07-04,Nusa Tenggara Timur,0,0,0,0,118,57,1,60
2020-07-05,Nusa Tenggara Timur,0,0,0,0,118,57,1,60
2020-07-06,Nusa Tenggara Timur,0,0,0,0,118,57,1,60
2020-07-07,Nusa Tenggara Timur,0,0,0,0,118,57,1,60
2020-07-08,Nusa Tenggara Timur,3,0,34,-31,121,91,1,29
2020-07-09,Nusa Tenggara Timur,0,0,0,0,121,91,1,29
2020-07-10,Nusa Tenggara Timur,0,0,0,0,121,91,1,29
2020-07-11,Nusa Tenggara Timur,0,0,0,0,121,91,1,29
2020-07-12,Nusa Tenggara Timur,0,0,0,0,121,91,1,29
2020-07-13,Nusa Tenggara Timur,0,0,0,0,121,91,1,29
2020-07-14,Nusa Tenggara Timur,0,0,0,0,121,91,1,29
2020-07-15,Nusa Tenggara Timur,0,0,0,0,121,91,1,29
2020-07-16,Nusa Tenggara Timur,0,0,1,-1,121,92,1,28
2020-07-17,Nusa Tenggara Timur,0,0,0,0,121,92,1,28
2020-07-18,Nusa Tenggara Timur,10,0,12,-2,131,104,1,26
2020-07-19,Nusa Tenggara Timur,0,0,0,0,131,104,1,26
2020-07-20,Nusa Tenggara Timur,3,0,3,0,134,107,1,26
2020-07-21,Nusa Tenggara Timur,3,0,4,-1,137,111,1,25
2020-07-22,Nusa Tenggara Timur,0,0,0,0,137,111,1,25
2020-07-23,Nusa Tenggara Timur,0,0,0,0,137,111,1,25
2020-07-24,Nusa Tenggara Timur,0,0,0,0,137,111,1,25
2020-07-25,Nusa Tenggara Timur,0,0,0,0,137,111,1,25
2020-07-26,Nusa Tenggara Timur,8,0,0,8,145,111,1,33
2020-07-27,Nusa Tenggara Timur,0,0,0,0,145,111,1,33
2020-07-28,Nusa Tenggara Timur,0,0,0,0,145,111,1,33
2020-07-29,Nusa Tenggara Timur,0,0,0,0,145,111,1,33
2020-07-30,Nusa Tenggara Timur,0,0,0,0,145,111,1,33
2020-07-31,Nusa Tenggara Timur,0,0,0,0,145,111,1,33
2020-08-01,Nusa Tenggara Timur,0,0,0,0,145,111,1,33
2020-08-02,Nusa Tenggara Timur,6,0,9,-3,151,120,1,30
2020-08-03,Nusa Tenggara Timur,0,0,0,0,151,120,1,30
2020-08-04,Nusa Tenggara Timur,0,0,0,0,151,120,1,30
2020-08-05,Nusa Tenggara Timur,1,0,9,-8,152,129,1,22
2020-08-06,Nusa Tenggara Timur,0,0,0,0,152,129,1,22
2020-08-07,Nusa Tenggara Timur,0,0,1,-1,152,130,1,21
2020-08-08,Nusa Tenggara Timur,0,0,0,0,152,130,1,21
2020-08-09,Nusa Tenggara Timur,0,0,0,0,152,130,1,21
2020-08-10,Nusa Tenggara Timur,0,0,0,0,152,130,1,21
2020-08-11,Nusa Tenggara Timur,3,0,1,2,155,131,1,23
2020-08-12,Nusa Tenggara Timur,7,0,6,1,162,137,1,24
2020-08-13,Nusa Tenggara Timur,0,0,0,0,162,137,1,24
2020-08-14,Nusa Tenggara Timur,0,0,0,0,162,137,1,24
2020-08-15,Nusa Tenggara Timur,3,0,1,2,165,138,1,26
2020-08-16,Nusa Tenggara Timur,0,0,0,0,165,138,1,26
2020-08-17,Nusa Tenggara Timur,0,0,0,0,165,138,1,26
2020-08-18,Nusa Tenggara Timur,0,0,0,0,165,138,1,26
2020-08-19,Nusa Tenggara Timur,0,0,0,0,165,138,1,26
2020-08-20,Nusa Tenggara Timur,0,0,0,0,165,138,1,26
2020-08-21,Nusa Tenggara Timur,0,0,0,0,165,138,1,26
2020-08-22,Nusa Tenggara Timur,6,1,10,-5,171,148,2,21
2020-08-23,Nusa Tenggara Timur,0,0,1,-1,171,149,2,20
2020-08-24,Nusa Tenggara Timur,0,0,0,0,171,149,2,20
2020-08-25,Nusa Tenggara Timur,1,0,0,1,172,149,2,21
2020-08-26,Nusa Tenggara Timur,1,0,0,1,173,149,2,22
2020-08-27,Nusa Tenggara Timur,1,0,6,-5,174,155,2,17
2020-08-28,Nusa Tenggara Timur,2,0,1,1,176,156,2,18
2020-08-29,Nusa Tenggara Timur,0,0,0,0,176,156,2,18
2020-08-30,Nusa Tenggara Timur,1,0,0,1,177,156,2,19
2020-08-31,Nusa Tenggara Timur,0,0,0,0,177,156,2,19
2020-09-01,Nusa Tenggara Timur,2,0,0,2,179,156,2,21
2020-09-02,Nusa Tenggara Timur,12,0,3,9,191,159,2,30
2020-09-03,Nusa Tenggara Timur,9,0,4,5,200,163,2,35
2020-09-04,Nusa Tenggara Timur,2,0,0,2,202,163,2,37
2020-09-05,Nusa Tenggara Timur,2,0,6,-4,204,169,2,33
2020-09-06,Nusa Tenggara Timur,2,0,1,1,206,170,2,34
2020-09-07,Nusa Tenggara Timur,0,1,0,-1,206,170,3,33
2020-09-08,Nusa Tenggara Timur,3,0,0,3,209,170,3,36
2020-09-09,Nusa Tenggara Timur,4,1,0,3,213,170,4,39
2020-09-10,Nusa Tenggara Timur,0,0,0,0,213,170,4,39
2020-09-11,Nusa Tenggara Timur,0,0,0,0,213,170,4,39
2020-09-12,Nusa Tenggara Timur,4,1,0,3,217,170,5,42
2020-09-13,Nusa Tenggara Timur,20,0,2,18,237,172,5,60
2020-09-14,Nusa Tenggara Timur,0,0,0,0,237,172,5,60
2020-09-15,Nusa Tenggara Timur,39,0,0,39,276,172,5,99
2020-09-16,Nusa Tenggara Timur,13,0,1,12,289,173,5,111
2020-09-17,Nusa Tenggara Timur,13,0,2,11,302,175,5,122
2020-09-18,Nusa Tenggara Timur,11,0,4,7,313,179,5,129
2020-09-19,Nusa Tenggara Timur,2,0,1,1,315,180,5,130
2020-09-20,Nusa Tenggara Timur,6,0,51,-45,321,231,5,85
2020-09-21,Nusa Tenggara Timur,0,0,0,0,321,231,5,85
2020-09-22,Nusa Tenggara Timur,11,0,0,11,332,231,5,96
2020-09-23,Nusa Tenggara Timur,17,1,9,7,349,240,6,103
2020-09-24,Nusa Tenggara Timur,18,0,0,18,367,240,6,121
2020-09-25,Nusa Tenggara Timur,21,0,0,21,388,240,6,142
2020-09-26,Nusa Tenggara Timur,6,0,10,-4,394,250,6,138
2020-09-27,Nusa Tenggara Timur,8,0,0,8,402,250,6,146
2020-09-28,Nusa Tenggara Timur,0,0,13,-13,402,263,6,133
2020-09-29,Nusa Tenggara Timur,4,0,5,-1,406,268,6,132
2020-09-30,Nusa Tenggara Timur,18,0,6,12,424,274,6,144
2020-10-01,Nusa Tenggara Timur,5,0,8,-3,429,282,6,141
2020-10-02,Nusa Tenggara Timur,10,0,3,7,439,285,6,148
2020-10-03,Nusa Tenggara Timur,9,0,0,9,448,285,6,157
2020-10-04,Nusa Tenggara Timur,16,0,21,-5,464,306,6,152
2020-10-05,Nusa Tenggara Timur,1,0,13,-12,465,319,6,140
2020-10-06,Nusa Tenggara Timur,2,0,14,-12,467,333,6,128
2020-10-07,Nusa Tenggara Timur,18,0,3,15,485,336,6,143
2020-10-08,Nusa Tenggara Timur,47,1,7,39,532,343,7,182
2020-10-09,Nusa Tenggara Timur,19,0,6,13,551,349,7,195
2020-10-10,Nusa Tenggara Timur,7,0,3,4,558,352,7,199
2020-10-11,Nusa Tenggara Timur,7,0,0,7,565,352,7,206
2020-10-12,Nusa Tenggara Timur,0,0,1,-1,565,353,7,205
2020-10-13,Nusa Tenggara Timur,7,0,9,-2,572,362,7,203
2020-10-14,Nusa Tenggara Timur,2,0,7,-5,574,369,7,198
2020-10-15,Nusa Tenggara Timur,1,0,0,1,575,369,7,199
2020-10-16,Nusa Tenggara Timur,7,0,31,-24,582,400,7,175
2020-10-17,Nusa Tenggara Timur,2,0,6,-4,584,406,7,171
2020-10-18,Nusa Tenggara Timur,3,0,0,3,587,406,7,174
2020-10-19,Nusa Tenggara Timur,1,0,0,1,588,406,7,175
2020-10-20,Nusa Tenggara Timur,4,0,5,-1,592,411,7,174
2020-10-21,Nusa Tenggara Timur,13,0,5,8,605,416,7,182
2020-10-22,Nusa Tenggara Timur,10,0,6,4,615,422,7,186
2020-10-23,Nusa Tenggara Timur,19,0,12,7,634,434,7,193
2020-10-24,Nusa Tenggara Timur,15,0,9,6,649,443,7,199
2020-10-25,Nusa Tenggara Timur,3,0,0,3,652,443,7,202
2020-10-26,Nusa Tenggara Timur,1,0,0,1,653,443,7,203
2020-10-27,Nusa Tenggara Timur,14,0,6,8,667,449,7,211
2020-10-28,Nusa Tenggara Timur,2,0,14,-12,669,463,7,199
2020-10-29,Nusa Tenggara Timur,10,0,2,8,679,465,7,207
2020-10-30,Nusa Tenggara Timur,0,0,33,-33,679,498,7,174
2020-10-31,Nusa Tenggara Timur,2,0,0,2,681,498,7,176
2020-11-01,Nusa Tenggara Timur,9,0,1,8,690,499,7,184
2020-11-02,Nusa Tenggara Timur,4,0,1,3,694,500,7,187
2020-11-03,Nusa Tenggara Timur,24,2,18,4,718,518,9,191
2020-11-04,Nusa Tenggara Timur,10,0,5,5,728,523,9,196
2020-11-05,Nusa Tenggara Timur,15,2,9,4,743,532,11,200
2020-11-06,Nusa Tenggara Timur,8,0,21,-13,751,553,11,187
2020-11-07,Nusa Tenggara Timur,17,0,4,13,768,557,11,200
2020-11-08,Nusa Tenggara Timur,10,0,15,-5,778,572,11,195
2020-11-09,Nusa Tenggara Timur,1,0,8,-7,779,580,11,188
2020-11-10,Nusa Tenggara Timur,8,0,5,3,787,585,11,191
2020-11-11,Nusa Tenggara Timur,6,0,0,6,793,585,11,197
2020-11-12,Nusa Tenggara Timur,12,0,2,10,805,587,11,207
2020-11-13,Nusa Tenggara Timur,18,3,8,7,823,595,14,214
2020-11-14,Nusa Tenggara Timur,7,0,13,-6,830,608,14,208
2020-11-15,Nusa Tenggara Timur,0,0,1,-1,830,609,14,207
2020-11-16,Nusa Tenggara Timur,11,0,14,-3,841,623,14,204
2020-11-17,Nusa Tenggara Timur,25,1,4,20,866,627,15,224
2020-11-18,Nusa Tenggara Timur,33,0,6,27,899,633,15,251
2020-11-19,Nusa Tenggara Timur,0,0,0,0,899,633,15,251
2020-11-20,Nusa Tenggara Timur,13,0,21,-8,912,654,15,243
2020-11-21,Nusa Tenggara Timur,25,0,2,23,937,656,15,266
2020-11-22,Nusa Tenggara Timur,14,2,6,6,951,662,17,272
2020-11-23,Nusa Tenggara Timur,8,0,14,-6,959,676,17,266
2020-11-24,Nusa Tenggara Timur,1,0,1,0,960,677,17,266
2020-11-25,Nusa Tenggara Timur,42,1,9,32,1002,686,18,298
2020-11-26,Nusa Tenggara Timur,75,0,2,73,1077,688,18,371
2020-11-27,Nusa Tenggara Timur,33,0,0,33,1110,688,18,404
2020-11-28,Nusa Tenggara Timur,27,0,12,15,1137,700,18,419
2020-11-29,Nusa Tenggara Timur,52,0,1,51,1189,701,18,470
2020-11-30,Nusa Tenggara Timur,20,0,20,0,1209,721,18,470
2020-12-01,Nusa Tenggara Timur,33,2,2,29,1242,723,20,499
2020-12-02,Nusa Tenggara Timur,29,2,2,25,1271,725,22,524
2020-12-03,Nusa Tenggara Timur,26,1,6,19,1297,731,23,543
2020-12-04,Nusa Tenggara Timur,29,1,7,21,1326,738,24,564
2020-12-05,Nusa Tenggara Timur,18,1,0,17,1344,738,25,581
2020-12-06,Nusa Tenggara Timur,25,1,3,21,1369,741,26,602
2020-12-07,Nusa Tenggara Timur,59,0,0,59,1428,741,26,661
2020-12-08,Nusa Tenggara Timur,21,0,13,8,1449,754,26,669
2020-12-09,Nusa Tenggara Timur,27,3,7,17,1476,761,29,686
2020-12-10,Nusa Tenggara Timur,33,1,12,20,1509,773,30,706
2020-12-11,Nusa Tenggara Timur,6,1,20,-15,1515,793,31,691
2020-12-12,Nusa Tenggara Timur,22,2,19,1,1537,812,33,692
2020-12-13,Nusa Tenggara Timur,10,1,19,-10,1547,831,34,682
2020-12-14,Nusa Tenggara Timur,1,0,0,1,1548,831,34,683
2020-12-15,Nusa Tenggara Timur,12,0,1,11,1560,832,34,694
2020-12-16,Nusa Tenggara Timur,40,2,37,1,1600,869,36,695
2020-12-17,Nusa Tenggara Timur,43,0,16,27,1643,885,36,722
2020-12-18,Nusa Tenggara Timur,65,0,35,30,1708,920,36,752
2020-12-19,Nusa Tenggara Timur,71,0,7,64,1779,927,36,816
2020-12-20,Nusa Tenggara Timur,29,2,38,-11,1808,965,38,805
2020-12-21,Nusa Tenggara Timur,13,2,8,3,1821,973,40,808
2020-12-22,Nusa Tenggara Timur,86,1,15,70,1907,988,41,878
2020-12-23,Nusa Tenggara Timur,52,0,83,-31,1959,1071,41,847
2020-12-24,Nusa Tenggara Timur,37,0,14,23,1996,1085,41,870
2020-12-25,Nusa Tenggara Timur,16,0,31,-15,2012,1116,41,855
2020-12-26,Nusa Tenggara Timur,0,1,3,-4,2012,1119,42,851
2020-12-27,Nusa Tenggara Timur,29,0,4,25,2041,1123,42,876
2020-12-28,Nusa Tenggara Timur,17,1,3,13,2058,1126,43,889
2020-12-29,Nusa Tenggara Timur,30,0,7,23,2088,1133,43,912
2020-12-30,Nusa Tenggara Timur,53,4,66,-17,2141,1199,47,895
2020-12-31,Nusa Tenggara Timur,26,2,4,20,2167,1203,49,915
2021-01-01,Nusa Tenggara Timur,14,0,1,13,2181,1204,49,928
2021-01-02,Nusa Tenggara Timur,35,0,3,32,2216,1207,49,960
2021-01-03,Nusa Tenggara Timur,19,3,66,-50,2235,1273,52,910
2021-01-04,Nusa Tenggara Timur,4,0,16,-12,2239,1289,52,898
2021-01-05,Nusa Tenggara Timur,57,2,14,41,2296,1303,54,939
2021-01-06,Nusa Tenggara Timur,24,1,38,-15,2320,1341,55,924
2021-01-07,Nusa Tenggara Timur,79,0,52,27,2399,1393,55,951
2021-01-08,Nusa Tenggara Timur,51,0,85,-34,2450,1478,55,917
2021-01-09,Nusa Tenggara Timur,31,1,16,14,2481,1494,56,931
2021-01-10,Nusa Tenggara Timur,45,3,14,28,2526,1508,59,959
2021-01-11,Nusa Tenggara Timur,12,1,63,-52,2538,1571,60,907
2021-01-12,Nusa Tenggara Timur,37,7,0,30,2575,1571,67,937
2021-01-13,Nusa Tenggara Timur,171,4,18,149,2746,1589,71,1086
2021-01-14,Nusa Tenggara Timur,56,6,9,41,2802,1598,77,1127
2021-01-15,Nusa Tenggara Timur,57,1,24,32,2859,1622,78,1159
2021-01-16,Nusa Tenggara Timur,118,6,30,82,2977,1652,84,1241
2021-01-17,Nusa Tenggara Timur,67,1,28,38,3044,1680,85,1279
2021-01-18,Nusa Tenggara Timur,101,3,27,71,3145,1707,88,1350
2021-01-19,Nusa Tenggara Timur,7,0,0,7,3152,1707,88,1357
2021-01-20,Nusa Tenggara Timur,192,4,34,154,3344,1741,92,1511
2021-01-21,Nusa Tenggara Timur,44,0,25,19,3388,1766,92,1530
2021-01-22,Nusa Tenggara Timur,275,10,68,197,3663,1834,102,1727
2021-01-23,Nusa Tenggara Timur,271,5,83,183,3934,1917,107,1910
2021-01-24,Nusa Tenggara Timur,74,1,85,-12,4008,2002,108,1898
2021-01-25,Nusa Tenggara Timur,121,4,40,77,4129,2042,112,1975
2021-01-26,Nusa Tenggara Timur,221,8,88,125,4350,2130,120,2100
2021-01-27,Nusa Tenggara Timur,127,3,26,98,4477,2156,123,2198
2021-01-28,Nusa Tenggara Timur,116,5,69,42,4593,2225,128,2240
2021-01-29,Nusa Tenggara Timur,93,4,93,-4,4686,2318,132,2236
2021-01-30,Nusa Tenggara Timur,163,7,21,135,4849,2339,139,2371
2021-01-31,Nusa Tenggara Timur,56,3,44,9,4905,2383,142,2380
2021-02-01,Nusa Tenggara Timur,134,1,20,113,5039,2403,143,2493
2021-02-02,Nusa Tenggara Timur,173,2,14,157,5212,2417,145,2650
2021-02-03,Nusa Tenggara Timur,112,2,97,13,5324,2514,147,2663
2021-02-04,Nusa Tenggara Timur,158,2,11,145,5482,2525,149,2808
2021-02-05,Nusa Tenggara Timur,389,0,123,266,5871,2648,149,3074
2021-02-06,Nusa Tenggara Timur,198,1,14,183,6069,2662,150,3257
2021-02-07,Nusa Tenggara Timur,213,5,89,119,6282,2751,155,3376
2021-02-08,Nusa Tenggara Timur,83,5,106,-28,6365,2857,160,3348
2021-02-09,Nusa Tenggara Timur,113,1,69,43,6478,2926,161,3391
2021-02-10,Nusa Tenggara Timur,90,0,59,31,6568,2985,161,3422
2021-02-11,Nusa Tenggara Timur,32,1,209,-178,6600,3194,162,3244
2021-02-12,Nusa Tenggara Timur,185,10,559,-384,6785,3753,172,2860
2021-02-13,Nusa Tenggara Timur,235,6,71,158,7020,3824,178,3018
2021-02-14,Nusa Tenggara Timur,252,5,72,175,7272,3896,183,3193
2021-02-15,Nusa Tenggara Timur,115,3,355,-243,7387,4251,186,2950
2021-02-16,Nusa Tenggara Timur,130,1,298,-169,7517,4549,187,2781
2021-02-17,Nusa Tenggara Timur,103,3,90,10,7620,4639,190,2791
2021-02-18,Nusa Tenggara Timur,224,2,197,25,7844,4836,192,2816
2021-02-19,Nusa Tenggara Timur,133,3,144,-14,7977,4980,195,2802
2021-02-20,Nusa Tenggara Timur,176,3,351,-178,8153,5331,198,2624
2021-02-21,Nusa Tenggara Timur,100,2,103,-5,8253,5434,200,2619
2021-02-22,Nusa Tenggara Timur,138,17,281,-160,8391,5715,217,2459
2021-02-23,Nusa Tenggara Timur,195,6,149,40,8586,5864,223,2499
2021-02-24,Nusa Tenggara Timur,95,21,280,-206,8681,6144,244,2293
2021-02-25,Nusa Tenggara Timur,202,1,97,104,8883,6241,245,2397
2021-02-26,Nusa Tenggara Timur,116,4,104,8,8999,6345,249,2405
2021-02-27,Nusa Tenggara Timur,140,7,97,36,9139,6442,256,2441
2021-02-28,Nusa Tenggara Timur,108,1,61,46,9247,6503,257,2487
2021-03-01,Nusa Tenggara Timur,40,5,180,-145,9287,6683,262,2342
2021-03-02,Nusa Tenggara Timur,117,3,171,-57,9404,6854,265,2285
2021-03-03,Nusa Tenggara Timur,141,2,188,-49,9545,7042,267,2236
2021-03-04,Nusa Tenggara Timur,103,2,116,-15,9648,7158,269,2221
2021-03-05,Nusa Tenggara Timur,150,3,167,-20,9798,7325,272,2201
2021-03-06,Nusa Tenggara Timur,130,8,211,-89,9928,7536,280,2112
2021-03-07,Nusa Tenggara Timur,43,1,55,-13,9971,7591,281,2099
2021-03-08,Nusa Tenggara Timur,134,4,121,9,10105,7712,285,2108
2021-03-09,Nusa Tenggara Timur,136,3,173,-40,10241,7885,288,2068
2021-03-10,Nusa Tenggara Timur,114,0,75,39,10355,7960,288,2107
2021-03-11,Nusa Tenggara Timur,66,1,126,-61,10421,8086,289,2046
2021-03-12,Nusa Tenggara Timur,128,1,29,98,10549,8115,290,2144
2021-03-13,Nusa Tenggara Timur,141,6,9,126,10690,8124,296,2270
2021-03-14,Nusa Tenggara Timur,23,1,232,-210,10713,8356,297,2060
2021-03-15,Nusa Tenggara Timur,83,0,9,74,10796,8365,297,2134
2021-03-16,Nusa Tenggara Timur,193,0,193,0,10989,8558,297,2134
2021-03-17,Nusa Tenggara Timur,220,7,105,108,11209,8663,304,2242
2021-03-18,Nusa Tenggara Timur,167,0,210,-43,11376,8873,304,2199
2021-03-19,Nusa Tenggara Timur,96,0,0,96,11472,8873,304,2295
2021-03-20,Nusa Tenggara Timur,160,1,34,125,11632,8907,305,2420
2021-03-21,Nusa Tenggara Timur,37,4,90,-57,11669,8997,309,2363
2021-03-22,Nusa Tenggara Timur,76,2,55,19,11745,9052,311,2382
2021-03-23,Nusa Tenggara Timur,169,10,73,86,11914,9125,321,2468
2021-03-24,Nusa Tenggara Timur,98,3,152,-57,12012,9277,324,2411
2021-03-25,Nusa Tenggara Timur,54,1,108,-55,12066,9385,325,2356
2021-03-26,Nusa Tenggara Timur,43,0,37,6,12109,9422,325,2362
2021-03-27,Nusa Tenggara Timur,53,0,56,-3,12162,9478,325,2359
2021-03-28,Nusa Tenggara Timur,20,0,13,7,12182,9491,325,2366
2021-03-29,Nusa Tenggara Timur,27,2,498,-473,12209,9989,327,1893
2021-03-30,Nusa Tenggara Timur,116,4,18,94,12325,10007,331,1987
2021-03-31,Nusa Tenggara Timur,90,3,270,-183,12415,10277,334,1804
2021-04-01,Nusa Tenggara Timur,86,2,154,-70,12501,10431,336,1734
2021-04-02,Nusa Tenggara Timur,79,0,7,72,12580,10438,336,1806
2021-04-03,Nusa Tenggara Timur,30,2,50,-22,12610,10488,338,1784
2021-04-04,Nusa Tenggara Timur,32,3,34,-5,12642,10522,341,1779
2021-04-05,Nusa Tenggara Timur,0,2,20,-22,12642,10542,343,1757
2021-04-06,Nusa Tenggara Timur,27,2,36,-11,12669,10578,345,1746
2021-04-07,Nusa Tenggara Timur,15,1,6,8,12684,10584,346,1754
2021-04-08,Nusa Tenggara Timur,29,3,5,21,12713,10589,349,1775
2021-04-09,Nusa Tenggara Timur,42,1,611,-570,12755,11200,350,1205
2021-04-10,Nusa Tenggara Timur,45,0,3,42,12800,11203,350,1247
2021-04-11,Nusa Tenggara Timur,0,0,2,-2,12800,11205,350,1245
2021-04-12,Nusa Tenggara Timur,42,0,158,-116,12842,11363,350,1129
2021-04-13,Nusa Tenggara Timur,116,0,9,107,12958,11372,350,1236
2021-04-14,Nusa Tenggara Timur,55,1,5,49,13013,11377,351,1285
2021-04-15,Nusa Tenggara Timur,52,5,120,-73,13065,11497,356,1212
2021-04-16,Nusa Tenggara Timur,131,0,45,86,13196,11542,356,1298
2021-04-17,Nusa Tenggara Timur,24,2,57,-35,13220,11599,358,1263
2021-04-18,Nusa Tenggara Timur,4,1,9,-6,13224,11608,359,1257
2021-04-19,Nusa Tenggara Timur,26,0,47,-21,13250,11655,359,1236
2021-04-20,Nusa Tenggara Timur,248,2,339,-93,13498,11994,361,1143
2021-04-21,Nusa Tenggara Timur,284,0,0,284,13782,11994,361,1427
2021-04-22,Nusa Tenggara Timur,125,1,64,60,13907,12058,362,1487
2021-04-23,Nusa Tenggara Timur,27,0,2,25,13934,12060,362,1512
2021-04-24,Nusa Tenggara Timur,53,1,43,9,13987,12103,363,1521
2021-04-25,Nusa Tenggara Timur,14,0,52,-38,14001,12155,363,1483
2021-04-26,Nusa Tenggara Timur,71,0,29,42,14072,12184,363,1525
2021-04-27,Nusa Tenggara Timur,128,3,284,-159,14200,12468,366,1366
2021-04-28,Nusa Tenggara Timur,31,0,12,19,14231,12480,366,1385
2021-04-29,Nusa Tenggara Timur,32,3,45,-16,14263,12525,369,1369
2021-04-30,Nusa Tenggara Timur,90,5,17,68,14353,12542,374,1437
2021-05-01,Nusa Tenggara Timur,31,0,20,11,14384,12562,374,1448
2021-05-02,Nusa Tenggara Timur,252,3,173,76,14636,12735,377,1524
2021-05-03,Nusa Tenggara Timur,61,1,62,-2,14697,12797,378,1522
2021-05-04,Nusa Tenggara Timur,59,0,25,34,14756,12822,378,1556
2021-05-05,Nusa Tenggara Timur,55,2,133,-80,14811,12955,380,1476
2021-05-06,Nusa Tenggara Timur,273,3,61,209,15084,13016,383,1685
2021-05-07,Nusa Tenggara Timur,89,6,116,-33,15173,13132,389,1652
2021-05-08,Nusa Tenggara Timur,77,4,151,-78,15250,13283,393,1574
2021-05-09,Nusa Tenggara Timur,52,2,13,37,15302,13296,395,1611
2021-05-10,Nusa Tenggara Timur,60,0,68,-8,15362,13364,395,1603
2021-05-11,Nusa Tenggara Timur,125,1,167,-43,15487,13531,396,1560
2021-05-12,Nusa Tenggara Timur,9,1,1,7,15496,13532,397,1567
2021-05-13,Nusa Tenggara Timur,4,6,49,-51,15500,13581,403,1516
2021-05-14,Nusa Tenggara Timur,77,1,75,1,15577,13656,404,1517
2021-05-15,Nusa Tenggara Timur,5,0,32,-27,15582,13688,404,1490
2021-05-16,Nusa Tenggara Timur,0,0,43,-43,15582,13731,404,1447
2021-05-17,Nusa Tenggara Timur,53,2,372,-321,15635,14103,406,1126
2021-05-18,Nusa Tenggara Timur,50,1,91,-42,15685,14194,407,1084
2021-05-19,Nusa Tenggara Timur,10,0,78,-68,15695,14272,407,1016
2021-05-20,Nusa Tenggara Timur,12,1,57,-46,15707,14329,408,970
2021-05-21,Nusa Tenggara Timur,16,2,17,-3,15723,14346,410,967
2021-05-22,Nusa Tenggara Timur,36,0,43,-7,15759,14389,410,960
2021-05-23,Nusa Tenggara Timur,50,2,119,-71,15809,14508,412,889
2021-05-24,Nusa Tenggara Timur,67,1,118,-52,15876,14626,413,837
2021-05-25,Nusa Tenggara Timur,10,0,72,-62,15886,14698,413,775
2021-05-26,Nusa Tenggara Timur,21,1,4,16,15907,14702,414,791
2021-05-27,Nusa Tenggara Timur,1,0,1,0,15908,14703,414,791
2021-05-28,Nusa Tenggara Timur,175,2,170,3,16083,14873,416,794
2021-05-29,Nusa Tenggara Timur,2,0,1,1,16085,14874,416,795
2021-05-30,Nusa Tenggara Timur,25,1,11,13,16110,14885,417,808
2021-05-31,Nusa Tenggara Timur,150,3,123,24,16260,15008,420,832
2021-06-01,Nusa Tenggara Timur,8,0,49,-41,16268,15057,420,791
2021-06-02,Nusa Tenggara Timur,61,0,6,55,16329,15063,420,846
2021-06-03,Nusa Tenggara Timur,33,1,99,-67,16362,15162,421,779
2021-06-04,Nusa Tenggara Timur,233,3,271,-41,16595,15433,424,738
2021-06-05,Nusa Tenggara Timur,29,2,43,-16,16624,15476,426,722
2021-06-06,Nusa Tenggara Timur,70,3,55,12,16694,15531,429,734
2021-06-07,Nusa Tenggara Timur,177,2,181,-6,16871,15712,431,728
2021-06-08,Nusa Tenggara Timur,84,7,128,-51,16955,15840,438,677
2021-06-09,Nusa Tenggara Timur,26,1,24,1,16981,15864,439,678
2021-06-10,Nusa Tenggara Timur,63,2,13,48,17044,15877,441,726
2021-06-11,Nusa Tenggara Timur,10,1,7,2,17054,15884,442,728
2021-06-12,Nusa Tenggara Timur,50,3,43,4,17104,15927,445,732
2021-06-13,Nusa Tenggara Timur,60,2,74,-16,17164,16001,447,716
2021-06-14,Nusa Tenggara Timur,70,3,30,37,17234,16031,450,753
2021-06-15,Nusa Tenggara Timur,14,0,4,10,17248,16035,450,763
2021-06-16,Nusa Tenggara Timur,47,0,44,3,17295,16079,450,766
2021-06-17,Nusa Tenggara Timur,9,0,6,3,17304,16085,450,769
2021-06-18,Nusa Tenggara Timur,20,0,6,14,17324,16091,450,783
2021-06-19,Nusa Tenggara Timur,6,0,14,-8,17330,16105,450,775
2021-06-20,Nusa Tenggara Timur,34,0,17,17,17364,16122,450,792
2021-06-21,Nusa Tenggara Timur,7,1,9,-3,17371,16131,451,789
2021-06-22,Nusa Tenggara Timur,97,0,21,76,17468,16152,451,865
2021-06-23,Nusa Tenggara Timur,71,0,5,66,17539,16157,451,931
2021-06-24,Nusa Tenggara Timur,104,4,50,50,17643,16207,455,981
2021-06-25,Nusa Tenggara Timur,172,0,54,118,17815,16261,455,1099
2021-06-26,Nusa Tenggara Timur,106,0,0,106,17921,16261,455,1205
2021-06-27,Nusa Tenggara Timur,114,3,18,93,18035,16279,458,1298
2021-06-28,Nusa Tenggara Timur,78,0,31,47,18113,16310,458,1345
2021-06-29,Nusa Tenggara Timur,125,0,22,103,18238,16332,458,1448
2021-06-30,Nusa Tenggara Timur,178,1,10,167,18416,16342,459,1615
2021-07-01,Nusa Tenggara Timur,349,3,196,150,18765,16538,462,1765
2021-07-02,Nusa Tenggara Timur,487,3,10,474,19252,16548,465,2239
2021-07-03,Nusa Tenggara Timur,383,1,7,375,19635,16555,466,2614
2021-07-04,Nusa Tenggara Timur,340,3,41,296,19975,16596,469,2910
2021-07-05,Nusa Tenggara Timur,461,6,417,38,20436,17013,475,2948
2021-07-06,Nusa Tenggara Timur,632,4,212,416,21068,17225,479,3364
2021-07-07,Nusa Tenggara Timur,731,4,28,699,21799,17253,483,4063
2021-07-08,Nusa Tenggara Timur,914,5,43,866,22713,17296,488,4929
2021-07-09,Nusa Tenggara Timur,220,5,90,125,22933,17386,493,5054
2021-07-10,Nusa Tenggara Timur,353,0,115,238,23286,17501,493,5292
2021-07-11,Nusa Tenggara Timur,474,3,57,414,23760,17558,496,5706
2021-07-12,Nusa Tenggara Timur,697,2,47,648,24457,17605,498,6354
2021-07-13,Nusa Tenggara Timur,1128,3,54,1071,25585,17659,501,7425
2021-07-14,Nusa Tenggara Timur,537,3,165,369,26122,17824,504,7794
2021-07-15,Nusa Tenggara Timur,639,4,35,600,26761,17859,508,8394
2021-07-16,Nusa Tenggara Timur,547,10,160,377,27308,18019,518,8771
2021-07-17,Nusa Tenggara Timur,488,17,255,216,27796,18274,535,8987
2021-07-18,Nusa Tenggara Timur,565,2,141,422,28361,18415,537,9409
2021-07-19,Nusa Tenggara Timur,749,9,241,499,29110,18656,546,9908
2021-07-20,Nusa Tenggara Timur,731,6,471,254,29841,19127,552,10162
2021-07-21,Nusa Tenggara Timur,1249,5,678,566,31090,19805,557,10728
2021-07-22,Nusa Tenggara Timur,779,9,216,554,31869,20021,566,11282
2021-07-23,Nusa Tenggara Timur,807,12,880,-85,32676,20901,578,11197
2021-07-24,Nusa Tenggara Timur,509,18,429,62,33185,21330,596,11259
2021-07-25,Nusa Tenggara Timur,1080,13,173,894,34265,21503,609,12153
2021-07-26,Nusa Tenggara Timur,320,8,1121,-809,34585,22624,617,11344
2021-07-27,Nusa Tenggara Timur,1244,43,1250,-49,35829,23874,660,11295
2021-07-28,Nusa Tenggara Timur,1127,12,849,266,36956,24723,672,11561
2021-07-29,Nusa Tenggara Timur,781,15,617,149,37737,25340,687,11710
2021-07-30,Nusa Tenggara Timur,722,28,570,124,38459,25910,715,11834
2021-07-31,Nusa Tenggara Timur,647,10,660,-23,39106,26570,725,11811
2021-08-01,Nusa Tenggara Timur,886,5,553,328,39992,27123,730,12139
2020-03-26,Aceh,1,0,0,1,1,0,0,1
2020-03-27,Aceh,3,0,0,3,4,0,0,4
2020-03-28,Aceh,1,0,0,1,5,0,0,5
2020-03-29,Aceh,0,0,0,0,5,0,0,5
2020-03-30,Aceh,0,0,0,0,5,0,0,5
2020-03-31,Aceh,0,0,0,0,5,0,0,5
2020-04-01,Aceh,0,0,0,0,5,0,0,5
2020-04-02,Aceh,0,0,0,0,5,0,0,5
2020-04-03,Aceh,0,0,0,0,5,0,0,5
2020-04-04,Aceh,0,0,0,0,5,0,0,5
2020-04-05,Aceh,0,0,0,0,5,0,0,5
2020-04-06,Aceh,0,0,0,0,5,0,0,5
2020-04-07,Aceh,0,0,0,0,5,0,0,5
2020-04-08,Aceh,0,0,0,0,5,0,0,5
2020-04-09,Aceh,0,0,1,-1,5,1,0,4
2020-04-10,Aceh,0,0,0,0,5,1,0,4
2020-04-11,Aceh,0,0,0,0,5,1,0,4
2020-04-12,Aceh,0,0,0,0,5,1,0,4
2020-04-13,Aceh,0,0,2,-2,5,3,0,2
2020-04-14,Aceh,0,0,0,0,5,3,0,2
2020-04-15,Aceh,0,0,0,0,5,3,0,2
2020-04-16,Aceh,0,0,0,0,5,3,0,2
2020-04-17,Aceh,0,0,0,0,5,3,0,2
2020-04-18,Aceh,1,0,0,1,6,3,0,3
2020-04-19,Aceh,1,0,0,1,7,3,0,4
2020-04-20,Aceh,0,0,0,0,7,3,0,4
2020-04-21,Aceh,0,0,0,0,7,3,0,4
2020-04-22,Aceh,0,0,0,0,7,3,0,4
2020-04-23,Aceh,0,1,0,-1,7,3,1,3
2020-04-24,Aceh,1,0,0,1,8,3,1,4
2020-04-25,Aceh,1,0,0,1,9,3,1,5
2020-04-26,Aceh,0,0,0,0,9,3,1,5
2020-04-27,Aceh,0,0,1,-1,9,4,1,4
2020-04-28,Aceh,0,0,1,-1,9,5,1,3
2020-04-29,Aceh,0,0,1,-1,9,6,1,2
2020-04-30,Aceh,1,0,0,1,10,6,1,3
2020-05-01,Aceh,1,0,0,1,11,6,1,4
2020-05-02,Aceh,0,0,0,0,11,6,1,4
2020-05-03,Aceh,1,0,2,-1,12,8,1,3
2020-05-04,Aceh,0,0,0,0,12,8,1,3
2020-05-05,Aceh,0,0,0,0,12,8,1,3
2020-05-06,Aceh,5,0,0,5,17,8,1,8
2020-05-07,Aceh,0,0,0,0,17,8,1,8
2020-05-08,Aceh,0,0,3,-3,17,11,1,5
2020-05-09,Aceh,0,0,0,0,17,11,1,5
2020-05-10,Aceh,0,0,0,0,17,11,1,5
2020-05-11,Aceh,0,0,1,-1,17,12,1,4
2020-05-12,Aceh,0,0,0,0,17,12,1,4
2020-05-13,Aceh,0,0,1,-1,17,13,1,3
2020-05-14,Aceh,0,0,0,0,17,13,1,3
2020-05-15,Aceh,0,0,0,0,17,13,1,3
2020-05-16,Aceh,1,0,2,-1,18,15,1,2
2020-05-17,Aceh,0,0,0,0,18,15,1,2
2020-05-18,Aceh,0,0,0,0,18,15,1,2
2020-05-19,Aceh,0,0,0,0,18,15,1,2
2020-05-20,Aceh,0,0,0,0,18,15,1,2
2020-05-21,Aceh,0,0,0,0,18,15,1,2
2020-05-22,Aceh,1,0,1,0,19,16,1,2
2020-05-23,Aceh,0,0,1,-1,19,17,1,1
2020-05-24,Aceh,0,0,0,0,19,17,1,1
2020-05-25,Aceh,0,0,0,0,19,17,1,1
2020-05-26,Aceh,0,0,0,0,19,17,1,1
2020-05-27,Aceh,0,0,0,0,19,17,1,1
2020-05-28,Aceh,1,0,0,1,20,17,1,2
2020-05-29,Aceh,0,0,0,0,20,17,1,2
2020-05-30,Aceh,0,0,0,0,20,17,1,2
2020-05-31,Aceh,0,0,0,0,20,17,1,2
2020-06-01,Aceh,0,0,0,0,20,17,1,2
2020-06-02,Aceh,0,0,0,0,20,17,1,2
2020-06-03,Aceh,0,0,1,-1,20,18,1,1
2020-06-04,Aceh,0,0,0,0,20,18,1,1
2020-06-05,Aceh,0,0,0,0,20,18,1,1
2020-06-06,Aceh,0,0,0,0,20,18,1,1
2020-06-07,Aceh,0,0,0,0,20,18,1,1
2020-06-08,Aceh,0,0,0,0,20,18,1,1
2020-06-09,Aceh,0,0,0,0,20,18,1,1
2020-06-10,Aceh,2,0,0,2,22,18,1,3
2020-06-11,Aceh,0,0,0,0,22,18,1,3
2020-06-12,Aceh,0,0,0,0,22,18,1,3
2020-06-13,Aceh,0,0,1,-1,22,19,1,2
2020-06-14,Aceh,5,0,0,5,27,19,1,7
2020-06-15,Aceh,0,0,0,0,27,19,1,7
2020-06-16,Aceh,0,0,1,-1,27,20,1,6
2020-06-17,Aceh,10,1,0,9,37,20,2,15
2020-06-18,Aceh,1,0,0,1,38,20,2,16
2020-06-19,Aceh,0,0,0,0,38,20,2,16
2020-06-20,Aceh,1,0,0,1,39,20,2,17
2020-06-21,Aceh,10,0,0,10,49,20,2,27
2020-06-22,Aceh,0,0,0,0,49,20,2,27
2020-06-23,Aceh,0,0,0,0,49,20,2,27
2020-06-24,Aceh,4,0,0,4,53,20,2,31
2020-06-25,Aceh,13,0,0,13,66,20,2,44
2020-06-26,Aceh,3,0,0,3,69,20,2,47
2020-06-27,Aceh,8,0,2,6,77,22,2,53
2020-06-28,Aceh,2,0,3,-1,79,25,2,52
2020-06-29,Aceh,0,1,0,-1,79,25,3,51
2020-06-30,Aceh,1,0,1,0,80,26,3,51
2020-07-01,Aceh,6,0,5,1,86,31,3,52
2020-07-02,Aceh,0,0,0,0,86,31,3,52
2020-07-03,Aceh,1,0,0,1,87,31,3,53
2020-07-04,Aceh,0,0,0,0,87,31,3,53
2020-07-05,Aceh,0,0,0,0,87,31,3,53
2020-07-06,Aceh,0,0,9,-9,87,40,3,44
2020-07-07,Aceh,1,0,2,-1,88,42,3,43
2020-07-08,Aceh,1,0,9,-8,89,51,3,35
2020-07-09,Aceh,1,0,3,-2,90,54,3,33
2020-07-10,Aceh,0,0,5,-5,90,59,3,28
2020-07-11,Aceh,9,1,4,4,99,63,4,32
2020-07-12,Aceh,7,0,0,7,106,63,4,39
2020-07-13,Aceh,0,1,0,-1,106,63,5,38
2020-07-14,Aceh,4,0,1,3,110,64,5,41
2020-07-15,Aceh,27,2,1,24,137,65,7,65
2020-07-16,Aceh,3,1,1,1,140,66,8,66
2020-07-17,Aceh,5,0,0,5,145,66,8,71
2020-07-18,Aceh,0,0,0,0,145,66,8,71
2020-07-19,Aceh,1,1,0,0,146,66,9,71
2020-07-20,Aceh,2,0,1,1,148,67,9,72
2020-07-21,Aceh,1,0,5,-4,149,72,9,68
2020-07-22,Aceh,2,0,4,-2,151,76,9,66
2020-07-23,Aceh,7,1,1,5,158,77,10,71
2020-07-24,Aceh,4,0,12,-8,162,89,10,63
2020-07-25,Aceh,6,0,2,4,168,91,10,67
2020-07-26,Aceh,0,0,0,0,168,91,10,67
2020-07-27,Aceh,0,0,0,0,168,91,10,67
2020-07-28,Aceh,25,0,0,25,193,91,10,92
2020-07-29,Aceh,45,3,0,42,238,91,13,134
2020-07-30,Aceh,74,0,0,74,312,91,13,208
2020-07-31,Aceh,98,0,0,98,410,91,13,306
2020-08-01,Aceh,0,1,0,-1,410,91,14,305
2020-08-02,Aceh,21,2,0,19,431,91,16,324
2020-08-03,Aceh,2,1,0,1,433,91,17,325
2020-08-04,Aceh,7,0,0,7,440,91,17,332
2020-08-05,Aceh,2,1,0,1,442,91,18,333
2020-08-06,Aceh,41,0,1,40,483,92,18,373
2020-08-07,Aceh,53,0,0,53,536,92,18,426
2020-08-08,Aceh,0,0,0,0,536,92,18,426
2020-08-09,Aceh,44,1,0,43,580,92,19,469
2020-08-10,Aceh,96,0,1,95,676,93,19,564
2020-08-11,Aceh,0,1,0,-1,676,93,20,563
2020-08-12,Aceh,72,2,98,-28,748,191,22,535
2020-08-13,Aceh,1,1,0,0,749,191,23,535
2020-08-14,Aceh,92,0,0,92,841,191,23,627
2020-08-15,Aceh,25,2,0,23,866,191,25,650
2020-08-16,Aceh,11,0,0,11,877,191,25,661
2020-08-17,Aceh,168,0,0,168,1045,191,25,829
2020-08-18,Aceh,25,2,0,23,1070,191,27,852
2020-08-19,Aceh,63,0,0,63,1133,191,27,915
2020-08-20,Aceh,4,0,0,4,1137,191,27,919
2020-08-21,Aceh,4,2,0,2,1141,191,29,921
2020-08-22,Aceh,70,0,0,70,1211,191,29,991
2020-08-23,Aceh,0,2,0,-2,1211,191,31,989
2020-08-24,Aceh,30,3,0,27,1241,191,34,1016
2020-08-25,Aceh,20,3,0,17,1261,191,37,1033
2020-08-26,Aceh,30,0,0,30,1291,191,37,1063
2020-08-27,Aceh,108,0,0,108,1399,191,37,1171
2020-08-28,Aceh,50,11,0,39,1449,191,48,1210
2020-08-29,Aceh,97,6,0,91,1546,191,54,1301
2020-08-30,Aceh,54,4,56,-6,1600,247,58,1295
2020-08-31,Aceh,33,2,66,-35,1633,313,60,1260
2020-09-01,Aceh,16,3,82,-69,1649,395,63,1191
2020-09-02,Aceh,48,3,1,44,1697,396,66,1235
2020-09-03,Aceh,97,3,8,86,1794,404,69,1321
2020-09-04,Aceh,90,3,31,56,1884,435,72,1377
2020-09-05,Aceh,61,1,0,60,1945,435,73,1437
2020-09-06,Aceh,78,2,0,76,2023,435,75,1513
2020-09-07,Aceh,19,3,0,16,2042,435,78,1529
2020-09-08,Aceh,12,2,58,-48,2054,493,80,1481
2020-09-09,Aceh,98,1,9,88,2152,502,81,1569
2020-09-10,Aceh,106,2,1,103,2258,503,83,1672
2020-09-11,Aceh,145,2,2,141,2403,505,85,1813
2020-09-12,Aceh,124,0,1,123,2527,506,85,1936
2020-09-13,Aceh,212,5,0,207,2739,506,90,2143
2020-09-14,Aceh,153,5,52,96,2892,558,95,2239
2020-09-15,Aceh,140,6,142,-8,3032,700,101,2231
2020-09-16,Aceh,95,12,390,-307,3127,1090,113,1924
2020-09-17,Aceh,109,12,1,96,3236,1091,125,2020
2020-09-18,Aceh,116,4,160,-48,3352,1251,129,1972
2020-09-19,Aceh,175,0,45,130,3527,1296,129,2102
2020-09-20,Aceh,68,4,0,64,3595,1296,133,2166
2020-09-21,Aceh,99,2,366,-269,3694,1662,135,1897
2020-09-22,Aceh,91,7,95,-11,3785,1757,142,1886
2020-09-23,Aceh,50,3,3,44,3835,1760,145,1930
2020-09-24,Aceh,56,1,115,-60,3891,1875,146,1870
2020-09-25,Aceh,91,2,1,88,3982,1876,148,1958
2020-09-26,Aceh,191,3,1,187,4173,1877,151,2145
2020-09-27,Aceh,73,5,149,-81,4246,2026,156,2064
2020-09-28,Aceh,79,13,161,-95,4325,2187,169,1969
2020-09-29,Aceh,146,9,120,17,4471,2307,178,1986
2020-09-30,Aceh,83,3,2,78,4554,2309,181,2064
2020-10-01,Aceh,112,3,158,-49,4666,2467,184,2015
2020-10-02,Aceh,188,6,0,182,4854,2467,190,2197
2020-10-03,Aceh,73,3,150,-80,4927,2617,193,2117
2020-10-04,Aceh,67,7,187,-127,4994,2804,200,1990
2020-10-05,Aceh,70,6,173,-109,5064,2977,206,1881
2020-10-06,Aceh,119,4,99,16,5183,3076,210,1897
2020-10-07,Aceh,72,2,211,-141,5255,3287,212,1756
2020-10-08,Aceh,168,2,165,1,5423,3452,214,1757
2020-10-09,Aceh,123,4,93,26,5546,3545,218,1783
2020-10-10,Aceh,98,2,1,95,5644,3546,220,1878
2020-10-11,Aceh,123,1,0,122,5767,3546,221,2000
2020-10-12,Aceh,77,2,157,-82,5844,3703,223,1918
2020-10-13,Aceh,51,1,105,-55,5895,3808,224,1863
2020-10-14,Aceh,65,3,58,4,5960,3866,227,1867
2020-10-15,Aceh,117,2,148,-33,6077,4014,229,1834
2020-10-16,Aceh,177,6,130,41,6254,4144,235,1875
2020-10-17,Aceh,182,1,130,51,6436,4274,236,1926
2020-10-18,Aceh,115,6,284,-175,6551,4558,242,1751
2020-10-19,Aceh,116,2,211,-97,6667,4769,244,1654
2020-10-20,Aceh,98,2,215,-119,6765,4984,246,1535
2020-10-21,Aceh,80,3,0,77,6845,4984,249,1612
2020-10-22,Aceh,102,3,0,99,6947,4984,252,1711
2020-10-23,Aceh,90,4,3,83,7037,4987,256,1794
2020-10-24,Aceh,88,5,0,83,7125,4987,261,1877
2020-10-25,Aceh,87,2,0,85,7212,4987,263,1962
2020-10-26,Aceh,40,5,0,35,7252,4987,268,1997
2020-10-27,Aceh,13,4,0,9,7265,4987,272,2006
2020-10-28,Aceh,74,4,0,70,7339,4987,276,2076
2020-10-29,Aceh,34,0,1,33,7373,4988,276,2109
2020-10-30,Aceh,21,2,0,19,7394,4988,278,2128
2020-10-31,Aceh,11,1,0,10,7405,4988,279,2138
2020-11-01,Aceh,20,0,0,20,7425,4988,279,2158
2020-11-02,Aceh,30,0,137,-107,7455,5125,279,2051
2020-11-03,Aceh,24,3,176,-155,7479,5301,282,1896
2020-11-04,Aceh,44,5,174,-135,7523,5475,287,1761
2020-11-05,Aceh,35,1,1,33,7558,5476,288,1794
2020-11-06,Aceh,71,0,185,-114,7629,5661,288,1680
2020-11-07,Aceh,27,3,80,-56,7656,5741,291,1624
2020-11-08,Aceh,26,0,251,-225,7682,5992,291,1399
2020-11-09,Aceh,3,0,201,-198,7685,6193,291,1201
2020-11-10,Aceh,29,1,3,25,7714,6196,292,1226
2020-11-11,Aceh,51,1,0,50,7765,6196,293,1276
2020-11-12,Aceh,32,0,0,32,7797,6196,293,1308
2020-11-13,Aceh,45,0,0,45,7842,6196,293,1353
2020-11-14,Aceh,20,0,2,18,7862,6198,293,1371
2020-11-15,Aceh,49,0,0,49,7911,6198,293,1420
2020-11-16,Aceh,21,0,13,8,7932,6211,293,1428
2020-11-17,Aceh,43,3,28,12,7975,6239,296,1440
2020-11-18,Aceh,18,22,115,-119,7993,6354,318,1321
2020-11-19,Aceh,50,1,0,49,8043,6354,319,1370
2020-11-20,Aceh,21,0,0,21,8064,6354,319,1391
2020-11-21,Aceh,42,0,0,42,8106,6354,319,1433
2020-11-22,Aceh,18,0,0,18,8124,6354,319,1451
2020-11-23,Aceh,30,0,2,28,8154,6356,319,1479
2020-11-24,Aceh,6,0,0,6,8160,6356,319,1485
2020-11-25,Aceh,39,5,139,-105,8199,6495,324,1380
2020-11-26,Aceh,24,5,27,-8,8223,6522,329,1372
2020-11-27,Aceh,21,1,4,16,8244,6526,330,1388
2020-11-28,Aceh,11,1,0,10,8255,6526,331,1398
2020-11-29,Aceh,27,4,25,-2,8282,6551,335,1396
2020-11-30,Aceh,10,1,9,0,8292,6560,336,1396
2020-12-01,Aceh,9,2,14,-7,8301,6574,338,1389
2020-12-02,Aceh,10,0,28,-18,8311,6602,338,1371
2020-12-03,Aceh,44,0,6,38,8355,6608,338,1409
2020-12-04,Aceh,14,6,3,5,8369,6611,344,1414
2020-12-05,Aceh,15,0,8,7,8384,6619,344,1421
2020-12-06,Aceh,38,0,119,-81,8422,6738,344,1340
2020-12-07,Aceh,4,0,5,-1,8426,6743,344,1339
2020-12-08,Aceh,18,1,7,10,8444,6750,345,1349
2020-12-09,Aceh,6,0,4,2,8450,6754,345,1351
2020-12-10,Aceh,8,1,8,-1,8458,6762,346,1350
2020-12-11,Aceh,20,4,62,-46,8478,6824,350,1304
2020-12-12,Aceh,29,0,11,18,8507,6835,350,1322
2020-12-13,Aceh,15,0,4,11,8522,6839,350,1333
2020-12-14,Aceh,4,2,54,-52,8526,6893,352,1281
2020-12-15,Aceh,12,2,86,-76,8538,6979,354,1205
2020-12-16,Aceh,8,0,6,2,8546,6985,354,1207
2020-12-17,Aceh,8,0,8,0,8554,6993,354,1207
2020-12-18,Aceh,3,0,55,-52,8557,7048,354,1155
2020-12-19,Aceh,12,0,6,6,8569,7054,354,1161
2020-12-20,Aceh,4,1,13,-10,8573,7067,355,1151
2020-12-21,Aceh,18,0,4,14,8591,7071,355,1165
2020-12-22,Aceh,29,0,9,20,8620,7080,355,1185
2020-12-23,Aceh,30,1,9,20,8650,7089,356,1205
2020-12-24,Aceh,14,1,13,0,8664,7102,357,1205
2020-12-25,Aceh,15,0,1,14,8679,7103,357,1219
2020-12-26,Aceh,19,1,6,12,8698,7109,358,1231
2020-12-27,Aceh,13,0,0,13,8711,7109,358,1244
2020-12-28,Aceh,16,0,16,0,8727,7125,358,1244
2020-12-29,Aceh,9,0,4,5,8736,7129,358,1249
2020-12-30,Aceh,6,0,2,4,8742,7131,358,1253
2020-12-31,Aceh,4,0,9,-5,8746,7140,358,1248
2021-01-01,Aceh,7,0,10,-3,8753,7150,358,1245
2021-01-02,Aceh,8,0,7,1,8761,7157,358,1246
2021-01-03,Aceh,2,0,0,2,8763,7157,358,1248
2021-01-04,Aceh,5,0,10,-5,8768,7167,358,1243
2021-01-05,Aceh,8,2,17,-11,8776,7184,360,1232
2021-01-06,Aceh,29,0,14,15,8805,7198,360,1247
2021-01-07,Aceh,31,3,84,-56,8836,7282,363,1191
2021-01-08,Aceh,42,0,5,37,8878,7287,363,1228
2021-01-09,Aceh,16,1,7,8,8894,7294,364,1236
2021-01-10,Aceh,15,1,14,0,8909,7308,365,1236
2021-01-11,Aceh,10,0,1,9,8919,7309,365,1245
2021-01-12,Aceh,48,4,0,44,8967,7309,369,1289
2021-01-13,Aceh,24,2,5,17,8991,7314,371,1306
2021-01-14,Aceh,11,2,13,-4,9002,7327,373,1302
2021-01-15,Aceh,16,1,36,-21,9018,7363,374,1281
2021-01-16,Aceh,17,1,1,15,9035,7364,375,1296
2021-01-17,Aceh,18,0,0,18,9053,7364,375,1314
2021-01-18,Aceh,2,3,26,-27,9055,7390,378,1287
2021-01-19,Aceh,16,0,143,-127,9071,7533,378,1160
2021-01-20,Aceh,18,1,28,-11,9089,7561,379,1149
2021-01-21,Aceh,11,0,36,-25,9100,7597,379,1124
2021-01-22,Aceh,15,0,6,9,9115,7603,379,1133
2021-01-23,Aceh,11,0,2,9,9126,7605,379,1142
2021-01-24,Aceh,18,0,2,16,9144,7607,379,1158
2021-01-25,Aceh,0,0,5,-5,9144,7612,379,1153
2021-01-26,Aceh,5,0,4,1,9149,7616,379,1154
2021-01-27,Aceh,14,0,9,5,9163,7625,379,1159
2021-01-28,Aceh,18,0,0,18,9181,7625,379,1177
2021-01-29,Aceh,21,0,8,13,9202,7633,379,1190
2021-01-30,Aceh,22,0,7,15,9224,7640,379,1205
2021-01-31,Aceh,4,0,3,1,9228,7643,379,1206
2021-02-01,Aceh,2,0,5,-3,9230,7648,379,1203
2021-02-02,Aceh,22,1,11,10,9252,7659,380,1213
2021-02-03,Aceh,14,0,20,-6,9266,7679,380,1207
2021-02-04,Aceh,10,0,4,6,9276,7683,380,1213
2021-02-05,Aceh,9,0,0,9,9285,7683,380,1222
2021-02-06,Aceh,13,0,8,5,9298,7691,380,1227
2021-02-07,Aceh,14,0,2,12,9312,7693,380,1239
2021-02-08,Aceh,11,1,31,-21,9323,7724,381,1218
2021-02-09,Aceh,47,0,1,46,9370,7725,381,1264
2021-02-10,Aceh,3,0,21,-18,9373,7746,381,1246
2021-02-11,Aceh,17,0,5,12,9390,7751,381,1258
2021-02-12,Aceh,8,0,0,8,9398,7751,381,1266
2021-02-13,Aceh,1,2,3,-4,9399,7754,383,1262
2021-02-14,Aceh,4,0,0,4,9403,7754,383,1266
2021-02-15,Aceh,0,0,0,0,9403,7754,383,1266
2021-02-16,Aceh,0,0,0,0,9403,7754,383,1266
2021-02-17,Aceh,0,0,0,0,9403,7754,383,1266
2021-02-18,Aceh,32,0,5,27,9435,7759,383,1293
2021-02-19,Aceh,13,0,9,4,9448,7768,383,1297
2021-02-20,Aceh,8,0,18,-10,9456,7786,383,1287
2021-02-21,Aceh,1,0,0,1,9457,7786,383,1288
2021-02-22,Aceh,1,0,5,-4,9458,7791,383,1284
2021-02-23,Aceh,29,0,7,22,9487,7798,383,1306
2021-02-24,Aceh,26,0,8,18,9513,7806,383,1324
2021-02-25,Aceh,10,1,0,9,9523,7806,384,1333
2021-02-26,Aceh,8,0,21,-13,9531,7827,384,1320
2021-02-27,Aceh,3,1,8,-6,9534,7835,385,1314
2021-02-28,Aceh,7,0,0,7,9541,7835,385,1321
2021-03-01,Aceh,2,0,16,-14,9543,7851,385,1307
2021-03-02,Aceh,14,0,4,10,9557,7855,385,1317
2021-03-03,Aceh,13,3,6,4,9570,7861,388,1321
2021-03-04,Aceh,10,0,2,8,9580,7863,388,1329
2021-03-05,Aceh,9,0,4,5,9589,7867,388,1334
2021-03-06,Aceh,16,0,18,-2,9605,7885,388,1332
2021-03-07,Aceh,4,0,0,4,9609,7885,388,1336
2021-03-08,Aceh,7,0,4,3,9616,7889,388,1339
2021-03-09,Aceh,26,0,26,0,9642,7915,388,1339
2021-03-10,Aceh,0,0,4,-4,9642,7919,388,1335
2021-03-11,Aceh,19,0,0,19,9661,7919,388,1354
2021-03-12,Aceh,6,1,7,-2,9667,7926,389,1352
2021-03-13,Aceh,14,0,0,14,9681,7926,389,1366
2021-03-14,Aceh,5,0,28,-23,9686,7954,389,1343
2021-03-15,Aceh,0,0,6,-6,9686,7960,389,1337
2021-03-16,Aceh,10,0,21,-11,9696,7981,389,1326
2021-03-17,Aceh,6,0,3,3,9702,7984,389,1329
2021-03-18,Aceh,10,0,3,7,9712,7987,389,1336
2021-03-19,Aceh,16,0,0,16,9728,7987,389,1352
2021-03-20,Aceh,15,0,23,-8,9743,8010,389,1344
2021-03-21,Aceh,0,0,0,0,9743,8010,389,1344
2021-03-22,Aceh,20,0,3,17,9763,8013,389,1361
2021-03-23,Aceh,15,1,8,6,9778,8021,390,1367
2021-03-24,Aceh,13,1,0,12,9791,8021,391,1379
2021-03-25,Aceh,6,3,2,1,9797,8023,394,1380
2021-03-26,Aceh,15,0,16,-1,9812,8039,394,1379
2021-03-27,Aceh,21,2,6,13,9833,8045,396,1392
2021-03-28,Aceh,12,0,19,-7,9845,8064,396,1385
2021-03-29,Aceh,8,1,6,1,9853,8070,397,1386
2021-03-30,Aceh,9,0,0,9,9862,8070,397,1395
2021-03-31,Aceh,30,0,2,28,9892,8072,397,1423
2021-04-01,Aceh,11,0,1,10,9903,8073,397,1433
2021-04-02,Aceh,9,0,6,3,9912,8079,397,1436
2021-04-03,Aceh,6,0,6,0,9918,8085,397,1436
2021-04-04,Aceh,4,0,2,2,9922,8087,397,1438
2021-04-05,Aceh,11,1,0,10,9933,8087,398,1448
2021-04-06,Aceh,13,1,31,-19,9946,8118,399,1429
2021-04-07,Aceh,39,0,21,18,9985,8139,399,1447
2021-04-08,Aceh,42,1,7,34,10027,8146,400,1481
2021-04-09,Aceh,28,1,6,21,10055,8152,401,1502
2021-04-10,Aceh,20,3,5,12,10075,8157,404,1514
2021-04-11,Aceh,7,0,0,7,10082,8157,404,1521
2021-04-12,Aceh,24,2,17,5,10106,8174,406,1526
2021-04-13,Aceh,28,0,35,-7,10134,8209,406,1519
2021-04-14,Aceh,26,0,21,5,10160,8230,406,1524
2021-04-15,Aceh,40,1,101,-62,10200,8331,407,1462
2021-04-16,Aceh,22,0,121,-99,10222,8452,407,1363
2021-04-17,Aceh,35,1,113,-79,10257,8565,408,1284
2021-04-18,Aceh,43,1,100,-58,10300,8665,409,1226
2021-04-19,Aceh,13,1,101,-89,10313,8766,410,1137
2021-04-20,Aceh,52,6,113,-67,10365,8879,416,1070
2021-04-21,Aceh,64,2,114,-52,10429,8993,418,1018
2021-04-22,Aceh,87,2,105,-20,10516,9098,420,998
2021-04-23,Aceh,91,2,9,80,10607,9107,422,1078
2021-04-24,Aceh,46,5,107,-66,10653,9214,427,1012
2021-04-25,Aceh,24,2,111,-89,10677,9325,429,923
2021-04-26,Aceh,67,3,33,31,10744,9358,432,954
2021-04-27,Aceh,70,0,10,60,10814,9368,432,1014
2021-04-28,Aceh,71,4,107,-40,10885,9475,436,974
2021-04-29,Aceh,82,3,56,23,10967,9531,439,997
2021-04-30,Aceh,78,1,83,-6,11045,9614,440,991
2021-05-01,Aceh,124,2,119,3,11169,9733,442,994
2021-05-02,Aceh,68,7,53,8,11237,9786,449,1002
2021-05-03,Aceh,56,1,14,41,11293,9800,450,1043
2021-05-04,Aceh,98,5,9,84,11391,9809,455,1127
2021-05-05,Aceh,91,6,18,67,11482,9827,461,1194
2021-05-06,Aceh,107,1,38,68,11589,9865,462,1262
2021-05-07,Aceh,113,4,114,-5,11702,9979,466,1257
2021-05-08,Aceh,100,4,5,91,11802,9984,470,1348
2021-05-09,Aceh,28,6,93,-71,11830,10077,476,1277
2021-05-10,Aceh,68,5,87,-24,11898,10164,481,1253
2021-05-11,Aceh,100,2,32,66,11998,10196,483,1319
2021-05-12,Aceh,128,3,32,93,12126,10228,486,1412
2021-05-13,Aceh,26,1,22,3,12152,10250,487,1415
2021-05-14,Aceh,5,3,18,-16,12157,10268,490,1399
2021-05-15,Aceh,57,2,12,43,12214,10280,492,1442
2021-05-16,Aceh,35,2,74,-41,12249,10354,494,1401
2021-05-17,Aceh,91,5,22,64,12340,10376,499,1465
2021-05-18,Aceh,128,4,74,50,12468,10450,503,1515
2021-05-19,Aceh,147,9,62,76,12615,10512,512,1591
2021-05-20,Aceh,199,3,2,194,12814,10514,515,1785
2021-05-21,Aceh,176,9,102,65,12990,10616,524,1850
2021-05-22,Aceh,135,6,9,120,13125,10625,530,1970
2021-05-23,Aceh,104,6,92,6,13229,10717,536,1976
2021-05-24,Aceh,167,8,257,-98,13396,10974,544,1878
2021-05-25,Aceh,185,9,151,25,13581,11125,553,1903
2021-05-26,Aceh,267,4,38,225,13848,11163,557,2128
2021-05-27,Aceh,230,7,128,95,14078,11291,564,2223
2021-05-28,Aceh,260,8,145,107,14338,11436,572,2330
2021-05-29,Aceh,293,7,126,160,14631,11562,579,2490
2021-05-30,Aceh,270,3,117,150,14901,11679,582,2640
2021-05-31,Aceh,116,15,132,-31,15017,11811,597,2609
2021-06-01,Aceh,122,1,120,1,15139,11931,598,2610
2021-06-02,Aceh,101,2,1,98,15240,11932,600,2708
2021-06-03,Aceh,214,7,48,159,15454,11980,607,2867
2021-06-04,Aceh,209,9,39,161,15663,12019,616,3028
2021-06-05,Aceh,206,3,122,81,15869,12141,619,3109
2021-06-06,Aceh,196,2,139,55,16065,12280,621,3164
2021-06-07,Aceh,130,8,189,-67,16195,12469,629,3097
2021-06-08,Aceh,157,5,68,84,16352,12537,634,3181
2021-06-09,Aceh,226,15,114,97,16578,12651,649,3278
2021-06-10,Aceh,247,8,35,204,16825,12686,657,3482
2021-06-11,Aceh,284,7,87,190,17109,12773,664,3672
2021-06-12,Aceh,108,14,189,-95,17217,12962,678,3577
2021-06-13,Aceh,159,6,38,115,17376,13000,684,3692
2021-06-14,Aceh,166,6,47,113,17542,13047,690,3805
2021-06-15,Aceh,155,8,281,-134,17697,13328,698,3671
2021-06-16,Aceh,133,9,50,74,17830,13378,707,3745
2021-06-17,Aceh,140,4,88,48,17970,13466,711,3793
2021-06-18,Aceh,150,2,67,81,18120,13533,713,3874
2021-06-19,Aceh,116,7,78,31,18236,13611,720,3905
2021-06-20,Aceh,93,3,20,70,18329,13631,723,3975
2021-06-21,Aceh,47,12,198,-163,18376,13829,735,3812
2021-06-22,Aceh,63,10,79,-26,18439,13908,745,3786
2021-06-23,Aceh,156,6,224,-74,18595,14132,751,3712
2021-06-24,Aceh,73,6,111,-44,18668,14243,757,3668
2021-06-25,Aceh,103,6,57,40,18771,14300,763,3708
2021-06-26,Aceh,81,6,90,-15,18852,14390,769,3693
2021-06-27,Aceh,59,4,40,15,18911,14430,773,3708
2021-06-28,Aceh,104,14,30,60,19015,14460,787,3768
2021-06-29,Aceh,133,10,87,36,19148,14547,797,3804
2021-06-30,Aceh,98,11,116,-29,19246,14663,808,3775
2021-07-01,Aceh,92,3,54,35,19338,14717,811,3810
2021-07-02,Aceh,94,8,259,-173,19432,14976,819,3637
2021-07-03,Aceh,72,6,209,-143,19504,15185,825,3494
2021-07-04,Aceh,72,1,67,4,19576,15252,826,3498
2021-07-05,Aceh,34,7,21,6,19610,15273,833,3504
2021-07-06,Aceh,174,2,72,100,19784,15345,835,3604
2021-07-07,Aceh,114,7,31,76,19898,15376,842,3680
2021-07-08,Aceh,162,7,52,103,20060,15428,849,3783
2021-07-09,Aceh,80,13,108,-41,20140,15536,862,3742
2021-07-10,Aceh,133,2,16,115,20273,15552,864,3857
2021-07-11,Aceh,67,3,43,21,20340,15595,867,3878
2021-07-12,Aceh,36,6,181,-151,20376,15776,873,3727
2021-07-13,Aceh,162,7,138,17,20538,15914,880,3744
2021-07-14,Aceh,116,8,20,88,20654,15934,888,3832
2021-07-15,Aceh,100,9,82,9,20754,16016,897,3841
2021-07-16,Aceh,64,5,50,9,20818,16066,902,3850
2021-07-17,Aceh,69,13,39,17,20887,16105,915,3867
2021-07-18,Aceh,63,8,86,-31,20950,16191,923,3836
2021-07-19,Aceh,11,3,49,-41,20961,16240,926,3795
2021-07-20,Aceh,52,0,11,41,21013,16251,926,3836
2021-07-21,Aceh,51,4,36,11,21064,16287,930,3847
2021-07-22,Aceh,103,1,57,45,21167,16344,931,3892
2021-07-23,Aceh,145,3,33,109,21312,16377,934,4001
2021-07-24,Aceh,212,3,41,168,21524,16418,937,4169
2021-07-25,Aceh,200,5,47,148,21724,16465,942,4317
2021-07-26,Aceh,160,5,56,99,21884,16521,947,4416
2021-07-27,Aceh,226,8,70,148,22110,16591,955,4564
2021-07-28,Aceh,237,5,40,192,22347,16631,960,4756
2021-07-29,Aceh,231,10,40,181,22578,16671,970,4937
2021-07-30,Aceh,240,10,66,164,22818,16737,980,5101
2021-07-31,Aceh,228,8,161,59,23046,16898,988,5160
2021-08-01,Aceh,204,6,67,131,23250,16965,994,5291
2020-03-17,Sumatera Utara,1,1,0,0,1,0,1,0
2020-03-18,Sumatera Utara,0,0,0,0,1,0,1,0
2020-03-19,Sumatera Utara,0,0,0,0,1,0,1,0
2020-03-20,Sumatera Utara,0,0,0,0,1,0,1,0
2020-03-21,Sumatera Utara,0,0,0,0,1,0,1,0
2020-03-22,Sumatera Utara,0,0,0,0,1,0,1,0
2020-03-23,Sumatera Utara,0,0,0,0,1,0,1,0
2020-03-24,Sumatera Utara,0,0,0,0,1,0,1,0
2020-03-25,Sumatera Utara,0,0,0,0,1,0,1,0
2020-03-26,Sumatera Utara,0,0,0,0,1,0,1,0
2020-03-27,Sumatera Utara,0,1,0,-1,1,0,2,-1
2020-03-28,Sumatera Utara,0,0,0,0,1,0,2,-1
2020-03-29,Sumatera Utara,0,0,0,0,1,0,2,-1
2020-03-30,Sumatera Utara,6,0,0,6,7,0,2,5
2020-03-31,Sumatera Utara,6,2,0,4,13,0,4,9
2020-04-01,Sumatera Utara,2,0,0,2,15,0,4,11
2020-04-02,Sumatera Utara,0,0,0,0,15,0,4,11
2020-04-03,Sumatera Utara,0,0,0,0,15,0,4,11
2020-04-04,Sumatera Utara,3,1,0,2,18,0,5,13
2020-04-05,Sumatera Utara,0,0,0,0,18,0,5,13
2020-04-06,Sumatera Utara,1,0,0,1,19,0,5,14
2020-04-07,Sumatera Utara,0,0,0,0,19,0,5,14
2020-04-08,Sumatera Utara,29,0,0,29,48,0,5,43
2020-04-09,Sumatera Utara,0,0,0,0,48,0,5,43
2020-04-10,Sumatera Utara,7,0,8,-1,55,8,5,42
2020-04-11,Sumatera Utara,0,3,0,-3,55,8,8,39
2020-04-12,Sumatera Utara,10,0,0,10,65,8,8,49
2020-04-13,Sumatera Utara,2,1,1,0,67,9,9,49
2020-04-14,Sumatera Utara,5,0,1,4,72,10,9,53
2020-04-15,Sumatera Utara,6,0,0,6,78,10,9,59
2020-04-16,Sumatera Utara,1,0,3,-2,79,13,9,57
2020-04-17,Sumatera Utara,0,0,0,0,79,13,9,57
2020-04-18,Sumatera Utara,0,0,0,0,79,13,9,57
2020-04-19,Sumatera Utara,2,0,0,2,81,13,9,59
2020-04-20,Sumatera Utara,2,1,1,0,83,14,10,59
2020-04-21,Sumatera Utara,1,0,0,1,84,14,10,60
2020-04-22,Sumatera Utara,9,0,7,2,93,21,10,62
2020-04-23,Sumatera Utara,2,1,0,1,95,21,11,63
2020-04-24,Sumatera Utara,1,0,0,1,96,21,11,64
2020-04-25,Sumatera Utara,9,1,0,8,105,21,12,72
2020-04-26,Sumatera Utara,6,0,7,-1,111,28,12,71
2020-04-27,Sumatera Utara,0,0,7,-7,111,35,12,64
2020-04-28,Sumatera Utara,0,1,0,-1,111,35,13,63
2020-04-29,Sumatera Utara,3,0,5,-2,114,40,13,61
2020-04-30,Sumatera Utara,3,1,1,1,117,41,14,62
2020-05-01,Sumatera Utara,0,0,0,0,117,41,14,62
2020-05-02,Sumatera Utara,0,0,0,0,117,41,14,62
2020-05-03,Sumatera Utara,6,0,0,6,123,41,14,68
2020-05-04,Sumatera Utara,6,0,0,6,129,41,14,74
2020-05-05,Sumatera Utara,1,0,2,-1,130,43,14,73
2020-05-06,Sumatera Utara,11,5,0,6,141,43,19,79
2020-05-07,Sumatera Utara,1,0,5,-4,142,48,19,75
2020-05-08,Sumatera Utara,15,0,0,15,157,48,19,90
2020-05-09,Sumatera Utara,22,5,0,17,179,48,24,107
2020-05-10,Sumatera Utara,0,0,0,0,179,48,24,107
2020-05-11,Sumatera Utara,17,3,0,14,196,48,27,121
2020-05-12,Sumatera Utara,2,0,5,-3,198,53,27,118
2020-05-13,Sumatera Utara,2,0,0,2,200,53,27,120
2020-05-14,Sumatera Utara,2,0,0,2,202,53,27,122
2020-05-15,Sumatera Utara,0,0,0,0,202,53,27,122
2020-05-16,Sumatera Utara,0,0,0,0,202,53,27,122
2020-05-17,Sumatera Utara,16,2,5,9,218,58,29,131
2020-05-18,Sumatera Utara,7,1,0,6,225,58,30,137
2020-05-19,Sumatera Utara,10,1,0,9,235,58,31,146
2020-05-20,Sumatera Utara,15,2,16,-3,250,74,33,143
2020-05-21,Sumatera Utara,23,1,0,22,273,74,34,165
2020-05-22,Sumatera Utara,12,1,28,-17,285,102,35,148
2020-05-23,Sumatera Utara,9,0,0,9,294,102,35,157
2020-05-24,Sumatera Utara,17,1,7,9,311,109,36,166
2020-05-25,Sumatera Utara,4,0,5,-1,315,114,36,165
2020-05-26,Sumatera Utara,0,0,0,0,315,114,36,165
2020-05-27,Sumatera Utara,17,1,2,14,332,116,37,179
2020-05-28,Sumatera Utara,30,1,2,27,362,118,38,206
2020-05-29,Sumatera Utara,38,0,0,38,400,118,38,244
2020-05-30,Sumatera Utara,6,4,5,-3,406,123,42,241
2020-05-31,Sumatera Utara,3,0,23,-20,409,146,42,221
2020-06-01,Sumatera Utara,8,0,3,5,417,149,42,226
2020-06-02,Sumatera Utara,1,0,2,-1,418,151,42,225
2020-06-03,Sumatera Utara,26,2,9,15,444,160,44,240
2020-06-04,Sumatera Utara,44,1,7,36,488,167,45,276
2020-06-05,Sumatera Utara,48,1,5,42,536,172,46,318
2020-06-06,Sumatera Utara,67,0,7,60,603,179,46,378
2020-06-07,Sumatera Utara,0,0,0,0,603,179,46,378
2020-06-08,Sumatera Utara,2,2,10,-10,605,189,48,368
2020-06-09,Sumatera Utara,12,4,0,8,617,189,52,376
2020-06-10,Sumatera Utara,18,1,4,13,635,193,53,389
2020-06-11,Sumatera Utara,45,3,12,30,680,205,56,419
2020-06-12,Sumatera Utara,83,1,0,82,763,205,57,501
2020-06-13,Sumatera Utara,98,2,0,96,861,205,59,597
2020-06-14,Sumatera Utara,8,0,7,1,869,212,59,598
2020-06-15,Sumatera Utara,63,5,4,54,932,216,64,652
2020-06-16,Sumatera Utara,25,2,6,17,957,222,66,669
2020-06-17,Sumatera Utara,13,0,5,8,970,227,66,677
2020-06-18,Sumatera Utara,23,0,7,16,993,234,66,693
2020-06-19,Sumatera Utara,31,0,16,15,1024,250,66,708
2020-06-20,Sumatera Utara,58,2,5,51,1082,255,68,759
2020-06-21,Sumatera Utara,13,2,4,7,1095,259,70,766
2020-06-22,Sumatera Utara,20,3,4,13,1115,263,73,779
2020-06-23,Sumatera Utara,116,3,3,110,1231,266,76,889
2020-06-24,Sumatera Utara,54,3,8,43,1285,274,79,932
2020-06-25,Sumatera Utara,69,3,18,48,1354,292,82,980
2020-06-26,Sumatera Utara,14,4,64,-54,1368,356,86,926
2020-06-27,Sumatera Utara,75,5,18,52,1443,374,91,978
2020-06-28,Sumatera Utara,22,0,10,12,1465,384,91,990
2020-06-29,Sumatera Utara,12,0,18,-6,1477,402,91,984
2020-06-30,Sumatera Utara,72,1,5,66,1549,407,92,1050
2020-07-01,Sumatera Utara,50,5,13,32,1599,420,97,1082
2020-07-02,Sumatera Utara,89,2,6,81,1688,426,99,1163
2020-07-03,Sumatera Utara,33,1,13,19,1721,439,100,1182
2020-07-04,Sumatera Utara,44,3,21,20,1765,460,103,1202
2020-07-05,Sumatera Utara,12,0,19,-7,1777,479,103,1195
2020-07-06,Sumatera Utara,19,4,7,8,1796,486,107,1203
2020-07-07,Sumatera Utara,24,1,9,14,1820,495,108,1217
2020-07-08,Sumatera Utara,155,1,10,144,1975,505,109,1361
2020-07-09,Sumatera Utara,109,5,12,92,2084,517,114,1453
2020-07-10,Sumatera Utara,108,1,12,95,2192,529,115,1548
2020-07-11,Sumatera Utara,88,4,16,68,2280,545,119,1616
2020-07-12,Sumatera Utara,39,4,22,13,2319,567,123,1629
2020-07-13,Sumatera Utara,46,2,13,31,2365,580,125,1660
2020-07-14,Sumatera Utara,130,5,20,105,2495,600,130,1765
2020-07-15,Sumatera Utara,96,0,8,88,2591,608,130,1853
2020-07-16,Sumatera Utara,98,5,29,64,2689,637,135,1917
2020-07-17,Sumatera Utara,83,7,21,55,2772,658,142,1972
2020-07-18,Sumatera Utara,149,3,39,107,2921,697,145,2079
2020-07-19,Sumatera Utara,14,1,25,-12,2935,722,146,2067
2020-07-20,Sumatera Utara,15,3,49,-37,2950,771,149,2030
2020-07-21,Sumatera Utara,42,4,30,8,2992,801,153,2038
2020-07-22,Sumatera Utara,166,7,26,133,3158,827,160,2171
2020-07-23,Sumatera Utara,104,8,16,80,3262,843,168,2251
2020-07-24,Sumatera Utara,56,3,33,20,3318,876,171,2271
2020-07-25,Sumatera Utara,52,3,24,25,3370,900,174,2296
2020-07-26,Sumatera Utara,20,4,19,-3,3390,919,178,2293
2020-07-27,Sumatera Utara,48,1,13,34,3438,932,179,2327
2020-07-28,Sumatera Utara,80,1,18,61,3518,950,180,2388
2020-07-29,Sumatera Utara,241,3,30,208,3759,980,183,2596
2020-07-30,Sumatera Utara,68,4,268,-204,3827,1248,187,2392
2020-07-31,Sumatera Utara,104,5,106,-7,3931,1354,192,2385
2020-08-01,Sumatera Utara,31,1,131,-101,3962,1485,193,2284
2020-08-02,Sumatera Utara,174,8,129,37,4136,1614,201,2321
2020-08-03,Sumatera Utara,57,2,39,16,4193,1653,203,2337
2020-08-04,Sumatera Utara,68,6,64,-2,4261,1717,209,2335
2020-08-05,Sumatera Utara,130,2,74,54,4391,1791,211,2389
2020-08-06,Sumatera Utara,86,1,69,16,4477,1860,212,2405
2020-08-07,Sumatera Utara,216,9,52,155,4693,1912,221,2560
2020-08-08,Sumatera Utara,101,1,124,-24,4794,2036,222,2536
2020-08-09,Sumatera Utara,25,2,35,-12,4819,2071,224,2524
2020-08-10,Sumatera Utara,129,1,27,101,4948,2098,225,2625
2020-08-11,Sumatera Utara,207,4,40,163,5155,2138,229,2788
2020-08-12,Sumatera Utara,109,2,51,56,5264,2189,231,2844
2020-08-13,Sumatera Utara,94,5,148,-59,5358,2337,236,2785
2020-08-14,Sumatera Utara,69,4,101,-36,5427,2438,240,2749
2020-08-15,Sumatera Utara,195,3,73,119,5622,2511,243,2868
2020-08-16,Sumatera Utara,51,2,102,-53,5673,2613,245,2815
2020-08-17,Sumatera Utara,17,3,46,-32,5690,2659,248,2783
2020-08-18,Sumatera Utara,130,8,81,41,5820,2740,256,2824
2020-08-19,Sumatera Utara,78,3,94,-19,5898,2834,259,2805
2020-08-20,Sumatera Utara,59,9,80,-30,5957,2914,268,2775
2020-08-21,Sumatera Utara,21,2,70,-51,5978,2984,270,2724
2020-08-22,Sumatera Utara,73,6,80,-13,6051,3064,276,2711
2020-08-23,Sumatera Utara,78,3,75,0,6129,3139,279,2711
2020-08-24,Sumatera Utara,37,6,65,-34,6166,3204,285,2677
2020-08-25,Sumatera Utara,134,2,107,25,6300,3311,287,2702
2020-08-26,Sumatera Utara,137,2,129,6,6437,3440,289,2708
2020-08-27,Sumatera Utara,104,6,117,-19,6541,3557,295,2689
2020-08-28,Sumatera Utara,86,7,133,-54,6627,3690,302,2635
2020-08-29,Sumatera Utara,103,6,112,-15,6730,3802,308,2620
2020-08-30,Sumatera Utara,39,3,102,-66,6769,3904,311,2554
2020-08-31,Sumatera Utara,58,3,60,-5,6827,3964,314,2549
2020-09-01,Sumatera Utara,115,4,99,12,6942,4063,318,2561
2020-09-02,Sumatera Utara,182,2,105,75,7124,4168,320,2636
2020-09-03,Sumatera Utara,141,3,111,27,7265,4279,323,2663
2020-09-04,Sumatera Utara,125,4,55,66,7390,4334,327,2729
2020-09-05,Sumatera Utara,162,6,114,42,7552,4448,333,2771
2020-09-06,Sumatera Utara,81,2,103,-24,7633,4551,335,2747
2020-09-07,Sumatera Utara,92,4,93,-5,7725,4644,339,2742
2020-09-08,Sumatera Utara,107,3,86,18,7832,4730,342,2760
2020-09-09,Sumatera Utara,132,1,91,40,7964,4821,343,2800
2020-09-10,Sumatera Utara,146,3,61,82,8110,4882,346,2882
2020-09-11,Sumatera Utara,131,3,75,53,8241,4957,349,2935
2020-09-12,Sumatera Utara,121,6,83,32,8362,5040,355,2967
2020-09-13,Sumatera Utara,103,0,64,39,8465,5104,355,3006
2020-09-14,Sumatera Utara,94,6,57,31,8559,5161,361,3037
2020-09-15,Sumatera Utara,249,6,90,153,8808,5251,367,3190
2020-09-16,Sumatera Utara,126,4,66,56,8934,5317,371,3246
2020-09-17,Sumatera Utara,117,8,71,38,9051,5388,379,3284
2020-09-18,Sumatera Utara,125,10,71,44,9176,5459,389,3328
2020-09-19,Sumatera Utara,97,5,76,16,9273,5535,394,3344
2020-09-20,Sumatera Utara,95,5,94,-4,9368,5629,399,3340
2020-09-21,Sumatera Utara,100,2,77,21,9468,5706,401,3361
2020-09-22,Sumatera Utara,98,1,44,53,9566,5750,402,3414
2020-09-23,Sumatera Utara,87,5,115,-33,9653,5865,407,3381
2020-09-24,Sumatera Utara,96,3,139,-46,9749,6004,410,3335
2020-09-25,Sumatera Utara,94,5,100,-11,9843,6104,415,3324
2020-09-26,Sumatera Utara,98,2,153,-57,9941,6257,417,3267
2020-09-27,Sumatera Utara,97,3,180,-86,10038,6437,420,3181
2020-09-28,Sumatera Utara,85,4,194,-113,10123,6631,424,3068
2020-09-29,Sumatera Utara,88,2,172,-86,10211,6803,426,2982
2020-09-30,Sumatera Utara,102,4,170,-72,10313,6973,430,2910
2020-10-01,Sumatera Utara,111,4,153,-46,10424,7126,434,2864
2020-10-02,Sumatera Utara,89,2,180,-93,10513,7306,436,2771
2020-10-03,Sumatera Utara,86,2,129,-45,10599,7435,438,2726
2020-10-04,Sumatera Utara,83,5,110,-32,10682,7545,443,2694
2020-10-05,Sumatera Utara,89,3,121,-35,10771,7666,446,2659
2020-10-06,Sumatera Utara,98,2,204,-108,10869,7870,448,2551
2020-10-07,Sumatera Utara,96,5,178,-87,10965,8048,453,2464
2020-10-08,Sumatera Utara,99,7,189,-97,11064,8237,460,2367
2020-10-09,Sumatera Utara,95,2,163,-70,11159,8400,462,2297
2020-10-10,Sumatera Utara,88,0,149,-61,11247,8549,462,2236
2020-10-11,Sumatera Utara,85,6,158,-79,11332,8707,468,2157
2020-10-12,Sumatera Utara,87,5,174,-92,11419,8881,473,2065
2020-10-13,Sumatera Utara,89,7,134,-52,11508,9015,480,2013
2020-10-14,Sumatera Utara,88,5,161,-78,11596,9176,485,1935
2020-10-15,Sumatera Utara,90,4,110,-24,11686,9286,489,1911
2020-10-16,Sumatera Utara,89,3,111,-25,11775,9397,492,1886
2020-10-17,Sumatera Utara,86,5,100,-19,11861,9497,497,1867
2020-10-18,Sumatera Utara,83,2,106,-25,11944,9603,499,1842
2020-10-19,Sumatera Utara,91,4,118,-31,12035,9721,503,1811
2020-10-20,Sumatera Utara,90,4,93,-7,12125,9814,507,1804
2020-10-21,Sumatera Utara,87,3,80,4,12212,9894,510,1808
2020-10-22,Sumatera Utara,83,3,84,-4,12295,9978,513,1804
2020-10-23,Sumatera Utara,91,1,72,18,12386,10050,514,1822
2020-10-24,Sumatera Utara,84,0,78,6,12470,10128,514,1828
2020-10-25,Sumatera Utara,90,2,75,13,12560,10203,516,1841
2020-10-26,Sumatera Utara,93,7,85,1,12653,10288,523,1842
2020-10-27,Sumatera Utara,90,1,92,-3,12743,10380,524,1839
2020-10-28,Sumatera Utara,92,2,88,2,12835,10468,526,1841
2020-10-29,Sumatera Utara,83,2,82,-1,12918,10550,528,1840
2020-10-30,Sumatera Utara,89,1,74,14,13007,10624,529,1854
2020-10-31,Sumatera Utara,93,4,90,-1,13100,10714,533,1853
2020-11-01,Sumatera Utara,91,3,72,16,13191,10786,536,1869
2020-11-02,Sumatera Utara,79,6,69,4,13270,10855,542,1873
2020-11-03,Sumatera Utara,78,4,72,2,13348,10927,546,1875
2020-11-04,Sumatera Utara,79,6,75,-2,13427,11002,552,1873
2020-11-05,Sumatera Utara,77,4,63,10,13504,11065,556,1883
2020-11-06,Sumatera Utara,78,4,60,14,13582,11125,560,1897
2020-11-07,Sumatera Utara,76,2,63,11,13658,11188,562,1908
2020-11-08,Sumatera Utara,78,2,58,18,13736,11246,564,1926
2020-11-09,Sumatera Utara,75,2,64,9,13811,11310,566,1935
2020-11-10,Sumatera Utara,72,3,66,3,13883,11376,569,1938
2020-11-11,Sumatera Utara,80,1,60,19,13963,11436,570,1957
2020-11-12,Sumatera Utara,79,2,77,0,14042,11513,572,1957
2020-11-13,Sumatera Utara,88,6,63,19,14130,11576,578,1976
2020-11-14,Sumatera Utara,77,1,59,17,14207,11635,579,1993
2020-11-15,Sumatera Utara,85,0,68,17,14292,11703,579,2010
2020-11-16,Sumatera Utara,118,4,106,8,14410,11809,583,2018
2020-11-17,Sumatera Utara,101,1,105,-5,14511,11914,584,2013
2020-11-18,Sumatera Utara,85,2,72,11,14596,11986,586,2024
2020-11-19,Sumatera Utara,79,2,77,0,14675,12063,588,2024
2020-11-20,Sumatera Utara,79,1,71,7,14754,12134,589,2031
2020-11-21,Sumatera Utara,76,3,77,-4,14830,12211,592,2027
2020-11-22,Sumatera Utara,74,3,69,2,14904,12280,595,2029
2020-11-23,Sumatera Utara,84,0,81,3,14988,12361,595,2032
2020-11-24,Sumatera Utara,81,2,78,1,15069,12439,597,2033
2020-11-25,Sumatera Utara,84,3,81,0,15153,12520,600,2033
2020-11-26,Sumatera Utara,82,0,75,7,15235,12595,600,2040
2020-11-27,Sumatera Utara,92,4,87,1,15327,12682,604,2041
2020-11-28,Sumatera Utara,93,5,91,-3,15420,12773,609,2038
2020-11-29,Sumatera Utara,88,3,78,7,15508,12851,612,2045
2020-11-30,Sumatera Utara,77,3,69,5,15585,12920,615,2050
2020-12-01,Sumatera Utara,86,2,83,1,15671,13003,617,2051
2020-12-02,Sumatera Utara,88,2,77,9,15759,13080,619,2060
2020-12-03,Sumatera Utara,86,4,80,2,15845,13160,623,2062
2020-12-04,Sumatera Utara,79,2,81,-4,15924,13241,625,2058
2020-12-05,Sumatera Utara,78,1,77,0,16002,13318,626,2058
2020-12-06,Sumatera Utara,87,3,83,1,16089,13401,629,2059
2020-12-07,Sumatera Utara,85,3,80,2,16174,13481,632,2061
2020-12-08,Sumatera Utara,87,1,81,5,16261,13562,633,2066
2020-12-09,Sumatera Utara,80,1,74,5,16341,13636,634,2071
2020-12-10,Sumatera Utara,83,3,81,-1,16424,13717,637,2070
2020-12-11,Sumatera Utara,82,2,76,4,16506,13793,639,2074
2020-12-12,Sumatera Utara,87,1,81,5,16593,13874,640,2079
2020-12-13,Sumatera Utara,89,0,83,6,16682,13957,640,2085
2020-12-14,Sumatera Utara,87,4,81,2,16769,14038,644,2087
2020-12-15,Sumatera Utara,74,1,75,-2,16843,14113,645,2085
2020-12-16,Sumatera Utara,79,0,78,1,16922,14191,645,2086
2020-12-17,Sumatera Utara,84,1,81,2,17006,14272,646,2088
2020-12-18,Sumatera Utara,89,1,75,13,17095,14347,647,2101
2020-12-19,Sumatera Utara,86,2,81,3,17181,14428,649,2104
2020-12-20,Sumatera Utara,82,4,83,-5,17263,14511,653,2099
2020-12-21,Sumatera Utara,90,2,84,4,17353,14595,655,2103
2020-12-22,Sumatera Utara,73,5,76,-8,17426,14671,660,2095
2020-12-23,Sumatera Utara,76,4,87,-15,17502,14758,664,2080
2020-12-24,Sumatera Utara,80,5,81,-6,17582,14839,669,2074
2020-12-25,Sumatera Utara,75,1,79,-5,17657,14918,670,2069
2020-12-26,Sumatera Utara,75,0,74,1,17732,14992,670,2070
2020-12-27,Sumatera Utara,78,2,80,-4,17810,15072,672,2066
2020-12-28,Sumatera Utara,82,2,83,-3,17892,15155,674,2063
2020-12-29,Sumatera Utara,85,1,82,2,17977,15237,675,2065
2020-12-30,Sumatera Utara,89,4,84,1,18066,15321,679,2066
2020-12-31,Sumatera Utara,83,0,82,1,18149,15403,679,2067
2021-01-01,Sumatera Utara,84,2,89,-7,18233,15492,681,2060
2021-01-02,Sumatera Utara,86,2,82,2,18319,15574,683,2062
2021-01-03,Sumatera Utara,89,0,84,5,18408,15658,683,2067
2021-01-04,Sumatera Utara,92,1,88,3,18500,15746,684,2070
2021-01-05,Sumatera Utara,86,2,83,1,18586,15829,686,2071
2021-01-06,Sumatera Utara,87,3,89,-5,18673,15918,689,2066
2021-01-07,Sumatera Utara,83,2,84,-3,18756,16002,691,2063
2021-01-08,Sumatera Utara,92,4,80,8,18848,16082,695,2071
2021-01-09,Sumatera Utara,89,1,91,-3,18937,16173,696,2068
2021-01-10,Sumatera Utara,90,1,86,3,19027,16259,697,2071
2021-01-11,Sumatera Utara,95,3,89,3,19122,16348,700,2074
2021-01-12,Sumatera Utara,90,1,95,-6,19212,16443,701,2068
2021-01-13,Sumatera Utara,96,4,91,1,19308,16534,705,2069
2021-01-14,Sumatera Utara,89,2,93,-6,19397,16627,707,2063
2021-01-15,Sumatera Utara,98,0,83,15,19495,16710,707,2078
2021-01-16,Sumatera Utara,74,1,83,-10,19569,16793,708,2068
2021-01-17,Sumatera Utara,78,3,89,-14,19647,16882,711,2054
2021-01-18,Sumatera Utara,74,4,85,-15,19721,16967,715,2039
2021-01-19,Sumatera Utara,78,1,86,-9,19799,17053,716,2030
2021-01-20,Sumatera Utara,80,2,90,-12,19879,17143,718,2018
2021-01-21,Sumatera Utara,83,1,80,2,19962,17223,719,2020
2021-01-22,Sumatera Utara,84,4,86,-6,20046,17309,723,2014
2021-01-23,Sumatera Utara,87,1,83,3,20133,17392,724,2017
2021-01-24,Sumatera Utara,88,2,81,5,20221,17473,726,2022
2021-01-25,Sumatera Utara,92,4,85,3,20313,17558,730,2025
2021-01-26,Sumatera Utara,90,2,89,-1,20403,17647,732,2024
2021-01-27,Sumatera Utara,93,3,90,0,20496,17737,735,2024
2021-01-28,Sumatera Utara,95,3,81,11,20591,17818,738,2035
2021-01-29,Sumatera Utara,91,2,89,0,20682,17907,740,2035
2021-01-30,Sumatera Utara,92,2,77,13,20774,17984,742,2048
2021-01-31,Sumatera Utara,91,1,88,2,20865,18072,743,2050
2021-02-01,Sumatera Utara,97,2,92,3,20962,18164,745,2053
2021-02-02,Sumatera Utara,136,3,101,32,21098,18265,748,2085
2021-02-03,Sumatera Utara,135,5,104,26,21233,18369,753,2111
2021-02-04,Sumatera Utara,126,3,112,11,21359,18481,756,2122
2021-02-05,Sumatera Utara,115,4,109,2,21474,18590,760,2124
2021-02-06,Sumatera Utara,99,2,107,-10,21573,18697,762,2114
2021-02-07,Sumatera Utara,169,0,140,29,21742,18837,762,2143
2021-02-08,Sumatera Utara,146,3,121,22,21888,18958,765,2165
2021-02-09,Sumatera Utara,174,2,138,34,22062,19096,767,2199
2021-02-10,Sumatera Utara,224,4,104,116,22286,19200,771,2315
2021-02-11,Sumatera Utara,131,2,113,16,22417,19313,773,2331
2021-02-12,Sumatera Utara,168,4,104,60,22585,19417,777,2391
2021-02-13,Sumatera Utara,154,0,105,49,22739,19522,777,2440
2021-02-14,Sumatera Utara,126,4,107,15,22865,19629,781,2455
2021-02-15,Sumatera Utara,134,5,117,12,22999,19746,786,2467
2021-02-16,Sumatera Utara,109,3,71,35,23108,19817,789,2502
2021-02-17,Sumatera Utara,128,5,174,-51,23236,19991,794,2451
2021-02-18,Sumatera Utara,99,4,149,-54,23335,20140,798,2397
2021-02-19,Sumatera Utara,127,5,116,6,23462,20256,803,2403
2021-02-20,Sumatera Utara,99,2,117,-20,23561,20373,805,2383
2021-02-21,Sumatera Utara,97,3,98,-4,23658,20471,808,2379
2021-02-22,Sumatera Utara,97,5,106,-14,23755,20577,813,2365
2021-02-23,Sumatera Utara,139,6,107,26,23894,20684,819,2391
2021-02-24,Sumatera Utara,122,1,100,21,24016,20784,820,2412
2021-02-25,Sumatera Utara,153,4,107,42,24169,20891,824,2454
2021-02-26,Sumatera Utara,130,5,116,9,24299,21007,829,2463
2021-02-27,Sumatera Utara,119,3,118,-2,24418,21125,832,2461
2021-02-28,Sumatera Utara,110,5,107,-2,24528,21232,837,2459
2021-03-01,Sumatera Utara,138,1,100,37,24666,21332,838,2496
2021-03-02,Sumatera Utara,129,3,108,18,24795,21440,841,2514
2021-03-03,Sumatera Utara,134,4,119,11,24929,21559,845,2525
2021-03-04,Sumatera Utara,136,2,116,18,25065,21675,847,2543
2021-03-05,Sumatera Utara,99,4,128,-33,25164,21803,851,2510
2021-03-06,Sumatera Utara,87,3,90,-6,25251,21893,854,2504
2021-03-07,Sumatera Utara,78,2,88,-12,25329,21981,856,2492
2021-03-08,Sumatera Utara,94,3,97,-6,25423,22078,859,2486
2021-03-09,Sumatera Utara,98,6,91,1,25521,22169,865,2487
2021-03-10,Sumatera Utara,90,0,86,4,25611,22255,865,2491
2021-03-11,Sumatera Utara,92,2,93,-3,25703,22348,867,2488
2021-03-12,Sumatera Utara,83,4,79,0,25786,22427,871,2488
2021-03-13,Sumatera Utara,91,2,86,3,25877,22513,873,2491
2021-03-14,Sumatera Utara,88,3,90,-5,25965,22603,876,2486
2021-03-15,Sumatera Utara,102,5,92,5,26067,22695,881,2491
2021-03-16,Sumatera Utara,79,2,85,-8,26146,22780,883,2483
2021-03-17,Sumatera Utara,88,5,92,-9,26234,22872,888,2474
2021-03-18,Sumatera Utara,87,1,86,0,26321,22958,889,2474
2021-03-19,Sumatera Utara,85,2,98,-15,26406,23056,891,2459
2021-03-20,Sumatera Utara,86,3,83,0,26492,23139,894,2459
2021-03-21,Sumatera Utara,53,3,60,-10,26545,23199,897,2449
2021-03-22,Sumatera Utara,85,2,81,2,26630,23280,899,2451
2021-03-23,Sumatera Utara,97,0,71,26,26727,23351,899,2477
2021-03-24,Sumatera Utara,91,1,74,16,26818,23425,900,2493
2021-03-25,Sumatera Utara,74,0,95,-21,26892,23520,900,2472
2021-03-26,Sumatera Utara,79,1,80,-2,26971,23600,901,2470
2021-03-27,Sumatera Utara,80,3,76,1,27051,23676,904,2471
2021-03-28,Sumatera Utara,69,2,86,-19,27120,23762,906,2452
2021-03-29,Sumatera Utara,74,1,78,-5,27194,23840,907,2447
2021-03-30,Sumatera Utara,69,2,73,-6,27263,23913,909,2441
2021-03-31,Sumatera Utara,95,3,92,0,27358,24005,912,2441
2021-04-01,Sumatera Utara,65,2,74,-11,27423,24079,914,2430
2021-04-02,Sumatera Utara,61,1,81,-21,27484,24160,915,2409
2021-04-03,Sumatera Utara,64,3,78,-17,27548,24238,918,2392
2021-04-04,Sumatera Utara,73,1,82,-10,27621,24320,919,2382
2021-04-05,Sumatera Utara,74,0,75,-1,27695,24395,919,2381
2021-04-06,Sumatera Utara,77,5,74,-2,27772,24469,924,2379
2021-04-07,Sumatera Utara,76,1,96,-21,27848,24565,925,2358
2021-04-08,Sumatera Utara,71,2,81,-12,27919,24646,927,2346
2021-04-09,Sumatera Utara,79,1,77,1,27998,24723,928,2347
2021-04-10,Sumatera Utara,78,2,84,-8,28076,24807,930,2339
2021-04-11,Sumatera Utara,75,2,73,0,28151,24880,932,2339
2021-04-12,Sumatera Utara,69,3,76,-10,28220,24956,935,2329
2021-04-13,Sumatera Utara,67,2,70,-5,28287,25026,937,2324
2021-04-14,Sumatera Utara,60,3,71,-14,28347,25097,940,2310
2021-04-15,Sumatera Utara,68,1,74,-7,28415,25171,941,2303
2021-04-16,Sumatera Utara,66,3,68,-5,28481,25239,944,2298
2021-04-17,Sumatera Utara,63,1,74,-12,28544,25313,945,2286
2021-04-18,Sumatera Utara,61,1,69,-9,28605,25382,946,2277
2021-04-19,Sumatera Utara,69,3,61,5,28674,25443,949,2282
2021-04-20,Sumatera Utara,67,2,67,-2,28741,25510,951,2280
2021-04-21,Sumatera Utara,68,1,60,7,28809,25570,952,2287
2021-04-22,Sumatera Utara,66,1,66,-1,28875,25636,953,2286
2021-04-23,Sumatera Utara,65,5,64,-4,28940,25700,958,2282
2021-04-24,Sumatera Utara,64,0,56,8,29004,25756,958,2290
2021-04-25,Sumatera Utara,62,4,65,-7,29066,25821,962,2283
2021-04-26,Sumatera Utara,69,1,60,8,29135,25881,963,2291
2021-04-27,Sumatera Utara,63,2,68,-7,29198,25949,965,2284
2021-04-28,Sumatera Utara,66,2,61,3,29264,26010,967,2287
2021-04-29,Sumatera Utara,67,1,58,8,29331,26068,968,2295
2021-04-30,Sumatera Utara,68,1,64,3,29399,26132,969,2298
2021-05-01,Sumatera Utara,59,4,56,-1,29458,26188,973,2297
2021-05-02,Sumatera Utara,64,2,59,3,29522,26247,975,2300
2021-05-03,Sumatera Utara,68,1,60,7,29590,26307,976,2307
2021-05-04,Sumatera Utara,63,0,65,-2,29653,26372,976,2305
2021-05-05,Sumatera Utara,71,2,64,5,29724,26436,978,2310
2021-05-06,Sumatera Utara,81,4,60,17,29805,26496,982,2327
2021-05-07,Sumatera Utara,95,1,76,18,29900,26572,983,2345
2021-05-08,Sumatera Utara,82,3,73,6,29982,26645,986,2351
2021-05-09,Sumatera Utara,76,2,75,-1,30058,26720,988,2350
2021-05-10,Sumatera Utara,89,4,80,5,30147,26800,992,2355
2021-05-11,Sumatera Utara,83,2,73,8,30230,26873,994,2363
2021-05-12,Sumatera Utara,78,3,77,-2,30308,26950,997,2361
2021-05-13,Sumatera Utara,82,1,70,11,30390,27020,998,2372
2021-05-14,Sumatera Utara,86,2,67,17,30476,27087,1000,2389
2021-05-15,Sumatera Utara,76,3,76,-3,30552,27163,1003,2386
2021-05-16,Sumatera Utara,80,4,73,3,30632,27236,1007,2389
2021-05-17,Sumatera Utara,91,2,64,25,30723,27300,1009,2414
2021-05-18,Sumatera Utara,95,2,101,-8,30818,27401,1011,2406
2021-05-19,Sumatera Utara,92,1,112,-21,30910,27513,1012,2385
2021-05-20,Sumatera Utara,98,1,83,14,31008,27596,1013,2399
2021-05-21,Sumatera Utara,97,4,109,-16,31105,27705,1017,2383
2021-05-22,Sumatera Utara,87,6,76,5,31192,27781,1023,2388
2021-05-23,Sumatera Utara,84,3,68,13,31276,27849,1026,2401
2021-05-24,Sumatera Utara,99,2,96,1,31375,27945,1028,2402
2021-05-25,Sumatera Utara,97,4,73,20,31472,28018,1032,2422
2021-05-26,Sumatera Utara,85,3,78,4,31557,28096,1035,2426
2021-05-27,Sumatera Utara,95,2,114,-21,31652,28210,1037,2405
2021-05-28,Sumatera Utara,89,3,77,9,31741,28287,1040,2414
2021-05-29,Sumatera Utara,82,5,81,-4,31823,28368,1045,2410
2021-05-30,Sumatera Utara,72,1,71,0,31895,28439,1046,2410
2021-05-31,Sumatera Utara,98,6,83,9,31993,28522,1052,2419
2021-06-01,Sumatera Utara,95,1,79,15,32088,28601,1053,2434
2021-06-02,Sumatera Utara,93,0,84,9,32181,28685,1053,2443
2021-06-03,Sumatera Utara,96,0,98,-2,32277,28783,1053,2441
2021-06-04,Sumatera Utara,97,5,76,16,32374,28859,1058,2457
2021-06-05,Sumatera Utara,80,7,77,-4,32454,28936,1065,2453
2021-06-06,Sumatera Utara,74,3,89,-18,32528,29025,1068,2435
2021-06-07,Sumatera Utara,99,6,96,-3,32627,29121,1074,2432
2021-06-08,Sumatera Utara,95,3,102,-10,32722,29223,1077,2422
2021-06-09,Sumatera Utara,93,5,88,0,32815,29311,1082,2422
2021-06-10,Sumatera Utara,211,4,88,119,33026,29399,1086,2541
2021-06-11,Sumatera Utara,115,6,103,6,33141,29502,1092,2547
2021-06-12,Sumatera Utara,99,3,93,3,33240,29595,1095,2550
2021-06-13,Sumatera Utara,73,7,97,-31,33313,29692,1102,2519
2021-06-14,Sumatera Utara,193,9,120,64,33506,29812,1111,2583
2021-06-15,Sumatera Utara,121,5,115,1,33627,29927,1116,2584
2021-06-16,Sumatera Utara,136,6,97,33,33763,30024,1122,2617
2021-06-17,Sumatera Utara,162,9,107,46,33925,30131,1131,2663
2021-06-18,Sumatera Utara,137,7,121,9,34062,30252,1138,2672
2021-06-19,Sumatera Utara,122,6,110,6,34184,30362,1144,2678
2021-06-20,Sumatera Utara,108,1,124,-17,34292,30486,1145,2661
2021-06-21,Sumatera Utara,280,3,139,138,34572,30625,1148,2799
2021-06-22,Sumatera Utara,298,10,183,105,34870,30808,1158,2904
2021-06-23,Sumatera Utara,146,6,171,-31,35016,30979,1164,2873
2021-06-24,Sumatera Utara,185,7,166,12,35201,31145,1171,2885
2021-06-25,Sumatera Utara,190,1,165,24,35391,31310,1172,2909
2021-06-26,Sumatera Utara,220,3,135,82,35611,31445,1175,2991
2021-06-27,Sumatera Utara,119,5,117,-3,35730,31562,1180,2988
2021-06-28,Sumatera Utara,208,3,174,31,35938,31736,1183,3019
2021-06-29,Sumatera Utara,146,2,260,-116,36084,31996,1185,2903
2021-06-30,Sumatera Utara,189,5,136,48,36273,32132,1190,2951
2021-07-01,Sumatera Utara,174,4,196,-26,36447,32328,1194,2925
2021-07-02,Sumatera Utara,119,3,137,-21,36566,32465,1197,2904
2021-07-03,Sumatera Utara,149,3,154,-8,36715,32619,1200,2896
2021-07-04,Sumatera Utara,132,5,128,-1,36847,32747,1205,2895
2021-07-05,Sumatera Utara,136,4,136,-4,36983,32883,1209,2891
2021-07-06,Sumatera Utara,256,9,300,-53,37239,33183,1218,2838
2021-07-07,Sumatera Utara,190,3,142,45,37429,33325,1221,2883
2021-07-08,Sumatera Utara,275,6,199,70,37704,33524,1227,2953
2021-07-09,Sumatera Utara,336,5,241,90,38040,33765,1232,3043
2021-07-10,Sumatera Utara,284,6,161,117,38324,33926,1238,3160
2021-07-11,Sumatera Utara,282,5,149,128,38606,34075,1243,3288
2021-07-12,Sumatera Utara,344,11,163,170,38950,34238,1254,3458
2021-07-13,Sumatera Utara,810,10,203,597,39760,34441,1264,4055
2021-07-14,Sumatera Utara,896,12,165,719,40656,34606,1276,4774
2021-07-15,Sumatera Utara,1129,15,174,940,41785,34780,1291,5714
2021-07-16,Sumatera Utara,936,9,175,752,42721,34955,1300,6466
2021-07-17,Sumatera Utara,1004,12,207,785,43725,35162,1312,7251
2021-07-18,Sumatera Utara,814,14,217,583,44539,35379,1326,7834
2021-07-19,Sumatera Utara,611,8,202,401,45150,35581,1334,8235
2021-07-20,Sumatera Utara,903,19,172,712,46053,35753,1353,8947
2021-07-21,Sumatera Utara,951,4,200,747,47004,35953,1357,9694
2021-07-22,Sumatera Utara,1235,3,323,909,48239,36276,1360,10603
2021-07-23,Sumatera Utara,1521,3,397,1121,49760,36673,1363,11724
2021-07-24,Sumatera Utara,1276,2,654,620,51036,37327,1365,12344
2021-07-25,Sumatera Utara,1031,20,396,615,52067,37723,1385,12959
2021-07-26,Sumatera Utara,1028,9,511,508,53095,38234,1394,13467
2021-07-27,Sumatera Utara,1408,17,550,841,54503,38784,1411,14308
2021-07-28,Sumatera Utara,1588,23,535,1030,56091,39319,1434,15338
2021-07-29,Sumatera Utara,1588,13,409,1166,57679,39728,1447,16504
2021-07-30,Sumatera Utara,1425,14,417,994,59104,40145,1461,17498
2021-07-31,Sumatera Utara,1417,11,349,1057,60521,40494,1472,18555
2021-08-01,Sumatera Utara,1179,31,405,743,61700,40899,1503,19298
2020-03-26,Sumatera Barat,3,0,0,3,3,0,0,3
2020-03-27,Sumatera Barat,2,0,0,2,5,0,0,5
2020-03-28,Sumatera Barat,0,0,0,0,5,0,0,5
2020-03-29,Sumatera Barat,0,0,0,0,5,0,0,5
2020-03-30,Sumatera Barat,3,0,0,3,8,0,0,8
2020-03-31,Sumatera Barat,0,0,0,0,8,0,0,8
2020-04-01,Sumatera Barat,0,0,0,0,8,0,0,8
2020-04-02,Sumatera Barat,0,0,0,0,8,0,0,8
2020-04-03,Sumatera Barat,0,0,0,0,8,0,0,8
2020-04-04,Sumatera Barat,0,0,0,0,8,0,0,8
2020-04-05,Sumatera Barat,0,0,0,0,8,0,0,8
2020-04-06,Sumatera Barat,10,0,0,10,18,0,0,18
2020-04-07,Sumatera Barat,0,0,0,0,18,0,0,18
2020-04-08,Sumatera Barat,0,0,0,0,18,0,0,18
2020-04-09,Sumatera Barat,0,0,0,0,18,0,0,18
2020-04-10,Sumatera Barat,13,3,5,5,31,5,3,23
2020-04-11,Sumatera Barat,0,0,0,0,31,5,3,23
2020-04-12,Sumatera Barat,13,0,1,12,44,6,3,35
2020-04-13,Sumatera Barat,1,0,0,1,45,6,3,36
2020-04-14,Sumatera Barat,3,1,0,2,48,6,4,38
2020-04-15,Sumatera Barat,7,0,1,6,55,7,4,44
2020-04-16,Sumatera Barat,0,0,0,0,55,7,4,44
2020-04-17,Sumatera Barat,7,2,3,2,62,10,6,46
2020-04-18,Sumatera Barat,9,1,2,6,71,12,7,52
2020-04-19,Sumatera Barat,1,0,0,1,72,12,7,53
2020-04-20,Sumatera Barat,2,0,1,1,74,13,7,54
2020-04-21,Sumatera Barat,2,1,0,1,76,13,8,55
2020-04-22,Sumatera Barat,5,1,0,4,81,13,9,59
2020-04-23,Sumatera Barat,5,0,3,2,86,16,9,61
2020-04-24,Sumatera Barat,10,1,1,8,96,17,10,69
2020-04-25,Sumatera Barat,1,1,4,-4,97,21,11,65
2020-04-26,Sumatera Barat,5,0,0,5,102,21,11,70
2020-04-27,Sumatera Barat,19,3,4,12,121,25,14,82
2020-04-28,Sumatera Barat,23,0,0,23,144,25,14,105
2020-04-29,Sumatera Barat,1,1,0,0,145,25,15,105
2020-04-30,Sumatera Barat,3,0,1,2,148,26,15,107
2020-05-01,Sumatera Barat,24,0,5,19,172,31,15,126
2020-05-02,Sumatera Barat,10,1,0,9,182,31,16,135
2020-05-03,Sumatera Barat,13,0,5,8,195,36,16,143
2020-05-04,Sumatera Barat,8,0,2,6,203,38,16,149
2020-05-05,Sumatera Barat,18,0,1,17,221,39,16,166
2020-05-06,Sumatera Barat,17,1,0,16,238,39,17,182
2020-05-07,Sumatera Barat,14,1,3,10,252,42,18,192
2020-05-08,Sumatera Barat,18,0,7,11,270,49,18,203
2020-05-09,Sumatera Barat,16,0,7,9,286,56,18,212
2020-05-10,Sumatera Barat,13,0,2,11,299,58,18,223
2020-05-11,Sumatera Barat,0,0,11,-11,299,69,18,212
2020-05-12,Sumatera Barat,20,1,3,16,319,72,19,228
2020-05-13,Sumatera Barat,20,1,13,6,339,85,20,234
2020-05-14,Sumatera Barat,32,2,3,27,371,88,22,261
2020-05-15,Sumatera Barat,22,0,3,19,393,91,22,280
2020-05-16,Sumatera Barat,3,1,3,-1,396,94,23,279
2020-05-17,Sumatera Barat,12,0,3,9,408,97,23,288
2020-05-18,Sumatera Barat,1,0,12,-11,409,109,23,277
2020-05-19,Sumatera Barat,11,0,10,1,420,119,23,278
2020-05-20,Sumatera Barat,8,1,28,-21,428,147,24,257
2020-05-21,Sumatera Barat,8,0,7,1,436,154,24,258
2020-05-22,Sumatera Barat,2,0,5,-3,438,159,24,255
2020-05-23,Sumatera Barat,5,1,20,-16,443,179,25,239
2020-05-24,Sumatera Barat,35,0,5,30,478,184,25,269
2020-05-25,Sumatera Barat,0,0,5,-5,478,189,25,264
2020-05-26,Sumatera Barat,32,0,22,10,510,211,25,274
2020-05-27,Sumatera Barat,27,1,28,-2,537,239,26,272
2020-05-28,Sumatera Barat,4,0,8,-4,541,247,26,268
2020-05-29,Sumatera Barat,0,0,6,-6,541,253,26,262
2020-05-30,Sumatera Barat,11,0,6,5,552,259,26,267
2020-05-31,Sumatera Barat,15,0,9,6,567,268,26,273
2020-06-01,Sumatera Barat,0,0,2,-2,567,270,26,271
2020-06-02,Sumatera Barat,7,0,5,2,574,275,26,273
2020-06-03,Sumatera Barat,9,0,5,4,583,280,26,277
2020-06-04,Sumatera Barat,11,0,35,-24,594,315,26,253
2020-06-05,Sumatera Barat,13,1,21,-9,607,336,27,244
2020-06-06,Sumatera Barat,11,0,3,8,618,339,27,252
2020-06-07,Sumatera Barat,8,0,4,4,626,343,27,256
2020-06-08,Sumatera Barat,0,0,11,-11,626,354,27,245
2020-06-09,Sumatera Barat,19,2,10,7,645,364,29,252
2020-06-10,Sumatera Barat,14,0,28,-14,659,392,29,238
2020-06-11,Sumatera Barat,2,0,3,-1,661,395,29,237
2020-06-12,Sumatera Barat,10,0,15,-5,671,410,29,232
2020-06-13,Sumatera Barat,3,0,4,-1,674,414,29,231
2020-06-14,Sumatera Barat,7,1,12,-6,681,426,30,225
2020-06-15,Sumatera Barat,0,0,0,0,681,426,30,225
2020-06-16,Sumatera Barat,6,0,36,-30,687,462,30,195
2020-06-17,Sumatera Barat,4,0,6,-2,691,468,30,193
2020-06-18,Sumatera Barat,5,0,17,-12,696,485,30,181
2020-06-19,Sumatera Barat,4,0,11,-7,700,496,30,174
2020-06-20,Sumatera Barat,3,0,4,-1,703,500,30,173
2020-06-21,Sumatera Barat,4,0,6,-2,707,506,30,171
2020-06-22,Sumatera Barat,0,0,2,-2,707,508,30,169
2020-06-23,Sumatera Barat,5,0,19,-14,712,527,30,155
2020-06-24,Sumatera Barat,3,0,15,-12,715,542,30,143
2020-06-25,Sumatera Barat,2,0,22,-20,717,564,30,123
2020-06-26,Sumatera Barat,3,1,10,-8,720,574,31,115
2020-06-27,Sumatera Barat,2,0,10,-8,722,584,31,107
2020-06-28,Sumatera Barat,3,0,6,-3,725,590,31,104
2020-06-29,Sumatera Barat,0,0,1,-1,725,591,31,103
2020-06-30,Sumatera Barat,1,0,12,-11,726,603,31,92
2020-07-01,Sumatera Barat,16,0,7,9,742,610,31,101
2020-07-02,Sumatera Barat,8,0,11,-3,750,621,31,98
2020-07-03,Sumatera Barat,10,0,4,6,760,625,31,104
2020-07-04,Sumatera Barat,2,0,2,0,762,627,31,104
2020-07-05,Sumatera Barat,13,0,1,12,775,628,31,116
2020-07-06,Sumatera Barat,0,0,2,-2,775,630,31,114
2020-07-07,Sumatera Barat,5,0,10,-5,780,640,31,109
2020-07-08,Sumatera Barat,0,1,10,-11,780,650,32,98
2020-07-09,Sumatera Barat,5,0,8,-3,785,658,32,95
2020-07-10,Sumatera Barat,6,0,6,0,791,664,32,95
2020-07-11,Sumatera Barat,3,0,5,-2,794,669,32,93
2020-07-12,Sumatera Barat,6,0,5,1,800,674,32,94
2020-07-13,Sumatera Barat,0,0,0,0,800,674,32,94
2020-07-14,Sumatera Barat,3,0,11,-8,803,685,32,86
2020-07-15,Sumatera Barat,2,0,5,-3,805,690,32,83
2020-07-16,Sumatera Barat,1,0,3,-2,806,693,32,81
2020-07-17,Sumatera Barat,7,0,2,5,813,695,32,86
2020-07-18,Sumatera Barat,4,0,5,-1,817,700,32,85
2020-07-19,Sumatera Barat,9,1,4,4,826,704,33,89
2020-07-20,Sumatera Barat,2,0,0,2,828,704,33,91
2020-07-21,Sumatera Barat,8,0,7,1,836,711,33,92
2020-07-22,Sumatera Barat,10,0,1,9,846,712,33,101
2020-07-23,Sumatera Barat,3,0,3,0,849,715,33,101
2020-07-24,Sumatera Barat,3,0,6,-3,852,721,33,98
2020-07-25,Sumatera Barat,12,0,13,-1,864,734,33,97
2020-07-26,Sumatera Barat,5,0,6,-1,869,740,33,96
2020-07-27,Sumatera Barat,0,0,3,-3,869,743,33,93
2020-07-28,Sumatera Barat,5,0,4,1,874,747,33,94
2020-07-29,Sumatera Barat,17,0,7,10,891,754,33,104
2020-07-30,Sumatera Barat,16,0,8,8,907,762,33,112
2020-07-31,Sumatera Barat,41,1,2,38,948,764,34,150
2020-08-01,Sumatera Barat,0,0,0,0,948,764,34,150
2020-08-02,Sumatera Barat,9,0,8,1,957,772,34,151
2020-08-03,Sumatera Barat,17,0,2,15,974,774,34,166
2020-08-04,Sumatera Barat,13,0,3,10,987,777,34,176
2020-08-05,Sumatera Barat,19,0,3,16,1006,780,34,192
2020-08-06,Sumatera Barat,32,0,12,20,1038,792,34,212
2020-08-07,Sumatera Barat,41,0,10,31,1079,802,34,243
2020-08-08,Sumatera Barat,23,0,5,18,1102,807,34,261
2020-08-09,Sumatera Barat,38,0,3,35,1140,810,34,296
2020-08-10,Sumatera Barat,36,0,9,27,1176,819,34,323
2020-08-11,Sumatera Barat,13,0,9,4,1189,828,34,327
2020-08-12,Sumatera Barat,27,2,11,14,1216,839,36,341
2020-08-13,Sumatera Barat,42,1,20,21,1258,859,37,362
2020-08-14,Sumatera Barat,42,1,15,26,1300,874,38,388
2020-08-15,Sumatera Barat,37,0,19,18,1337,893,38,406
2020-08-16,Sumatera Barat,13,2,8,3,1350,901,40,409
2020-08-17,Sumatera Barat,26,1,18,7,1376,919,41,416
2020-08-18,Sumatera Barat,37,2,4,31,1413,923,43,447
2020-08-19,Sumatera Barat,26,2,20,4,1439,943,45,451
2020-08-20,Sumatera Barat,44,0,19,25,1483,962,45,476
2020-08-21,Sumatera Barat,45,0,42,3,1528,1004,45,479
2020-08-22,Sumatera Barat,37,3,7,27,1565,1011,48,506
2020-08-23,Sumatera Barat,68,1,37,30,1633,1048,49,536
2020-08-24,Sumatera Barat,26,0,12,14,1659,1060,49,550
2020-08-25,Sumatera Barat,77,1,20,56,1736,1080,50,606
2020-08-26,Sumatera Barat,87,1,8,78,1823,1088,51,684
2020-08-27,Sumatera Barat,41,2,55,-16,1864,1143,53,668
2020-08-28,Sumatera Barat,26,2,11,13,1890,1154,55,681
2020-08-29,Sumatera Barat,88,0,8,80,1978,1162,55,761
2020-08-30,Sumatera Barat,90,1,39,50,2068,1201,56,811
2020-08-31,Sumatera Barat,89,0,27,62,2157,1228,56,873
2020-09-01,Sumatera Barat,83,0,19,64,2240,1247,56,937
2020-09-02,Sumatera Barat,88,0,66,22,2328,1313,56,959
2020-09-03,Sumatera Barat,44,0,21,23,2372,1334,56,982
2020-09-04,Sumatera Barat,65,3,70,-8,2437,1404,59,974
2020-09-05,Sumatera Barat,70,0,30,40,2507,1434,59,1014
2020-09-06,Sumatera Barat,244,1,23,220,2751,1457,60,1234
2020-09-07,Sumatera Barat,44,1,57,-14,2795,1514,61,1220
2020-09-08,Sumatera Barat,115,0,53,62,2910,1567,61,1282
2020-09-09,Sumatera Barat,110,2,65,43,3020,1632,63,1325
2020-09-10,Sumatera Barat,104,0,61,43,3124,1693,63,1368
2020-09-11,Sumatera Barat,37,0,50,-13,3161,1743,63,1355
2020-09-12,Sumatera Barat,103,4,5,94,3264,1748,67,1449
2020-09-13,Sumatera Barat,123,3,23,97,3387,1771,70,1546
2020-09-14,Sumatera Barat,118,4,41,73,3505,1812,74,1619
2020-09-15,Sumatera Barat,128,5,86,37,3633,1898,79,1656
2020-09-16,Sumatera Barat,116,5,59,52,3749,1957,84,1708
2020-09-17,Sumatera Barat,119,2,36,81,3868,1993,86,1789
2020-09-18,Sumatera Barat,134,2,63,69,4002,2056,88,1858
2020-09-19,Sumatera Barat,159,2,130,27,4161,2186,90,1885
2020-09-20,Sumatera Barat,106,3,37,66,4267,2223,93,1951
2020-09-21,Sumatera Barat,181,1,88,92,4448,2311,94,2043
2020-09-22,Sumatera Barat,202,2,91,109,4650,2402,96,2152
2020-09-23,Sumatera Barat,204,2,105,97,4854,2507,98,2249
2020-09-24,Sumatera Barat,302,2,144,156,5156,2651,100,2405
2020-09-25,Sumatera Barat,208,4,89,115,5364,2740,104,2520
2020-09-26,Sumatera Barat,140,1,117,22,5504,2857,105,2542
2020-09-27,Sumatera Barat,216,3,68,145,5720,2925,108,2687
2020-09-28,Sumatera Barat,206,2,80,124,5926,3005,110,2811
2020-09-29,Sumatera Barat,254,6,85,163,6180,3090,116,2974
2020-09-30,Sumatera Barat,101,11,105,-15,6281,3195,127,2959
2020-10-01,Sumatera Barat,192,4,107,81,6473,3302,131,3040
2020-10-02,Sumatera Barat,114,5,133,-24,6587,3435,136,3016
2020-10-03,Sumatera Barat,285,7,114,164,6872,3549,143,3180
2020-10-04,Sumatera Barat,255,4,132,119,7127,3681,147,3299
2020-10-05,Sumatera Barat,216,4,156,56,7343,3837,151,3355
2020-10-06,Sumatera Barat,85,3,300,-218,7428,4137,154,3137
2020-10-07,Sumatera Barat,194,9,119,66,7622,4256,163,3203
2020-10-08,Sumatera Barat,201,5,142,54,7823,4398,168,3257
2020-10-09,Sumatera Barat,295,4,167,124,8118,4565,172,3381
2020-10-10,Sumatera Barat,244,5,134,105,8362,4699,177,3486
2020-10-11,Sumatera Barat,341,4,207,130,8703,4906,181,3616
2020-10-12,Sumatera Barat,176,0,112,64,8879,5018,181,3680
2020-10-13,Sumatera Barat,173,3,91,79,9052,5109,184,3759
2020-10-14,Sumatera Barat,351,1,125,225,9403,5234,185,3984
2020-10-15,Sumatera Barat,346,4,131,211,9749,5365,189,4195
2020-10-16,Sumatera Barat,500,4,148,348,10249,5513,193,4543
2020-10-17,Sumatera Barat,435,3,257,175,10684,5770,196,4718
2020-10-18,Sumatera Barat,277,2,107,168,10961,5877,198,4886
2020-10-19,Sumatera Barat,242,13,170,59,11203,6047,211,4945
2020-10-20,Sumatera Barat,170,3,110,57,11373,6157,214,5002
2020-10-21,Sumatera Barat,279,7,268,4,11652,6425,221,5006
2020-10-22,Sumatera Barat,222,3,114,105,11874,6539,224,5111
2020-10-23,Sumatera Barat,257,7,523,-273,12131,7062,231,4838
2020-10-24,Sumatera Barat,296,0,203,93,12427,7265,231,4931
2020-10-25,Sumatera Barat,356,6,173,177,12783,7438,237,5108
2020-10-26,Sumatera Barat,271,4,185,82,13054,7623,241,5190
2020-10-27,Sumatera Barat,312,9,481,-178,13366,8104,250,5012
2020-10-28,Sumatera Barat,266,4,199,63,13632,8303,254,5075
2020-10-29,Sumatera Barat,345,9,553,-217,13977,8856,263,4858
2020-10-30,Sumatera Barat,301,7,1176,-882,14278,10032,270,3976
2020-10-31,Sumatera Barat,252,5,261,-14,14530,10293,275,3962
2020-11-01,Sumatera Barat,223,6,244,-27,14753,10537,281,3935
2020-11-02,Sumatera Barat,178,5,252,-79,14931,10789,286,3856
2020-11-03,Sumatera Barat,78,4,252,-178,15009,11041,290,3678
2020-11-04,Sumatera Barat,170,5,663,-498,15179,11704,295,3180
2020-11-05,Sumatera Barat,240,5,373,-138,15419,12077,300,3042
2020-11-06,Sumatera Barat,234,6,291,-63,15653,12368,306,2979
2020-11-07,Sumatera Barat,167,8,267,-108,15820,12635,314,2871
2020-11-08,Sumatera Barat,197,6,240,-49,16017,12875,320,2822
2020-11-09,Sumatera Barat,126,2,184,-60,16143,13059,322,2762
2020-11-10,Sumatera Barat,112,4,298,-190,16255,13357,326,2572
2020-11-11,Sumatera Barat,254,2,119,133,16509,13476,328,2705
2020-11-12,Sumatera Barat,200,4,144,52,16709,13620,332,2757
2020-11-13,Sumatera Barat,189,2,125,62,16898,13745,334,2819
2020-11-14,Sumatera Barat,244,3,147,94,17142,13892,337,2913
2020-11-15,Sumatera Barat,213,0,138,75,17355,14030,337,2988
2020-11-16,Sumatera Barat,38,3,80,-45,17393,14110,340,2943
2020-11-17,Sumatera Barat,105,11,37,57,17498,14147,351,3000
2020-11-18,Sumatera Barat,210,6,147,57,17708,14294,357,3057
2020-11-19,Sumatera Barat,195,2,501,-308,17903,14795,359,2749
2020-11-20,Sumatera Barat,218,4,319,-105,18121,15114,363,2644
2020-11-21,Sumatera Barat,243,11,324,-92,18364,15438,374,2552
2020-11-22,Sumatera Barat,229,7,443,-221,18593,15881,381,2331
2020-11-23,Sumatera Barat,33,4,161,-132,18626,16042,385,2199
2020-11-24,Sumatera Barat,58,1,431,-374,18684,16473,386,1825
2020-11-25,Sumatera Barat,260,6,332,-78,18944,16805,392,1747
2020-11-26,Sumatera Barat,307,5,147,155,19251,16952,397,1902
2020-11-27,Sumatera Barat,239,3,250,-14,19490,17202,400,1888
2020-11-28,Sumatera Barat,186,4,210,-28,19676,17412,404,1860
2020-11-29,Sumatera Barat,273,3,192,78,19949,17604,407,1938
2020-11-30,Sumatera Barat,92,7,216,-131,20041,17820,414,1807
2020-12-01,Sumatera Barat,57,1,118,-62,20098,17938,415,1745
2020-12-02,Sumatera Barat,175,5,216,-46,20273,18154,420,1699
2020-12-03,Sumatera Barat,191,4,151,36,20464,18305,424,1735
2020-12-04,Sumatera Barat,209,5,211,-7,20673,18516,429,1728
2020-12-05,Sumatera Barat,161,1,151,9,20834,18667,430,1737
2020-12-06,Sumatera Barat,139,5,201,-67,20973,18868,435,1670
2020-12-07,Sumatera Barat,114,0,113,1,21087,18981,435,1671
2020-12-08,Sumatera Barat,88,5,164,-81,21175,19145,440,1590
2020-12-09,Sumatera Barat,125,5,159,-39,21300,19304,445,1551
2020-12-10,Sumatera Barat,140,0,278,-138,21440,19582,445,1413
2020-12-11,Sumatera Barat,63,1,253,-191,21503,19835,446,1222
2020-12-12,Sumatera Barat,85,0,39,46,21588,19874,446,1268
2020-12-13,Sumatera Barat,116,2,245,-131,21704,20119,448,1137
2020-12-14,Sumatera Barat,54,2,51,1,21758,20170,450,1138
2020-12-15,Sumatera Barat,39,0,143,-104,21797,20313,450,1034
2020-12-16,Sumatera Barat,175,4,154,17,21972,20467,454,1051
2020-12-17,Sumatera Barat,114,6,128,-20,22086,20595,460,1031
2020-12-18,Sumatera Barat,109,7,127,-25,22195,20722,467,1006
2020-12-19,Sumatera Barat,136,6,34,96,22331,20756,473,1102
2020-12-20,Sumatera Barat,127,7,113,7,22458,20869,480,1109
2020-12-21,Sumatera Barat,122,6,102,14,22580,20971,486,1123
2020-12-22,Sumatera Barat,48,2,107,-61,22628,21078,488,1062
2020-12-23,Sumatera Barat,160,5,39,116,22788,21117,493,1178
2020-12-24,Sumatera Barat,100,6,29,65,22888,21146,499,1243
2020-12-25,Sumatera Barat,100,5,20,75,22988,21166,504,1318
2020-12-26,Sumatera Barat,75,5,11,59,23063,21177,509,1377
2020-12-27,Sumatera Barat,60,4,126,-70,23123,21303,513,1307
2020-12-28,Sumatera Barat,16,1,115,-100,23139,21418,514,1207
2020-12-29,Sumatera Barat,83,6,129,-52,23222,21547,520,1155
2020-12-30,Sumatera Barat,125,1,143,-19,23347,21690,521,1136
2020-12-31,Sumatera Barat,117,4,125,-12,23464,21815,525,1124
2021-01-01,Sumatera Barat,147,1,115,31,23611,21930,526,1155
2021-01-02,Sumatera Barat,38,2,125,-89,23649,22055,528,1066
2021-01-03,Sumatera Barat,61,3,116,-58,23710,22171,531,1008
2021-01-04,Sumatera Barat,24,3,141,-120,23734,22312,534,888
2021-01-05,Sumatera Barat,72,2,141,-71,23806,22453,536,817
2021-01-06,Sumatera Barat,178,4,123,51,23984,22576,540,868
2021-01-07,Sumatera Barat,171,4,23,144,24155,22599,544,1012
2021-01-08,Sumatera Barat,167,0,23,144,24322,22622,544,1156
2021-01-09,Sumatera Barat,182,1,19,162,24504,22641,545,1318
2021-01-10,Sumatera Barat,5,0,12,-7,24509,22653,545,1311
2021-01-11,Sumatera Barat,0,3,24,-27,24509,22677,548,1284
2021-01-12,Sumatera Barat,111,4,19,88,24620,22696,552,1372
2021-01-13,Sumatera Barat,170,4,43,123,24790,22739,556,1495
2021-01-14,Sumatera Barat,269,1,40,228,25059,22779,557,1723
2021-01-15,Sumatera Barat,191,5,33,153,25250,22812,562,1876
2021-01-16,Sumatera Barat,182,3,29,150,25432,22841,565,2026
2021-01-17,Sumatera Barat,168,0,14,154,25600,22855,565,2180
2021-01-18,Sumatera Barat,35,2,4,29,25635,22859,567,2209
2021-01-19,Sumatera Barat,108,0,59,49,25743,22918,567,2258
2021-01-20,Sumatera Barat,167,7,17,143,25910,22935,574,2401
2021-01-21,Sumatera Barat,181,4,49,128,26091,22984,578,2529
2021-01-22,Sumatera Barat,127,7,22,98,26218,23006,585,2627
2021-01-23,Sumatera Barat,111,0,114,-3,26329,23120,585,2624
2021-01-24,Sumatera Barat,123,0,122,1,26452,23242,585,2625
2021-01-25,Sumatera Barat,44,3,80,-39,26496,23322,588,2586
2021-01-26,Sumatera Barat,31,3,52,-24,26527,23374,591,2562
2021-01-27,Sumatera Barat,100,1,53,46,26627,23427,592,2608
2021-01-28,Sumatera Barat,110,1,133,-24,26737,23560,593,2584
2021-01-29,Sumatera Barat,71,6,311,-246,26808,23871,599,2338
2021-01-30,Sumatera Barat,84,1,77,6,26892,23948,600,2344
2021-01-31,Sumatera Barat,87,2,144,-59,26979,24092,602,2285
2021-02-01,Sumatera Barat,44,2,39,3,27023,24131,604,2288
2021-02-02,Sumatera Barat,37,7,183,-153,27060,24314,611,2135
2021-02-03,Sumatera Barat,129,3,118,8,27189,24432,614,2143
2021-02-04,Sumatera Barat,97,3,176,-82,27286,24608,617,2061
2021-02-05,Sumatera Barat,58,1,106,-49,27344,24714,618,2012
2021-02-06,Sumatera Barat,95,1,161,-67,27439,24875,619,1945
2021-02-07,Sumatera Barat,129,0,111,18,27568,24986,619,1963
2021-02-08,Sumatera Barat,42,1,154,-113,27610,25140,620,1850
2021-02-09,Sumatera Barat,51,0,171,-120,27661,25311,620,1730
2021-02-10,Sumatera Barat,141,1,59,81,27802,25370,621,1811
2021-02-11,Sumatera Barat,85,5,91,-11,27887,25461,626,1800
2021-02-12,Sumatera Barat,123,3,52,68,28010,25513,629,1868
2021-02-13,Sumatera Barat,81,1,61,19,28091,25574,630,1887
2021-02-14,Sumatera Barat,77,0,116,-39,28168,25690,630,1848
2021-02-15,Sumatera Barat,14,4,46,-36,28182,25736,634,1812
2021-02-16,Sumatera Barat,54,0,0,54,28236,25736,634,1866
2021-02-17,Sumatera Barat,71,0,27,44,28307,25763,634,1910
2021-02-18,Sumatera Barat,112,1,49,62,28419,25812,635,1972
2021-02-19,Sumatera Barat,90,3,6,81,28509,25818,638,2053
2021-02-20,Sumatera Barat,81,3,60,18,28590,25878,641,2071
2021-02-21,Sumatera Barat,71,0,55,16,28661,25933,641,2087
2021-02-22,Sumatera Barat,29,0,227,-198,28690,26160,641,1889
2021-02-23,Sumatera Barat,60,1,184,-125,28750,26344,642,1764
2021-02-24,Sumatera Barat,87,0,189,-102,28837,26533,642,1662
2021-02-25,Sumatera Barat,83,0,133,-50,28920,26666,642,1612
2021-02-26,Sumatera Barat,97,1,137,-41,29017,26803,643,1571
2021-02-27,Sumatera Barat,81,0,95,-14,29098,26898,643,1557
2021-02-28,Sumatera Barat,84,0,129,-45,29182,27027,643,1512
2021-03-01,Sumatera Barat,22,4,164,-146,29204,27191,647,1366
2021-03-02,Sumatera Barat,71,1,149,-79,29275,27340,648,1287
2021-03-03,Sumatera Barat,105,2,184,-81,29380,27524,650,1206
2021-03-04,Sumatera Barat,87,2,75,10,29467,27599,652,1216
2021-03-05,Sumatera Barat,87,1,165,-79,29554,27764,653,1137
2021-03-06,Sumatera Barat,92,0,141,-49,29646,27905,653,1088
2021-03-07,Sumatera Barat,60,1,69,-10,29706,27974,654,1078
2021-03-08,Sumatera Barat,8,1,75,-68,29714,28049,655,1010
2021-03-09,Sumatera Barat,83,2,33,48,29797,28082,657,1058
2021-03-10,Sumatera Barat,101,1,101,-1,29898,28183,658,1057
2021-03-11,Sumatera Barat,87,1,104,-18,29985,28287,659,1039
2021-03-12,Sumatera Barat,57,4,48,5,30042,28335,663,1044
2021-03-13,Sumatera Barat,68,2,50,16,30110,28385,665,1060
2021-03-14,Sumatera Barat,93,3,145,-55,30203,28530,668,1005
2021-03-15,Sumatera Barat,22,0,33,-11,30225,28563,668,994
2021-03-16,Sumatera Barat,55,0,64,-9,30280,28627,668,985
2021-03-17,Sumatera Barat,135,4,66,65,30415,28693,672,1050
2021-03-18,Sumatera Barat,105,0,91,14,30520,28784,672,1064
2021-03-19,Sumatera Barat,109,2,80,27,30629,28864,674,1091
2021-03-20,Sumatera Barat,77,1,172,-96,30706,29036,675,995
2021-03-21,Sumatera Barat,87,2,60,25,30793,29096,677,1020
2021-03-22,Sumatera Barat,41,0,59,-18,30834,29155,677,1002
2021-03-23,Sumatera Barat,90,2,41,47,30924,29196,679,1049
2021-03-24,Sumatera Barat,89,0,105,-16,31013,29301,679,1033
2021-03-25,Sumatera Barat,111,0,123,-12,31124,29424,679,1021
2021-03-26,Sumatera Barat,115,0,46,69,31239,29470,679,1090
2021-03-27,Sumatera Barat,110,1,64,45,31349,29534,680,1135
2021-03-28,Sumatera Barat,106,2,128,-24,31455,29662,682,1111
2021-03-29,Sumatera Barat,41,1,37,3,31496,29699,683,1114
2021-03-30,Sumatera Barat,106,0,13,93,31602,29712,683,1207
2021-03-31,Sumatera Barat,126,1,56,69,31728,29768,684,1276
2021-04-01,Sumatera Barat,134,1,76,57,31862,29844,685,1333
2021-04-02,Sumatera Barat,150,4,55,91,32012,29899,689,1424
2021-04-03,Sumatera Barat,86,1,92,-7,32098,29991,690,1417
2021-04-04,Sumatera Barat,57,0,37,20,32155,30028,690,1437
2021-04-05,Sumatera Barat,51,4,110,-63,32206,30138,694,1374
2021-04-06,Sumatera Barat,105,4,115,-14,32311,30253,698,1360
2021-04-07,Sumatera Barat,129,0,121,8,32440,30374,698,1368
2021-04-08,Sumatera Barat,215,10,193,12,32655,30567,708,1380
2021-04-09,Sumatera Barat,145,2,67,76,32800,30634,710,1456
2021-04-10,Sumatera Barat,155,5,54,96,32955,30688,715,1552
2021-04-11,Sumatera Barat,114,1,153,-40,33069,30841,716,1512
2021-04-12,Sumatera Barat,57,2,50,5,33126,30891,718,1517
2021-04-13,Sumatera Barat,101,4,162,-65,33227,31053,722,1452
2021-04-14,Sumatera Barat,174,3,168,3,33401,31221,725,1455
2021-04-15,Sumatera Barat,158,5,153,0,33559,31374,730,1455
2021-04-16,Sumatera Barat,168,4,162,2,33727,31536,734,1457
2021-04-17,Sumatera Barat,206,7,140,59,33933,31676,741,1516
2021-04-18,Sumatera Barat,204,3,99,102,34137,31775,744,1618
2021-04-19,Sumatera Barat,89,3,59,27,34226,31834,747,1645
2021-04-20,Sumatera Barat,176,6,146,24,34402,31980,753,1669
2021-04-21,Sumatera Barat,514,8,106,400,34916,32086,761,2069
2021-04-22,Sumatera Barat,286,2,100,184,35202,32186,763,2253
2021-04-23,Sumatera Barat,232,2,230,0,35434,32416,765,2253
2021-04-24,Sumatera Barat,295,6,259,30,35729,32675,771,2283
2021-04-25,Sumatera Barat,234,2,77,155,35963,32752,773,2438
2021-04-26,Sumatera Barat,93,6,56,31,36056,32808,779,2469
2021-04-27,Sumatera Barat,212,4,247,-39,36268,33055,783,2430
2021-04-28,Sumatera Barat,220,4,231,-15,36488,33286,787,2415
2021-04-29,Sumatera Barat,281,6,247,28,36769,33533,793,2443
2021-04-30,Sumatera Barat,162,2,140,20,36931,33673,795,2463
2021-05-01,Sumatera Barat,179,8,333,-162,37110,34006,803,2301
2021-05-02,Sumatera Barat,270,6,137,127,37380,34143,809,2428
2021-05-03,Sumatera Barat,58,5,98,-45,37438,34241,814,2383
2021-05-04,Sumatera Barat,144,5,223,-84,37582,34464,819,2299
2021-05-05,Sumatera Barat,263,5,208,50,37845,34672,824,2349
2021-05-06,Sumatera Barat,416,10,257,149,38261,34929,834,2498
2021-05-07,Sumatera Barat,283,7,204,72,38544,35133,841,2570
2021-05-08,Sumatera Barat,300,3,276,21,38844,35409,844,2591
2021-05-09,Sumatera Barat,322,11,171,140,39166,35580,855,2731
2021-05-10,Sumatera Barat,177,11,103,63,39343,35683,866,2794
2021-05-11,Sumatera Barat,231,3,268,-40,39574,35951,869,2754
2021-05-12,Sumatera Barat,443,9,184,250,40017,36135,878,3004
2021-05-13,Sumatera Barat,94,0,228,-134,40111,36363,878,2870
2021-05-14,Sumatera Barat,0,0,2,-2,40111,36365,878,2868
2021-05-15,Sumatera Barat,0,0,10,-10,40111,36375,878,2858
2021-05-16,Sumatera Barat,141,6,230,-95,40252,36605,884,2763
2021-05-17,Sumatera Barat,127,10,146,-29,40379,36751,894,2734
2021-05-18,Sumatera Barat,230,7,244,-21,40609,36995,901,2713
2021-05-19,Sumatera Barat,295,5,358,-68,40904,37353,906,2645
2021-05-20,Sumatera Barat,349,7,223,119,41253,37576,913,2764
2021-05-21,Sumatera Barat,362,10,314,38,41615,37890,923,2802
2021-05-22,Sumatera Barat,301,8,304,-11,41916,38194,931,2791
2021-05-23,Sumatera Barat,381,9,181,191,42297,38375,940,2982
2021-05-24,Sumatera Barat,154,1,194,-41,42451,38569,941,2941
2021-05-25,Sumatera Barat,271,8,184,79,42722,38753,949,3020
2021-05-26,Sumatera Barat,290,3,268,19,43012,39021,952,3039
2021-05-27,Sumatera Barat,313,4,137,172,43325,39158,956,3211
2021-05-28,Sumatera Barat,172,11,217,-56,43497,39375,967,3155
2021-05-29,Sumatera Barat,361,10,401,-50,43858,39776,977,3105
2021-05-30,Sumatera Barat,269,15,188,66,44127,39964,992,3171
2021-05-31,Sumatera Barat,131,2,123,6,44258,40087,994,3177
2021-06-01,Sumatera Barat,185,9,333,-157,44443,40420,1003,3020
2021-06-02,Sumatera Barat,224,1,118,105,44667,40538,1004,3125
2021-06-03,Sumatera Barat,177,6,280,-109,44844,40818,1010,3016
2021-06-04,Sumatera Barat,306,3,184,119,45150,41002,1013,3135
2021-06-05,Sumatera Barat,467,8,276,183,45617,41278,1021,3318
2021-06-06,Sumatera Barat,388,4,240,144,46005,41518,1025,3462
2021-06-07,Sumatera Barat,239,14,52,173,46244,41570,1039,3635
2021-06-08,Sumatera Barat,141,9,229,-97,46385,41799,1048,3538
2021-06-09,Sumatera Barat,259,7,168,84,46644,41967,1055,3622
2021-06-10,Sumatera Barat,353,6,199,148,46997,42166,1061,3770
2021-06-11,Sumatera Barat,278,10,366,-98,47275,42532,1071,3672
2021-06-12,Sumatera Barat,232,3,221,8,47507,42753,1074,3680
2021-06-13,Sumatera Barat,267,8,454,-195,47774,43207,1082,3485
2021-06-14,Sumatera Barat,111,7,170,-66,47885,43377,1089,3419
2021-06-15,Sumatera Barat,154,9,369,-224,48039,43746,1098,3195
2021-06-16,Sumatera Barat,214,4,233,-23,48253,43979,1102,3172
2021-06-17,Sumatera Barat,188,6,250,-68,48441,44229,1108,3104
2021-06-18,Sumatera Barat,241,7,264,-30,48682,44493,1115,3074
2021-06-19,Sumatera Barat,135,5,330,-200,48817,44823,1120,2874
2021-06-20,Sumatera Barat,131,5,207,-81,48948,45030,1125,2793
2021-06-21,Sumatera Barat,70,4,188,-122,49018,45218,1129,2671
2021-06-22,Sumatera Barat,188,7,158,23,49206,45376,1136,2694
2021-06-23,Sumatera Barat,294,7,181,106,49500,45557,1143,2800
2021-06-24,Sumatera Barat,206,4,133,69,49706,45690,1147,2869
2021-06-25,Sumatera Barat,322,4,178,140,50028,45868,1151,3009
2021-06-26,Sumatera Barat,257,4,358,-105,50285,46226,1155,2904
2021-06-27,Sumatera Barat,172,8,75,89,50457,46301,1163,2993
2021-06-28,Sumatera Barat,89,10,99,-20,50546,46400,1173,2973
2021-06-29,Sumatera Barat,188,7,182,-1,50734,46582,1180,2972
2021-06-30,Sumatera Barat,452,7,206,239,51186,46788,1187,3211
2021-07-01,Sumatera Barat,549,7,95,447,51735,46883,1194,3658
2021-07-02,Sumatera Barat,455,7,355,93,52190,47238,1201,3751
2021-07-03,Sumatera Barat,501,7,417,77,52691,47655,1208,3828
2021-07-04,Sumatera Barat,435,8,129,298,53126,47784,1216,4126
2021-07-05,Sumatera Barat,81,11,126,-56,53207,47910,1227,4070
2021-07-06,Sumatera Barat,304,9,208,87,53511,48118,1236,4157
2021-07-07,Sumatera Barat,676,3,109,564,54187,48227,1239,4721
2021-07-08,Sumatera Barat,770,10,314,446,54957,48541,1249,5167
2021-07-09,Sumatera Barat,718,11,274,433,55675,48815,1260,5600
2021-07-10,Sumatera Barat,847,5,242,600,56522,49057,1265,6200
2021-07-11,Sumatera Barat,344,19,286,39,56866,49343,1284,6239
2021-07-12,Sumatera Barat,366,10,258,98,57232,49601,1294,6337
2021-07-13,Sumatera Barat,488,11,274,203,57720,49875,1305,6540
2021-07-14,Sumatera Barat,667,3,330,334,58387,50205,1308,6874
2021-07-15,Sumatera Barat,678,5,354,319,59065,50559,1313,7193
2021-07-16,Sumatera Barat,1006,8,340,658,60071,50899,1321,7851
2021-07-17,Sumatera Barat,637,11,290,336,60708,51189,1332,8187
2021-07-18,Sumatera Barat,642,4,317,321,61350,51506,1336,8508
2021-07-19,Sumatera Barat,740,10,373,357,62090,51879,1346,8865
2021-07-20,Sumatera Barat,524,7,251,266,62614,52130,1353,9131
2021-07-21,Sumatera Barat,540,9,304,227,63154,52434,1362,9358
2021-07-22,Sumatera Barat,617,3,350,264,63771,52784,1365,9622
2021-07-23,Sumatera Barat,753,13,158,582,64524,52942,1378,10204
2021-07-24,Sumatera Barat,428,11,335,82,64952,53277,1389,10286
2021-07-25,Sumatera Barat,752,3,274,475,65704,53551,1392,10761
2021-07-26,Sumatera Barat,614,16,440,158,66318,53991,1408,10919
2021-07-27,Sumatera Barat,894,17,494,383,67212,54485,1425,11302
2021-07-28,Sumatera Barat,863,21,615,227,68075,55100,1446,11529
2021-07-29,Sumatera Barat,1036,21,696,319,69111,55796,1467,11848
2021-07-30,Sumatera Barat,873,8,529,336,69984,56325,1475,12184
2021-07-31,Sumatera Barat,886,21,439,426,70870,56764,1496,12610
2021-08-01,Sumatera Barat,718,19,456,243,71588,57220,1515,12853
2020-03-02,Riau,1,0,0,1,1,0,0,1
2020-03-03,Riau,0,0,0,0,1,0,0,1
2020-03-04,Riau,0,0,0,0,1,0,0,1
2020-03-05,Riau,0,0,0,0,1,0,0,1
2020-03-06,Riau,0,0,0,0,1,0,0,1
2020-03-07,Riau,0,0,0,0,1,0,0,1
2020-03-08,Riau,0,0,0,0,1,0,0,1
2020-03-09,Riau,0,0,0,0,1,0,0,1
2020-03-10,Riau,0,0,0,0,1,0,0,1
2020-03-11,Riau,0,0,0,0,1,0,0,1
2020-03-12,Riau,0,0,0,0,1,0,0,1
2020-03-13,Riau,0,0,0,0,1,0,0,1
2020-03-14,Riau,0,0,0,0,1,0,0,1
2020-03-15,Riau,0,0,0,0,1,0,0,1
2020-03-16,Riau,0,0,0,0,1,0,0,1
2020-03-17,Riau,0,0,0,0,1,0,0,1
2020-03-18,Riau,0,0,0,0,1,0,0,1
2020-03-19,Riau,0,0,0,0,1,0,0,1
2020-03-20,Riau,0,0,0,0,1,0,0,1
2020-03-21,Riau,0,0,0,0,1,0,0,1
2020-03-22,Riau,0,0,0,0,1,0,0,1
2020-03-23,Riau,0,0,0,0,1,0,0,1
2020-03-24,Riau,0,0,0,0,1,0,0,1
2020-03-25,Riau,0,0,0,0,1,0,0,1
2020-03-26,Riau,0,0,0,0,1,0,0,1
2020-03-27,Riau,0,0,0,0,1,0,0,1
2020-03-28,Riau,0,0,0,0,1,0,0,1
2020-03-29,Riau,1,0,0,1,2,0,0,2
2020-03-30,Riau,1,0,0,1,3,0,0,3
2020-03-31,Riau,0,0,0,0,3,0,0,3
2020-04-01,Riau,0,1,0,-1,3,0,1,2
2020-04-02,Riau,4,0,0,4,7,0,1,6
2020-04-03,Riau,3,0,0,3,10,0,1,9
2020-04-04,Riau,0,0,1,-1,10,1,1,8
2020-04-05,Riau,1,1,0,0,11,1,2,8
2020-04-06,Riau,1,0,0,1,12,1,2,9
2020-04-07,Riau,0,0,0,0,12,1,2,9
2020-04-08,Riau,0,0,0,0,12,1,2,9
2020-04-09,Riau,1,1,0,0,13,1,3,9
2020-04-10,Riau,1,0,1,0,14,2,3,9
2020-04-11,Riau,3,0,1,2,17,3,3,11
2020-04-12,Riau,0,0,0,0,17,3,3,11
2020-04-13,Riau,3,0,0,3,20,3,3,14
2020-04-14,Riau,0,0,0,0,20,3,3,14
2020-04-15,Riau,0,2,4,-6,20,7,5,8
2020-04-16,Riau,5,0,3,2,25,10,5,10
2020-04-17,Riau,1,0,0,1,26,10,5,11
2020-04-18,Riau,4,0,0,4,30,10,5,15
2020-04-19,Riau,0,0,0,0,30,10,5,15
2020-04-20,Riau,4,1,0,3,34,10,6,18
2020-04-21,Riau,1,0,0,1,35,10,6,19
2020-04-22,Riau,0,0,0,0,35,10,6,19
2020-04-23,Riau,1,0,3,-2,36,13,6,17
2020-04-24,Riau,0,0,1,-1,36,14,6,16
2020-04-25,Riau,2,0,1,1,38,15,6,17
2020-04-26,Riau,1,0,0,1,39,15,6,18
2020-04-27,Riau,0,0,1,-1,39,16,6,17
2020-04-28,Riau,1,0,0,1,40,16,6,18
2020-04-29,Riau,1,0,1,0,41,17,6,18
2020-04-30,Riau,1,0,7,-6,42,24,6,12
2020-05-01,Riau,1,0,1,0,43,25,6,12
2020-05-02,Riau,3,0,2,1,46,27,6,13
2020-05-03,Riau,8,0,0,8,54,27,6,21
2020-05-04,Riau,5,0,0,5,59,27,6,26
2020-05-05,Riau,3,0,1,2,62,28,6,28
2020-05-06,Riau,0,0,0,0,62,28,6,28
2020-05-07,Riau,5,0,0,5,67,28,6,33
2020-05-08,Riau,3,0,11,-8,70,39,6,25
2020-05-09,Riau,3,0,1,2,73,40,6,27
2020-05-10,Riau,2,0,7,-5,75,47,6,22
2020-05-11,Riau,1,0,3,-2,76,50,6,20
2020-05-12,Riau,7,0,0,7,83,50,6,27
2020-05-13,Riau,8,0,0,8,91,50,6,35
2020-05-14,Riau,5,0,0,5,96,50,6,40
2020-05-15,Riau,1,0,5,-4,97,55,6,36
2020-05-16,Riau,0,0,7,-7,97,62,6,29
2020-05-17,Riau,4,0,0,4,101,62,6,33
2020-05-18,Riau,2,0,2,0,103,64,6,33
2020-05-19,Riau,5,0,0,5,108,64,6,38
2020-05-20,Riau,1,0,1,0,109,65,6,38
2020-05-21,Riau,1,0,3,-2,110,68,6,36
2020-05-22,Riau,1,0,0,1,111,68,6,37
2020-05-23,Riau,1,0,0,1,112,68,6,38
2020-05-24,Riau,1,0,1,0,113,69,6,38
2020-05-25,Riau,0,0,1,-1,113,70,6,37
2020-05-26,Riau,0,0,9,-9,113,79,6,28
2020-05-27,Riau,0,0,0,0,113,79,6,28
2020-05-28,Riau,0,0,3,-3,113,82,6,25
2020-05-29,Riau,6,0,4,2,119,86,6,27
2020-05-30,Riau,0,0,1,-1,119,87,6,26
2020-05-31,Riau,0,0,3,-3,119,90,6,23
2020-06-01,Riau,0,0,1,-1,119,91,6,22
2020-06-02,Riau,0,0,3,-3,119,94,6,19
2020-06-03,Riau,0,0,4,-4,119,98,6,15
2020-06-04,Riau,0,0,2,-2,119,100,6,13
2020-06-05,Riau,0,0,2,-2,119,102,6,11
2020-06-06,Riau,1,0,0,1,120,102,6,12
2020-06-07,Riau,0,0,0,0,120,102,6,12
2020-06-08,Riau,0,0,6,-6,120,108,6,6
2020-06-09,Riau,2,0,0,2,122,108,6,8
2020-06-10,Riau,0,0,0,0,122,108,6,8
2020-06-11,Riau,0,0,1,-1,122,109,6,7
2020-06-12,Riau,0,0,1,-1,122,110,6,6
2020-06-13,Riau,5,0,0,5,127,110,6,11
2020-06-14,Riau,0,0,0,0,127,110,6,11
2020-06-15,Riau,1,1,2,-2,128,112,7,9
2020-06-16,Riau,0,0,1,-1,128,113,7,8
2020-06-17,Riau,2,1,1,0,130,114,8,8
2020-06-18,Riau,6,0,1,5,136,115,8,13
2020-06-19,Riau,8,0,0,8,144,115,8,21
2020-06-20,Riau,0,0,2,-2,144,117,8,19
2020-06-21,Riau,0,0,0,0,144,117,8,19
2020-06-22,Riau,24,0,1,23,168,118,8,42
2020-06-23,Riau,27,1,0,26,195,118,9,68
2020-06-24,Riau,24,0,3,21,219,121,9,89
2020-06-25,Riau,3,1,1,1,222,122,10,90
2020-06-26,Riau,3,0,0,3,225,122,10,93
2020-06-27,Riau,0,0,0,0,225,122,10,93
2020-06-28,Riau,1,0,17,-16,226,139,10,77
2020-06-29,Riau,2,0,27,-25,228,166,10,52
2020-06-30,Riau,0,0,10,-10,228,176,10,42
2020-07-01,Riau,1,0,2,-1,229,178,10,41
2020-07-02,Riau,1,0,10,-9,230,188,10,32
2020-07-03,Riau,4,0,12,-8,234,200,10,24
2020-07-04,Riau,1,0,5,-4,235,205,10,20
2020-07-05,Riau,1,0,3,-2,236,208,10,18
2020-07-06,Riau,1,1,4,-4,237,212,11,14
2020-07-07,Riau,1,0,2,-1,238,214,11,13
2020-07-08,Riau,0,0,1,-1,238,215,11,12
2020-07-09,Riau,2,0,1,1,240,216,11,13
2020-07-10,Riau,0,0,1,-1,240,217,11,12
2020-07-11,Riau,1,0,0,1,241,217,11,13
2020-07-12,Riau,1,0,1,0,242,218,11,13
2020-07-13,Riau,3,0,3,0,245,221,11,13
2020-07-14,Riau,3,0,0,3,248,221,11,16
2020-07-15,Riau,0,0,1,-1,248,222,11,15
2020-07-16,Riau,5,0,2,3,253,224,11,18
2020-07-17,Riau,5,0,0,5,258,224,11,23
2020-07-18,Riau,5,0,0,5,263,224,11,28
2020-07-19,Riau,11,0,1,10,274,225,11,38
2020-07-20,Riau,15,0,5,10,289,230,11,48
2020-07-21,Riau,23,0,2,21,312,232,11,69
2020-07-22,Riau,38,0,0,38,350,232,11,107
2020-07-23,Riau,4,0,2,2,354,234,11,109
2020-07-24,Riau,13,0,1,12,367,235,11,121
2020-07-25,Riau,5,0,9,-4,372,244,11,117
2020-07-26,Riau,11,0,13,-2,383,257,11,115
2020-07-27,Riau,4,0,9,-5,387,266,11,110
2020-07-28,Riau,25,1,5,19,412,271,12,129
2020-07-29,Riau,6,0,16,-10,418,287,12,119
2020-07-30,Riau,10,0,19,-9,428,306,12,110
2020-07-31,Riau,18,0,4,14,446,310,12,124
2020-08-01,Riau,3,0,16,-13,449,326,12,111
2020-08-02,Riau,10,0,1,9,459,327,12,120
2020-08-03,Riau,50,1,6,43,509,333,13,163
2020-08-04,Riau,69,0,12,57,578,345,13,220
2020-08-05,Riau,28,0,4,24,606,349,13,244
2020-08-06,Riau,15,0,11,4,621,360,13,248
2020-08-07,Riau,37,0,9,28,658,369,13,276
2020-08-08,Riau,50,0,4,46,708,373,13,322
2020-08-09,Riau,26,1,9,16,734,382,14,338
2020-08-10,Riau,41,0,24,17,775,406,14,355
2020-08-11,Riau,17,0,21,-4,792,427,14,351
2020-08-12,Riau,33,0,10,23,825,437,14,374
2020-08-13,Riau,68,0,46,22,893,483,14,396
2020-08-14,Riau,27,0,52,-25,920,535,14,371
2020-08-15,Riau,41,0,45,-4,961,580,14,367
2020-08-16,Riau,23,1,20,2,984,600,15,369
2020-08-17,Riau,34,1,17,16,1018,617,16,385
2020-08-18,Riau,23,0,23,0,1041,640,16,385
2020-08-19,Riau,11,0,19,-8,1052,659,16,377
2020-08-20,Riau,47,1,36,10,1099,695,17,387
2020-08-21,Riau,34,0,26,8,1133,721,17,395
2020-08-22,Riau,63,1,29,33,1196,750,18,428
2020-08-23,Riau,42,1,15,26,1238,765,19,454
2020-08-24,Riau,42,2,52,-12,1280,817,21,442
2020-08-25,Riau,39,1,12,26,1319,829,22,468
2020-08-26,Riau,42,0,23,19,1361,852,22,487
2020-08-27,Riau,99,3,16,80,1460,868,25,567
2020-08-28,Riau,66,5,43,18,1526,911,30,585
2020-08-29,Riau,79,0,24,55,1605,935,30,640
2020-08-30,Riau,134,0,31,103,1739,966,30,743
2020-08-31,Riau,108,4,44,60,1847,1010,34,803
2020-09-01,Riau,81,1,19,61,1928,1029,35,864
2020-09-02,Riau,107,1,10,96,2035,1039,36,960
2020-09-03,Riau,107,1,27,79,2142,1066,37,1039
2020-09-04,Riau,130,5,53,72,2272,1119,42,1111
2020-09-05,Riau,177,0,106,71,2449,1225,42,1182
2020-09-06,Riau,141,5,29,107,2590,1254,47,1289
2020-09-07,Riau,136,2,49,85,2726,1303,49,1374
2020-09-08,Riau,113,3,42,68,2839,1345,52,1442
2020-09-09,Riau,141,3,82,56,2980,1427,55,1498
2020-09-10,Riau,198,3,61,134,3178,1488,58,1632
2020-09-11,Riau,183,0,70,113,3361,1558,58,1745
2020-09-12,Riau,232,5,32,195,3593,1590,63,1940
2020-09-13,Riau,207,8,29,170,3800,1619,71,2110
2020-09-14,Riau,136,4,91,41,3936,1710,75,2151
2020-09-15,Riau,166,5,76,85,4102,1786,80,2236
2020-09-16,Riau,188,4,25,159,4290,1811,84,2395
2020-09-17,Riau,236,8,37,191,4526,1848,92,2586
2020-09-18,Riau,228,3,204,21,4754,2052,95,2607
2020-09-19,Riau,297,2,75,220,5051,2127,97,2827
2020-09-20,Riau,282,3,80,199,5333,2207,100,3026
2020-09-21,Riau,160,6,35,119,5493,2242,106,3145
2020-09-22,Riau,249,0,139,110,5742,2381,106,3255
2020-09-23,Riau,189,11,329,-151,5931,2710,117,3104
2020-09-24,Riau,235,9,116,110,6166,2826,126,3214
2020-09-25,Riau,200,5,181,14,6366,3007,131,3228
2020-09-26,Riau,260,6,192,62,6626,3199,137,3290
2020-09-27,Riau,190,6,209,-25,6816,3408,143,3265
2020-09-28,Riau,236,5,111,120,7052,3519,148,3385
2020-09-29,Riau,222,4,164,54,7274,3683,152,3439
2020-09-30,Riau,356,7,250,99,7630,3933,159,3538
2020-10-01,Riau,259,7,271,-19,7889,4204,166,3519
2020-10-02,Riau,178,6,155,17,8067,4359,172,3536
2020-10-03,Riau,175,5,457,-287,8242,4816,177,3249
2020-10-04,Riau,166,6,218,-58,8408,5034,183,3191
2020-10-05,Riau,297,8,279,10,8705,5313,191,3201
2020-10-06,Riau,132,7,182,-57,8837,5495,198,3144
2020-10-07,Riau,150,2,262,-114,8987,5757,200,3030
2020-10-08,Riau,246,4,98,144,9233,5855,204,3174
2020-10-09,Riau,203,6,73,124,9436,5928,210,3298
2020-10-10,Riau,233,9,153,71,9669,6081,219,3369
2020-10-11,Riau,307,5,108,194,9976,6189,224,3563
2020-10-12,Riau,206,2,116,88,10182,6305,226,3651
2020-10-13,Riau,162,4,113,45,10344,6418,230,3696
2020-10-14,Riau,295,12,117,166,10639,6535,242,3862
2020-10-15,Riau,183,6,120,57,10822,6655,248,3919
2020-10-16,Riau,278,2,109,167,11100,6764,250,4086
2020-10-17,Riau,256,8,123,125,11356,6887,258,4211
2020-10-18,Riau,285,4,111,170,11641,6998,262,4381
2020-10-19,Riau,198,5,505,-312,11839,7503,267,4069
2020-10-20,Riau,169,2,629,-462,12008,8132,269,3607
2020-10-21,Riau,315,9,307,-1,12323,8439,278,3606
2020-10-22,Riau,282,6,172,104,12605,8611,284,3710
2020-10-23,Riau,275,6,254,15,12880,8865,290,3725
2020-10-24,Riau,379,9,277,93,13259,9142,299,3818
2020-10-25,Riau,288,3,541,-256,13547,9683,302,3562
2020-10-26,Riau,206,4,262,-60,13753,9945,306,3502
2020-10-27,Riau,247,6,296,-55,14000,10241,312,3447
2020-10-28,Riau,249,6,265,-22,14249,10506,318,3425
2020-10-29,Riau,261,6,224,31,14510,10730,324,3456
2020-10-30,Riau,161,6,247,-92,14671,10977,330,3364
2020-10-31,Riau,127,5,231,-109,14798,11208,335,3255
2020-11-01,Riau,25,2,164,-141,14823,11372,337,3114
2020-11-02,Riau,9,2,156,-149,14832,11528,339,2965
2020-11-03,Riau,99,2,343,-246,14931,11871,341,2719
2020-11-04,Riau,168,4,249,-85,15099,12120,345,2634
2020-11-05,Riau,176,2,318,-144,15275,12438,347,2490
2020-11-06,Riau,143,7,210,-74,15418,12648,354,2416
2020-11-07,Riau,165,5,355,-195,15583,13003,359,2221
2020-11-08,Riau,158,4,161,-7,15741,13164,363,2214
2020-11-09,Riau,14,2,128,-116,15755,13292,365,2098
2020-11-10,Riau,152,0,11,141,15907,13303,365,2239
2020-11-11,Riau,146,10,489,-353,16053,13792,375,1886
2020-11-12,Riau,116,3,86,27,16169,13878,378,1913
2020-11-13,Riau,146,3,90,53,16315,13968,381,1966
2020-11-14,Riau,130,1,51,78,16445,14019,382,2044
2020-11-15,Riau,163,3,205,-45,16608,14224,385,1999
2020-11-16,Riau,148,8,124,16,16756,14348,393,2015
2020-11-17,Riau,268,2,41,225,17024,14389,395,2240
2020-11-18,Riau,274,2,248,24,17298,14637,397,2264
2020-11-19,Riau,688,3,995,-310,17986,15632,400,1954
2020-11-20,Riau,176,5,198,-27,18162,15830,405,1927
2020-11-21,Riau,308,4,122,182,18470,15952,409,2109
2020-11-22,Riau,171,5,179,-13,18641,16131,414,2096
2020-11-23,Riau,113,2,133,-22,18754,16264,416,2074
2020-11-24,Riau,138,3,116,19,18892,16380,419,2093
2020-11-25,Riau,236,5,180,51,19128,16560,424,2144
2020-11-26,Riau,206,4,200,2,19334,16760,428,2146
2020-11-27,Riau,261,8,198,55,19595,16958,436,2201
2020-11-28,Riau,170,8,256,-94,19765,17214,444,2107
2020-11-29,Riau,173,6,194,-27,19938,17408,450,2080
2020-11-30,Riau,136,6,170,-40,20074,17578,456,2040
2020-12-01,Riau,163,2,283,-122,20237,17861,458,1918
2020-12-02,Riau,227,5,175,47,20464,18036,463,1965
2020-12-03,Riau,179,5,160,14,20643,18196,468,1979
2020-12-04,Riau,155,2,156,-3,20798,18352,470,1976
2020-12-05,Riau,114,3,206,-95,20912,18558,473,1881
2020-12-06,Riau,225,3,191,31,21137,18749,476,1912
2020-12-07,Riau,164,5,186,-27,21301,18935,481,1885
2020-12-08,Riau,171,6,143,22,21472,19078,487,1907
2020-12-09,Riau,235,6,186,43,21707,19264,493,1950
2020-12-10,Riau,139,5,114,20,21846,19378,498,1970
2020-12-11,Riau,149,3,180,-34,21995,19558,501,1936
2020-12-12,Riau,178,4,227,-53,22173,19785,505,1883
2020-12-13,Riau,181,3,153,25,22354,19938,508,1908
2020-12-14,Riau,78,3,167,-92,22432,20105,511,1816
2020-12-15,Riau,177,3,124,50,22609,20229,514,1866
2020-12-16,Riau,153,4,223,-74,22762,20452,518,1792
2020-12-17,Riau,288,5,197,86,23050,20649,523,1878
2020-12-18,Riau,184,9,200,-25,23234,20849,532,1853
2020-12-19,Riau,372,5,183,184,23606,21032,537,2037
2020-12-20,Riau,121,2,128,-9,23727,21160,539,2028
2020-12-21,Riau,76,4,99,-27,23803,21259,543,2001
2020-12-22,Riau,116,1,165,-50,23919,21424,544,1951
2020-12-23,Riau,96,3,205,-112,24015,21629,547,1839
2020-12-24,Riau,214,4,112,98,24229,21741,551,1937
2020-12-25,Riau,79,7,281,-209,24308,22022,558,1728
2020-12-26,Riau,93,8,191,-106,24401,22213,566,1622
2020-12-27,Riau,117,2,185,-70,24518,22398,568,1552
2020-12-28,Riau,81,4,172,-95,24599,22570,572,1457
2020-12-29,Riau,116,3,318,-205,24715,22888,575,1252
2020-12-30,Riau,141,4,112,25,24856,23000,579,1277
2020-12-31,Riau,110,3,77,30,24966,23077,582,1307
2021-01-01,Riau,147,3,144,0,25113,23221,585,1307
2021-01-02,Riau,68,6,128,-66,25181,23349,591,1241
2021-01-03,Riau,81,5,156,-80,25262,23505,596,1161
2021-01-04,Riau,110,2,96,12,25372,23601,598,1173
2021-01-05,Riau,160,2,92,66,25532,23693,600,1239
2021-01-06,Riau,169,1,115,53,25701,23808,601,1292
2021-01-07,Riau,139,1,93,45,25840,23901,602,1337
2021-01-08,Riau,192,5,114,73,26032,24015,607,1410
2021-01-09,Riau,134,7,153,-26,26166,24168,614,1384
2021-01-10,Riau,166,3,108,55,26332,24276,617,1439
2021-01-11,Riau,88,2,98,-12,26420,24374,619,1427
2021-01-12,Riau,266,2,78,186,26686,24452,621,1613
2021-01-13,Riau,138,5,89,44,26824,24541,626,1657
2021-01-14,Riau,93,1,119,-27,26917,24660,627,1630
2021-01-15,Riau,170,2,186,-18,27087,24846,629,1612
2021-01-16,Riau,96,5,166,-75,27183,25012,634,1537
2021-01-17,Riau,188,1,138,49,27371,25150,635,1586
2021-01-18,Riau,88,6,140,-58,27459,25290,641,1528
2021-01-19,Riau,167,4,141,22,27626,25431,645,1550
2021-01-20,Riau,122,5,150,-33,27748,25581,650,1517
2021-01-21,Riau,137,5,96,36,27885,25677,655,1553
2021-01-22,Riau,122,1,204,-83,28007,25881,656,1470
2021-01-23,Riau,112,7,140,-35,28119,26021,663,1435
2021-01-24,Riau,153,5,99,49,28272,26120,668,1484
2021-01-25,Riau,44,2,169,-127,28316,26289,670,1357
2021-01-26,Riau,132,9,99,24,28448,26388,679,1381
2021-01-27,Riau,129,2,159,-32,28577,26547,681,1349
2021-01-28,Riau,116,1,116,-1,28693,26663,682,1348
2021-01-29,Riau,96,2,148,-54,28789,26811,684,1294
2021-01-30,Riau,89,2,130,-43,28878,26941,686,1251
2021-01-31,Riau,130,1,140,-11,29008,27081,687,1240
2021-02-01,Riau,21,3,120,-102,29029,27201,690,1138
2021-02-02,Riau,78,1,110,-33,29107,27311,691,1105
2021-02-03,Riau,104,1,135,-32,29211,27446,692,1073
2021-02-04,Riau,92,5,58,29,29303,27504,697,1102
2021-02-05,Riau,68,3,107,-42,29371,27611,700,1060
2021-02-06,Riau,70,3,130,-63,29441,27741,703,997
2021-02-07,Riau,93,3,77,13,29534,27818,706,1010
2021-02-08,Riau,62,1,74,-13,29596,27892,707,997
2021-02-09,Riau,73,3,83,-13,29669,27975,710,984
2021-02-10,Riau,173,4,129,40,29842,28104,714,1024
2021-02-11,Riau,89,3,44,42,29931,28148,717,1066
2021-02-12,Riau,96,3,92,1,30027,28240,720,1067
2021-02-13,Riau,47,2,104,-59,30074,28344,722,1008
2021-02-14,Riau,67,1,88,-22,30141,28432,723,986
2021-02-15,Riau,56,2,51,3,30197,28483,725,989
2021-02-16,Riau,80,4,72,4,30277,28555,729,993
2021-02-17,Riau,22,1,57,-36,30299,28612,730,957
2021-02-18,Riau,109,2,111,-4,30408,28723,732,953
2021-02-19,Riau,69,3,74,-8,30477,28797,735,945
2021-02-20,Riau,133,8,171,-46,30610,28968,743,899
2021-02-21,Riau,197,1,91,105,30807,29059,744,1004
2021-02-22,Riau,51,2,94,-45,30858,29153,746,959
2021-02-23,Riau,116,3,59,54,30974,29212,749,1013
2021-02-24,Riau,110,2,55,53,31084,29267,751,1066
2021-02-25,Riau,133,2,63,68,31217,29330,753,1134
2021-02-26,Riau,69,4,85,-20,31286,29415,757,1114
2021-02-27,Riau,49,4,56,-11,31335,29471,761,1103
2021-02-28,Riau,63,2,91,-30,31398,29562,763,1073
2021-03-01,Riau,55,2,75,-22,31453,29637,765,1051
2021-03-02,Riau,89,1,106,-18,31542,29743,766,1033
2021-03-03,Riau,79,3,165,-89,31621,29908,769,944
2021-03-04,Riau,87,4,70,13,31708,29978,773,957
2021-03-05,Riau,129,1,99,29,31837,30077,774,986
2021-03-06,Riau,68,4,87,-23,31905,30164,778,963
2021-03-07,Riau,134,3,99,32,32039,30263,781,995
2021-03-08,Riau,64,2,71,-9,32103,30334,783,986
2021-03-09,Riau,109,3,75,31,32212,30409,786,1017
2021-03-10,Riau,107,2,67,38,32319,30476,788,1055
2021-03-11,Riau,111,1,50,60,32430,30526,789,1115
2021-03-12,Riau,58,4,50,4,32488,30576,793,1119
2021-03-13,Riau,66,3,107,-44,32554,30683,796,1075
2021-03-14,Riau,169,4,111,54,32723,30794,800,1129
2021-03-15,Riau,69,1,98,-30,32792,30892,801,1099
2021-03-16,Riau,117,3,52,62,32909,30944,804,1161
2021-03-17,Riau,82,1,121,-40,32991,31065,805,1121
2021-03-18,Riau,108,1,56,51,33099,31121,806,1172
2021-03-19,Riau,132,7,211,-86,33231,31332,813,1086
2021-03-20,Riau,219,3,114,102,33450,31446,816,1188
2021-03-21,Riau,49,0,112,-63,33499,31558,816,1125
2021-03-22,Riau,74,4,76,-6,33573,31634,820,1119
2021-03-23,Riau,167,3,71,93,33740,31705,823,1212
2021-03-24,Riau,125,5,141,-21,33865,31846,828,1191
2021-03-25,Riau,120,7,85,28,33985,31931,835,1219
2021-03-26,Riau,169,0,107,62,34154,32038,835,1281
2021-03-27,Riau,112,3,75,34,34266,32113,838,1315
2021-03-28,Riau,125,1,95,29,34391,32208,839,1344
2021-03-29,Riau,69,5,105,-41,34460,32313,844,1303
2021-03-30,Riau,132,2,140,-10,34592,32453,846,1293
2021-03-31,Riau,160,5,144,11,34752,32597,851,1304
2021-04-01,Riau,199,6,75,118,34951,32672,857,1422
2021-04-02,Riau,203,4,132,67,35154,32804,861,1489
2021-04-03,Riau,116,4,121,-9,35270,32925,865,1480
2021-04-04,Riau,217,6,123,88,35487,33048,871,1568
2021-04-05,Riau,85,8,108,-31,35572,33156,879,1537
2021-04-06,Riau,214,5,170,39,35786,33326,884,1576
2021-04-07,Riau,222,4,116,102,36008,33442,888,1678
2021-04-08,Riau,300,6,146,148,36308,33588,894,1826
2021-04-09,Riau,231,4,126,101,36539,33714,898,1927
2021-04-10,Riau,265,1,142,122,36804,33856,899,2049
2021-04-11,Riau,191,5,135,51,36995,33991,904,2100
2021-04-12,Riau,146,6,94,46,37141,34085,910,2146
2021-04-13,Riau,253,7,196,50,37394,34281,917,2196
2021-04-14,Riau,335,11,162,162,37729,34443,928,2358
2021-04-15,Riau,269,10,106,153,37998,34549,938,2511
2021-04-16,Riau,235,6,194,35,38233,34743,944,2546
2021-04-17,Riau,320,6,215,99,38553,34958,950,2645
2021-04-18,Riau,330,8,278,44,38883,35236,958,2689
2021-04-19,Riau,227,9,203,15,39110,35439,967,2704
2021-04-20,Riau,410,14,212,184,39520,35651,981,2888
2021-04-21,Riau,460,4,233,223,39980,35884,985,3111
2021-04-22,Riau,419,12,157,250,40399,36041,997,3361
2021-04-23,Riau,477,11,241,225,40876,36282,1008,3586
2021-04-24,Riau,421,9,328,84,41297,36610,1017,3670
2021-04-25,Riau,404,8,224,172,41701,36834,1025,3842
2021-04-26,Riau,614,14,208,392,42315,37042,1039,4234
2021-04-27,Riau,383,11,329,43,42698,37371,1050,4277
2021-04-28,Riau,479,11,271,197,43177,37642,1061,4474
2021-04-29,Riau,579,10,280,289,43756,37922,1071,4763
2021-04-30,Riau,521,14,403,104,44277,38325,1085,4867
2021-05-01,Riau,377,15,333,29,44654,38658,1100,4896
2021-05-02,Riau,583,16,344,223,45237,39002,1116,5119
2021-05-03,Riau,341,18,398,-75,45578,39400,1134,5044
2021-05-04,Riau,483,7,331,145,46061,39731,1141,5189
2021-05-05,Riau,570,15,572,-17,46631,40303,1156,5172
2021-05-06,Riau,520,20,479,21,47151,40782,1176,5193
2021-05-07,Riau,628,17,505,106,47779,41287,1193,5299
2021-05-08,Riau,653,7,256,390,48432,41543,1200,5689
2021-05-09,Riau,454,26,222,206,48886,41765,1226,5895
2021-05-10,Riau,551,14,630,-93,49437,42395,1240,5802
2021-05-11,Riau,587,24,527,36,50024,42922,1264,5838
2021-05-12,Riau,523,12,779,-268,50547,43701,1276,5570
2021-05-13,Riau,513,14,263,236,51060,43964,1290,5806
2021-05-14,Riau,112,16,501,-405,51172,44465,1306,5401
2021-05-15,Riau,146,12,564,-430,51318,45029,1318,4971
2021-05-16,Riau,355,6,567,-218,51673,45596,1324,4753
2021-05-17,Riau,317,21,600,-304,51990,46196,1345,4449
2021-05-18,Riau,321,18,579,-276,52311,46775,1363,4173
2021-05-19,Riau,385,17,469,-101,52696,47244,1380,4072
2021-05-20,Riau,421,11,596,-186,53117,47840,1391,3886
2021-05-21,Riau,512,17,648,-153,53629,48488,1408,3733
2021-05-22,Riau,639,6,431,202,54268,48919,1414,3935
2021-05-23,Riau,592,12,513,67,54860,49432,1426,4002
2021-05-24,Riau,665,24,202,439,55525,49634,1450,4441
2021-05-25,Riau,642,19,179,444,56167,49813,1469,4885
2021-05-26,Riau,739,27,347,365,56906,50160,1496,5250
2021-05-27,Riau,810,14,248,548,57716,50408,1510,5798
2021-05-28,Riau,503,19,458,26,58219,50866,1529,5824
2021-05-29,Riau,652,11,413,228,58871,51279,1540,6052
2021-05-30,Riau,726,21,451,254,59597,51730,1561,6306
2021-05-31,Riau,473,26,501,-54,60070,52231,1587,6252
2021-06-01,Riau,452,13,589,-150,60522,52820,1600,6102
2021-06-02,Riau,615,16,578,21,61137,53398,1616,6123
2021-06-03,Riau,380,13,478,-111,61517,53876,1629,6012
2021-06-04,Riau,593,16,701,-124,62110,54577,1645,5888
2021-06-05,Riau,507,19,682,-194,62617,55259,1664,5694
2021-06-06,Riau,528,9,738,-219,63145,55997,1673,5475
2021-06-07,Riau,313,22,561,-270,63458,56558,1695,5205
2021-06-08,Riau,345,13,638,-306,63803,57196,1708,4899
2021-06-09,Riau,402,14,646,-258,64205,57842,1722,4641
2021-06-10,Riau,438,11,470,-43,64643,58312,1733,4598
2021-06-11,Riau,387,12,447,-72,65030,58759,1745,4526
2021-06-12,Riau,388,7,561,-180,65418,59320,1752,4346
2021-06-13,Riau,322,13,400,-91,65740,59720,1765,4255
2021-06-14,Riau,163,9,546,-392,65903,60266,1774,3863
2021-06-15,Riau,310,5,521,-216,66213,60787,1779,3647
2021-06-16,Riau,326,14,453,-141,66539,61240,1793,3506
2021-06-17,Riau,331,15,339,-23,66870,61579,1808,3483
2021-06-18,Riau,353,8,365,-20,67223,61944,1816,3463
2021-06-19,Riau,284,9,385,-110,67507,62329,1825,3353
2021-06-20,Riau,274,12,379,-117,67781,62708,1837,3236
2021-06-21,Riau,148,7,403,-262,67929,63111,1844,2974
2021-06-22,Riau,224,7,360,-143,68153,63471,1851,2831
2021-06-23,Riau,329,10,317,2,68482,63788,1861,2833
2021-06-24,Riau,295,11,177,107,68777,63965,1872,2940
2021-06-25,Riau,274,11,300,-37,69051,64265,1883,2903
2021-06-26,Riau,365,10,309,46,69416,64574,1893,2949
2021-06-27,Riau,223,6,305,-88,69639,64879,1899,2861
2021-06-28,Riau,209,10,312,-113,69848,65191,1909,2748
2021-06-29,Riau,288,14,273,1,70136,65464,1923,2749
2021-06-30,Riau,381,8,251,122,70517,65715,1931,2871
2021-07-01,Riau,416,11,147,258,70933,65862,1942,3129
2021-07-02,Riau,506,10,222,274,71439,66084,1952,3403
2021-07-03,Riau,447,8,352,87,71886,66436,1960,3490
2021-07-04,Riau,463,6,245,212,72349,66681,1966,3702
2021-07-05,Riau,424,11,273,140,72773,66954,1977,3842
2021-07-06,Riau,418,3,326,89,73191,67280,1980,3931
2021-07-07,Riau,532,15,193,324,73723,67473,1995,4255
2021-07-08,Riau,672,8,209,455,74395,67682,2003,4710
2021-07-09,Riau,504,16,299,189,74899,67981,2019,4899
2021-07-10,Riau,738,20,394,324,75637,68375,2039,5223
2021-07-11,Riau,653,15,373,265,76290,68748,2054,5488
2021-07-12,Riau,560,17,495,48,76850,69243,2071,5536
2021-07-13,Riau,610,11,450,149,77460,69693,2082,5685
2021-07-14,Riau,978,16,474,488,78438,70167,2098,6173
2021-07-15,Riau,964,23,361,580,79402,70528,2121,6753
2021-07-16,Riau,858,19,391,448,80260,70919,2140,7201
2021-07-17,Riau,999,21,517,461,81259,71436,2161,7662
2021-07-18,Riau,847,28,639,180,82106,72075,2189,7842
2021-07-19,Riau,680,27,509,144,82786,72584,2216,7986
2021-07-20,Riau,843,24,739,80,83629,73323,2240,8066
2021-07-21,Riau,452,23,317,112,84081,73640,2263,8178
2021-07-22,Riau,769,27,786,-44,84850,74426,2290,8134
2021-07-23,Riau,1008,21,600,387,85858,75026,2311,8521
2021-07-24,Riau,1215,34,971,210,87073,75997,2345,8731
2021-07-25,Riau,1032,37,927,68,88105,76924,2382,8799
2021-07-26,Riau,1137,32,806,299,89242,77730,2414,9098
2021-07-27,Riau,1428,35,664,729,90670,78394,2449,9827
2021-07-28,Riau,1276,23,923,330,91946,79317,2472,10157
2021-07-29,Riau,2096,25,606,1465,94042,79923,2497,11622
2021-07-30,Riau,1667,43,907,717,95709,80830,2540,12339
2021-07-31,Riau,1626,50,374,1202,97335,81204,2590,13541
2021-08-01,Riau,1202,33,849,320,98537,82053,2623,13861
2020-03-19,Kepulauan Riau,1,1,0,0,1,0,1,0
2020-03-20,Kepulauan Riau,0,0,0,0,1,0,1,0
2020-03-21,Kepulauan Riau,0,0,0,0,1,0,1,0
2020-03-22,Kepulauan Riau,0,0,0,0,1,0,1,0
2020-03-23,Kepulauan Riau,0,0,0,0,1,0,1,0
2020-03-24,Kepulauan Riau,0,0,0,0,1,0,1,0
2020-03-25,Kepulauan Riau,0,0,0,0,1,0,1,0
2020-03-26,Kepulauan Riau,0,0,0,0,1,0,1,0
2020-03-27,Kepulauan Riau,0,0,0,0,1,0,1,0
2020-03-28,Kepulauan Riau,1,0,2,-1,2,2,1,-1
2020-03-29,Kepulauan Riau,0,0,0,0,2,2,1,-1
2020-03-30,Kepulauan Riau,2,2,0,0,4,2,3,-1
2020-03-31,Kepulauan Riau,1,0,0,1,5,2,3,0
2020-04-01,Kepulauan Riau,0,0,0,0,5,2,3,0
2020-04-02,Kepulauan Riau,2,1,2,-1,7,4,4,-1
2020-04-03,Kepulauan Riau,2,0,0,2,9,4,4,1
2020-04-04,Kepulauan Riau,0,0,0,0,9,4,4,1
2020-04-05,Kepulauan Riau,1,0,0,1,10,4,4,2
2020-04-06,Kepulauan Riau,0,0,0,0,10,4,4,2
2020-04-07,Kepulauan Riau,0,0,0,0,10,4,4,2
2020-04-08,Kepulauan Riau,0,0,0,0,10,4,4,2
2020-04-09,Kepulauan Riau,11,0,0,11,21,4,4,13
2020-04-10,Kepulauan Riau,0,0,0,0,21,4,4,13
2020-04-11,Kepulauan Riau,0,2,0,-2,21,4,6,11
2020-04-12,Kepulauan Riau,0,0,0,0,21,4,6,11
2020-04-13,Kepulauan Riau,0,0,0,0,21,4,6,11
2020-04-14,Kepulauan Riau,6,2,0,4,27,4,8,15
2020-04-15,Kepulauan Riau,5,0,3,2,32,7,8,17
2020-04-16,Kepulauan Riau,7,0,0,7,39,7,8,24
2020-04-17,Kepulauan Riau,19,0,1,18,58,8,8,42
2020-04-18,Kepulauan Riau,21,0,0,21,79,8,8,63
2020-04-19,Kepulauan Riau,0,0,1,-1,79,9,8,62
2020-04-20,Kepulauan Riau,0,1,1,-2,79,10,9,60
2020-04-21,Kepulauan Riau,2,0,1,1,81,11,9,61
2020-04-22,Kepulauan Riau,0,0,0,0,81,11,9,61
2020-04-23,Kepulauan Riau,2,0,0,2,83,11,9,63
2020-04-24,Kepulauan Riau,0,0,0,0,83,11,9,63
2020-04-25,Kepulauan Riau,0,0,2,-2,83,13,9,61
2020-04-26,Kepulauan Riau,2,0,0,2,85,13,9,63
2020-04-27,Kepulauan Riau,1,0,0,1,86,13,9,64
2020-04-28,Kepulauan Riau,3,0,0,3,89,13,9,67
2020-04-29,Kepulauan Riau,0,0,4,-4,89,17,9,63
2020-04-30,Kepulauan Riau,0,0,0,0,89,17,9,63
2020-05-01,Kepulauan Riau,0,0,23,-23,89,40,9,40
2020-05-02,Kepulauan Riau,0,0,11,-11,89,51,9,29
2020-05-03,Kepulauan Riau,3,1,1,1,92,52,10,30
2020-05-04,Kepulauan Riau,0,0,1,-1,92,53,10,29
2020-05-05,Kepulauan Riau,5,0,6,-1,97,59,10,28
2020-05-06,Kepulauan Riau,1,0,6,-5,98,65,10,23
2020-05-07,Kepulauan Riau,0,0,4,-4,98,69,10,19
2020-05-08,Kepulauan Riau,2,0,2,0,100,71,10,19
2020-05-09,Kepulauan Riau,1,1,1,-1,101,72,11,18
2020-05-10,Kepulauan Riau,0,0,1,-1,101,73,11,17
2020-05-11,Kepulauan Riau,3,0,7,-4,104,80,11,13
2020-05-12,Kepulauan Riau,2,0,1,1,106,81,11,14
2020-05-13,Kepulauan Riau,5,0,0,5,111,81,11,19
2020-05-14,Kepulauan Riau,0,0,0,0,111,81,11,19
2020-05-15,Kepulauan Riau,4,0,3,1,115,84,11,20
2020-05-16,Kepulauan Riau,1,0,0,1,116,84,11,21
2020-05-17,Kepulauan Riau,0,1,0,-1,116,84,12,20
2020-05-18,Kepulauan Riau,11,0,1,10,127,85,12,30
2020-05-19,Kepulauan Riau,13,0,0,13,140,85,12,43
2020-05-20,Kepulauan Riau,0,0,0,0,140,85,12,43
2020-05-21,Kepulauan Riau,0,0,0,0,140,85,12,43
2020-05-22,Kepulauan Riau,1,0,4,-3,141,89,12,40
2020-05-23,Kepulauan Riau,8,1,1,6,149,90,13,46
2020-05-24,Kepulauan Riau,4,0,0,4,153,90,13,50
2020-05-25,Kepulauan Riau,0,0,0,0,153,90,13,50
2020-05-26,Kepulauan Riau,0,1,1,-2,153,91,14,48
2020-05-27,Kepulauan Riau,8,0,2,6,161,93,14,54
2020-05-28,Kepulauan Riau,13,1,7,5,174,100,15,59
2020-05-29,Kepulauan Riau,3,0,5,-2,177,105,15,57
2020-05-30,Kepulauan Riau,18,0,0,18,195,105,15,75
2020-05-31,Kepulauan Riau,0,1,0,-1,195,105,16,74
2020-06-01,Kepulauan Riau,0,0,0,0,195,105,16,74
2020-06-02,Kepulauan Riau,12,0,0,12,207,105,16,86
2020-06-03,Kepulauan Riau,0,0,1,-1,207,106,16,85
2020-06-04,Kepulauan Riau,11,0,1,10,218,107,16,95
2020-06-05,Kepulauan Riau,3,0,11,-8,221,118,16,87
2020-06-06,Kepulauan Riau,4,0,5,-1,225,123,16,86
2020-06-07,Kepulauan Riau,1,0,0,1,226,123,16,87
2020-06-08,Kepulauan Riau,1,0,3,-2,227,126,16,85
2020-06-09,Kepulauan Riau,0,0,0,0,227,126,16,85
2020-06-10,Kepulauan Riau,0,0,5,-5,227,131,16,80
2020-06-11,Kepulauan Riau,10,0,0,10,237,131,16,90
2020-06-12,Kepulauan Riau,0,0,10,-10,237,141,16,80
2020-06-13,Kepulauan Riau,1,0,6,-5,238,147,16,75
2020-06-14,Kepulauan Riau,0,0,13,-13,238,160,16,62
2020-06-15,Kepulauan Riau,15,0,3,12,253,163,16,74
2020-06-16,Kepulauan Riau,0,0,2,-2,253,165,16,72
2020-06-17,Kepulauan Riau,9,0,10,-1,262,175,16,71
2020-06-18,Kepulauan Riau,1,0,0,1,263,175,16,72
2020-06-19,Kepulauan Riau,2,0,10,-8,265,185,16,64
2020-06-20,Kepulauan Riau,1,0,1,0,266,186,16,64
2020-06-21,Kepulauan Riau,13,0,0,13,279,186,16,77
2020-06-22,Kepulauan Riau,2,0,10,-8,281,196,16,69
2020-06-23,Kepulauan Riau,0,0,1,-1,281,197,16,68
2020-06-24,Kepulauan Riau,3,0,1,2,284,198,16,70
2020-06-25,Kepulauan Riau,7,0,12,-5,291,210,16,65
2020-06-26,Kepulauan Riau,0,0,11,-11,291,221,16,54
2020-06-27,Kepulauan Riau,0,0,17,-17,291,238,16,37
2020-06-28,Kepulauan Riau,2,0,2,0,293,240,16,37
2020-06-29,Kepulauan Riau,0,0,3,-3,293,243,16,34
2020-06-30,Kepulauan Riau,0,0,2,-2,293,245,16,32
2020-07-01,Kepulauan Riau,9,0,1,8,302,246,16,40
2020-07-02,Kepulauan Riau,5,0,11,-6,307,257,16,34
2020-07-03,Kepulauan Riau,3,0,4,-1,310,261,16,33
2020-07-04,Kepulauan Riau,1,0,0,1,311,261,16,34
2020-07-05,Kepulauan Riau,2,0,4,-2,313,265,16,32
2020-07-06,Kepulauan Riau,0,0,0,0,313,265,16,32
2020-07-07,Kepulauan Riau,0,0,5,-5,313,270,16,27
2020-07-08,Kepulauan Riau,5,0,12,-7,318,282,16,20
2020-07-09,Kepulauan Riau,3,0,0,3,321,282,16,23
2020-07-10,Kepulauan Riau,0,0,4,-4,321,286,16,19
2020-07-11,Kepulauan Riau,6,0,7,-1,327,293,16,18
2020-07-12,Kepulauan Riau,5,0,1,4,332,294,16,22
2020-07-13,Kepulauan Riau,0,0,1,-1,332,295,16,21
2020-07-14,Kepulauan Riau,5,0,1,4,337,296,16,25
2020-07-15,Kepulauan Riau,4,0,5,-1,341,301,16,24
2020-07-16,Kepulauan Riau,0,0,0,0,341,301,16,24
2020-07-17,Kepulauan Riau,0,0,0,0,341,301,16,24
2020-07-18,Kepulauan Riau,3,0,0,3,344,301,16,27
2020-07-19,Kepulauan Riau,1,0,0,1,345,301,16,28
2020-07-20,Kepulauan Riau,1,0,2,-1,346,303,16,27
2020-07-21,Kepulauan Riau,0,0,0,0,346,303,16,27
2020-07-22,Kepulauan Riau,4,0,1,3,350,304,16,30
2020-07-23,Kepulauan Riau,0,0,4,-4,350,308,16,26
2020-07-24,Kepulauan Riau,2,0,9,-7,352,317,16,19
2020-07-25,Kepulauan Riau,3,0,1,2,355,318,16,21
2020-07-26,Kepulauan Riau,1,1,0,0,356,318,17,21
2020-07-27,Kepulauan Riau,2,0,0,2,358,318,17,23
2020-07-28,Kepulauan Riau,8,1,6,1,366,324,18,24
2020-07-29,Kepulauan Riau,8,1,0,7,374,324,19,31
2020-07-30,Kepulauan Riau,0,0,0,0,374,324,19,31
2020-07-31,Kepulauan Riau,77,1,0,76,451,324,20,107
2020-08-01,Kepulauan Riau,41,0,0,41,492,324,20,148
2020-08-02,Kepulauan Riau,2,0,0,2,494,324,20,150
2020-08-03,Kepulauan Riau,0,0,0,0,494,324,20,150
2020-08-04,Kepulauan Riau,0,0,0,0,494,324,20,150
2020-08-05,Kepulauan Riau,7,3,0,4,501,324,23,154
2020-08-06,Kepulauan Riau,0,0,0,0,501,324,23,154
2020-08-07,Kepulauan Riau,17,0,1,16,518,325,23,170
2020-08-08,Kepulauan Riau,9,0,0,9,527,325,23,179
2020-08-09,Kepulauan Riau,8,1,0,7,535,325,24,186
2020-08-10,Kepulauan Riau,21,0,2,19,556,327,24,205
2020-08-11,Kepulauan Riau,16,0,6,10,572,333,24,215
2020-08-12,Kepulauan Riau,27,1,0,26,599,333,25,241
2020-08-13,Kepulauan Riau,15,1,31,-17,614,364,26,224
2020-08-14,Kepulauan Riau,12,0,18,-6,626,382,26,218
2020-08-15,Kepulauan Riau,22,1,5,16,648,387,27,234
2020-08-16,Kepulauan Riau,10,1,2,7,658,389,28,241
2020-08-17,Kepulauan Riau,12,0,8,4,670,397,28,245
2020-08-18,Kepulauan Riau,0,0,0,0,670,397,28,245
2020-08-19,Kepulauan Riau,15,0,10,5,685,407,28,250
2020-08-20,Kepulauan Riau,1,2,11,-12,686,418,30,238
2020-08-21,Kepulauan Riau,23,1,30,-8,709,448,31,230
2020-08-22,Kepulauan Riau,0,1,0,-1,709,448,32,229
2020-08-23,Kepulauan Riau,39,2,17,20,748,465,34,249
2020-08-24,Kepulauan Riau,11,0,3,8,759,468,34,257
2020-08-25,Kepulauan Riau,10,1,48,-39,769,516,35,218
2020-08-26,Kepulauan Riau,7,0,11,-4,776,527,35,214
2020-08-27,Kepulauan Riau,50,3,6,41,826,533,38,255
2020-08-28,Kepulauan Riau,41,0,6,35,867,539,38,290
2020-08-29,Kepulauan Riau,35,2,13,20,902,552,40,310
2020-08-30,Kepulauan Riau,1,0,0,1,903,552,40,311
2020-08-31,Kepulauan Riau,88,1,23,64,991,575,41,375
2020-09-01,Kepulauan Riau,27,0,0,27,1018,575,41,402
2020-09-02,Kepulauan Riau,47,0,6,41,1065,581,41,443
2020-09-03,Kepulauan Riau,37,0,8,29,1102,589,41,472
2020-09-04,Kepulauan Riau,65,0,9,56,1167,598,41,528
2020-09-05,Kepulauan Riau,17,0,1,16,1184,599,41,544
2020-09-06,Kepulauan Riau,0,0,0,0,1184,599,41,544
2020-09-07,Kepulauan Riau,53,2,52,-1,1237,651,43,543
2020-09-08,Kepulauan Riau,24,1,6,17,1261,657,44,560
2020-09-09,Kepulauan Riau,52,0,1,51,1313,658,44,611
2020-09-10,Kepulauan Riau,28,1,1,26,1341,659,45,637
2020-09-11,Kepulauan Riau,17,0,70,-53,1358,729,45,584
2020-09-12,Kepulauan Riau,21,4,37,-20,1379,766,49,564
2020-09-13,Kepulauan Riau,33,0,2,31,1412,768,49,595
2020-09-14,Kepulauan Riau,19,0,75,-56,1431,843,49,539
2020-09-15,Kepulauan Riau,8,0,25,-17,1439,868,49,522
2020-09-16,Kepulauan Riau,21,0,9,12,1460,877,49,534
2020-09-17,Kepulauan Riau,34,0,1,33,1494,878,49,567
2020-09-18,Kepulauan Riau,88,4,279,-195,1582,1157,53,372
2020-09-19,Kepulauan Riau,46,1,18,27,1628,1175,54,399
2020-09-20,Kepulauan Riau,12,1,0,11,1640,1175,55,410
2020-09-21,Kepulauan Riau,85,0,0,85,1725,1175,55,495
2020-09-22,Kepulauan Riau,23,0,6,17,1748,1181,55,512
2020-09-23,Kepulauan Riau,117,0,19,98,1865,1200,55,610
2020-09-24,Kepulauan Riau,11,0,16,-5,1876,1216,55,605
2020-09-25,Kepulauan Riau,147,0,13,134,2023,1229,55,739
2020-09-26,Kepulauan Riau,92,0,65,27,2115,1294,55,766
2020-09-27,Kepulauan Riau,56,0,1,55,2171,1295,55,821
2020-09-28,Kepulauan Riau,12,0,104,-92,2183,1399,55,729
2020-09-29,Kepulauan Riau,17,0,15,2,2200,1414,55,731
2020-09-30,Kepulauan Riau,34,0,3,31,2234,1417,55,762
2020-10-01,Kepulauan Riau,16,0,1,15,2250,1418,55,777
2020-10-02,Kepulauan Riau,23,0,9,14,2273,1427,55,791
2020-10-03,Kepulauan Riau,33,0,31,2,2306,1458,55,793
2020-10-04,Kepulauan Riau,37,1,1,35,2343,1459,56,828
2020-10-05,Kepulauan Riau,39,3,85,-49,2382,1544,59,779
2020-10-06,Kepulauan Riau,29,0,44,-15,2411,1588,59,764
2020-10-07,Kepulauan Riau,10,0,100,-90,2421,1688,59,674
2020-10-08,Kepulauan Riau,29,1,132,-104,2450,1820,60,570
2020-10-09,Kepulauan Riau,0,0,0,0,2450,1820,60,570
2020-10-10,Kepulauan Riau,75,0,133,-58,2525,1953,60,512
2020-10-11,Kepulauan Riau,22,1,44,-23,2547,1997,61,489
2020-10-12,Kepulauan Riau,72,0,43,29,2619,2040,61,518
2020-10-13,Kepulauan Riau,22,0,53,-31,2641,2093,61,487
2020-10-14,Kepulauan Riau,20,6,1,13,2661,2094,67,500
2020-10-15,Kepulauan Riau,38,1,67,-30,2699,2161,68,470
2020-10-16,Kepulauan Riau,69,0,70,-1,2768,2231,68,469
2020-10-17,Kepulauan Riau,0,1,0,-1,2768,2231,69,468
2020-10-18,Kepulauan Riau,68,1,35,32,2836,2266,70,500
2020-10-19,Kepulauan Riau,47,1,1,45,2883,2267,71,545
2020-10-20,Kepulauan Riau,32,2,78,-48,2915,2345,73,497
2020-10-21,Kepulauan Riau,97,1,0,96,3012,2345,74,593
2020-10-22,Kepulauan Riau,0,0,0,0,3012,2345,74,593
2020-10-23,Kepulauan Riau,114,7,26,81,3126,2371,81,674
2020-10-24,Kepulauan Riau,81,6,34,41,3207,2405,87,715
2020-10-25,Kepulauan Riau,155,1,52,102,3362,2457,88,817
2020-10-26,Kepulauan Riau,138,3,67,68,3500,2524,91,885
2020-10-27,Kepulauan Riau,103,0,0,103,3603,2524,91,988
2020-10-28,Kepulauan Riau,135,1,22,112,3738,2546,92,1100
2020-10-29,Kepulauan Riau,163,2,23,138,3901,2569,94,1238
2020-10-30,Kepulauan Riau,67,1,35,31,3968,2604,95,1269
2020-10-31,Kepulauan Riau,40,0,56,-16,4008,2660,95,1253
2020-11-01,Kepulauan Riau,17,0,3,14,4025,2663,95,1267
2020-11-02,Kepulauan Riau,22,0,107,-85,4047,2770,95,1182
2020-11-03,Kepulauan Riau,64,1,0,63,4111,2770,96,1245
2020-11-04,Kepulauan Riau,34,0,31,3,4145,2801,96,1248
2020-11-05,Kepulauan Riau,44,1,68,-25,4189,2869,97,1223
2020-11-06,Kepulauan Riau,42,0,26,16,4231,2895,97,1239
2020-11-07,Kepulauan Riau,43,4,28,11,4274,2923,101,1250
2020-11-08,Kepulauan Riau,84,5,82,-3,4358,3005,106,1247
2020-11-09,Kepulauan Riau,28,5,49,-26,4386,3054,111,1221
2020-11-10,Kepulauan Riau,0,0,0,0,4386,3054,111,1221
2020-11-11,Kepulauan Riau,158,0,16,142,4544,3070,111,1363
2020-11-12,Kepulauan Riau,97,5,0,92,4641,3070,116,1455
2020-11-13,Kepulauan Riau,74,1,65,8,4715,3135,117,1463
2020-11-14,Kepulauan Riau,21,0,114,-93,4736,3249,117,1370
2020-11-15,Kepulauan Riau,0,1,132,-133,4736,3381,118,1237
2020-11-16,Kepulauan Riau,2,2,0,0,4738,3381,120,1237
2020-11-17,Kepulauan Riau,1,1,102,-102,4739,3483,121,1135
2020-11-18,Kepulauan Riau,0,0,2,-2,4739,3485,121,1133
2020-11-19,Kepulauan Riau,21,0,1,20,4760,3486,121,1153
2020-11-20,Kepulauan Riau,7,0,3,4,4767,3489,121,1157
2020-11-21,Kepulauan Riau,0,0,0,0,4767,3489,121,1157
2020-11-22,Kepulauan Riau,174,0,0,174,4941,3489,121,1331
2020-11-23,Kepulauan Riau,273,0,13,260,5214,3502,121,1591
2020-11-24,Kepulauan Riau,45,0,3,42,5259,3505,121,1633
2020-11-25,Kepulauan Riau,28,7,388,-367,5287,3893,128,1266
2020-11-26,Kepulauan Riau,18,2,109,-93,5305,4002,130,1173
2020-11-27,Kepulauan Riau,46,3,32,11,5351,4034,133,1184
2020-11-28,Kepulauan Riau,26,0,54,-28,5377,4088,133,1156
2020-11-29,Kepulauan Riau,67,3,46,18,5444,4134,136,1174
2020-11-30,Kepulauan Riau,14,0,12,2,5458,4146,136,1176
2020-12-01,Kepulauan Riau,33,0,39,-6,5491,4185,136,1170
2020-12-02,Kepulauan Riau,32,1,0,31,5523,4185,137,1201
2020-12-03,Kepulauan Riau,77,0,222,-145,5600,4407,137,1056
2020-12-04,Kepulauan Riau,56,0,0,56,5656,4407,137,1112
2020-12-05,Kepulauan Riau,86,0,147,-61,5742,4554,137,1051
2020-12-06,Kepulauan Riau,113,4,77,32,5855,4631,141,1083
2020-12-07,Kepulauan Riau,45,5,16,24,5900,4647,146,1107
2020-12-08,Kepulauan Riau,50,3,9,38,5950,4656,149,1145
2020-12-09,Kepulauan Riau,12,0,1,11,5962,4657,149,1156
2020-12-10,Kepulauan Riau,72,0,29,43,6034,4686,149,1199
2020-12-11,Kepulauan Riau,45,1,301,-257,6079,4987,150,942
2020-12-12,Kepulauan Riau,59,0,146,-87,6138,5133,150,855
2020-12-13,Kepulauan Riau,78,3,54,21,6216,5187,153,876
2020-12-14,Kepulauan Riau,97,2,53,42,6313,5240,155,918
2020-12-15,Kepulauan Riau,20,0,21,-1,6333,5261,155,917
2020-12-16,Kepulauan Riau,53,2,68,-17,6386,5329,157,900
2020-12-17,Kepulauan Riau,82,0,17,65,6468,5346,157,965
2020-12-18,Kepulauan Riau,11,2,29,-20,6479,5375,159,945
2020-12-19,Kepulauan Riau,49,0,35,14,6528,5410,159,959
2020-12-20,Kepulauan Riau,0,0,69,-69,6528,5479,159,890
2020-12-21,Kepulauan Riau,154,0,9,145,6682,5488,159,1035
2020-12-22,Kepulauan Riau,33,2,56,-25,6715,5544,161,1010
2020-12-23,Kepulauan Riau,45,0,73,-28,6760,5617,161,982
2020-12-24,Kepulauan Riau,17,1,108,-92,6777,5725,162,890
2020-12-25,Kepulauan Riau,78,1,43,34,6855,5768,163,924
2020-12-26,Kepulauan Riau,15,2,50,-37,6870,5818,165,887
2020-12-27,Kepulauan Riau,8,0,12,-4,6878,5830,165,883
2020-12-28,Kepulauan Riau,33,3,73,-43,6911,5903,168,840
2020-12-29,Kepulauan Riau,22,3,42,-23,6933,5945,171,817
2020-12-30,Kepulauan Riau,35,0,43,-8,6968,5988,171,809
2020-12-31,Kepulauan Riau,27,0,62,-35,6995,6050,171,774
2021-01-01,Kepulauan Riau,19,1,8,10,7014,6058,172,784
2021-01-02,Kepulauan Riau,19,0,98,-79,7033,6156,172,705
2021-01-03,Kepulauan Riau,13,0,21,-8,7046,6177,172,697
2021-01-04,Kepulauan Riau,63,0,52,11,7109,6229,172,708
2021-01-05,Kepulauan Riau,30,2,55,-27,7139,6284,174,681
2021-01-06,Kepulauan Riau,25,0,58,-33,7164,6342,174,648
2021-01-07,Kepulauan Riau,22,2,8,12,7186,6350,176,660
2021-01-08,Kepulauan Riau,26,0,49,-23,7212,6399,176,637
2021-01-09,Kepulauan Riau,60,1,100,-41,7272,6499,177,596
2021-01-10,Kepulauan Riau,34,0,39,-5,7306,6538,177,591
2021-01-11,Kepulauan Riau,19,0,23,-4,7325,6561,177,587
2021-01-12,Kepulauan Riau,32,2,30,0,7357,6591,179,587
2021-01-13,Kepulauan Riau,28,2,16,10,7385,6607,181,597
2021-01-14,Kepulauan Riau,51,1,62,-12,7436,6669,182,585
2021-01-15,Kepulauan Riau,26,1,14,11,7462,6683,183,596
2021-01-16,Kepulauan Riau,63,0,4,59,7525,6687,183,655
2021-01-17,Kepulauan Riau,29,2,31,-4,7554,6718,185,651
2021-01-18,Kepulauan Riau,85,2,24,59,7639,6742,187,710
2021-01-19,Kepulauan Riau,30,0,31,-1,7669,6773,187,709
2021-01-20,Kepulauan Riau,34,1,28,5,7703,6801,188,714
2021-01-21,Kepulauan Riau,30,2,21,7,7733,6822,190,721
2021-01-22,Kepulauan Riau,60,2,21,37,7793,6843,192,758
2021-01-23,Kepulauan Riau,15,0,15,0,7808,6858,192,758
2021-01-24,Kepulauan Riau,23,0,64,-41,7831,6922,192,717
2021-01-25,Kepulauan Riau,32,0,3,29,7863,6925,192,746
2021-01-26,Kepulauan Riau,28,1,30,-3,7891,6955,193,743
2021-01-27,Kepulauan Riau,18,1,25,-8,7909,6980,194,735
2021-01-28,Kepulauan Riau,37,2,21,14,7946,7001,196,749
2021-01-29,Kepulauan Riau,27,0,22,5,7973,7023,196,754
2021-01-30,Kepulauan Riau,26,0,59,-33,7999,7082,196,721
2021-01-31,Kepulauan Riau,100,2,33,65,8099,7115,198,786
2021-02-01,Kepulauan Riau,50,3,10,37,8149,7125,201,823
2021-02-02,Kepulauan Riau,26,2,172,-148,8175,7297,203,675
2021-02-03,Kepulauan Riau,19,0,0,19,8194,7297,203,694
2021-02-04,Kepulauan Riau,36,0,53,-17,8230,7350,203,677
2021-02-05,Kepulauan Riau,25,0,161,-136,8255,7511,203,541
2021-02-06,Kepulauan Riau,19,1,33,-15,8274,7544,204,526
2021-02-07,Kepulauan Riau,31,0,51,-20,8305,7595,204,506
2021-02-08,Kepulauan Riau,10,0,67,-57,8315,7662,204,449
2021-02-09,Kepulauan Riau,51,4,32,15,8366,7694,208,464
2021-02-10,Kepulauan Riau,37,0,80,-43,8403,7774,208,421
2021-02-11,Kepulauan Riau,25,0,33,-8,8428,7807,208,413
2021-02-12,Kepulauan Riau,11,0,69,-58,8439,7876,208,355
2021-02-13,Kepulauan Riau,20,1,7,12,8459,7883,209,367
2021-02-14,Kepulauan Riau,33,0,17,16,8492,7900,209,383
2021-02-15,Kepulauan Riau,8,0,1,7,8500,7901,209,390
2021-02-16,Kepulauan Riau,14,0,7,7,8514,7908,209,397
2021-02-17,Kepulauan Riau,13,1,3,9,8527,7911,210,406
2021-02-18,Kepulauan Riau,25,0,108,-83,8552,8019,210,323
2021-02-19,Kepulauan Riau,11,2,71,-62,8563,8090,212,261
2021-02-20,Kepulauan Riau,17,2,30,-15,8580,8120,214,246
2021-02-21,Kepulauan Riau,24,3,22,-1,8604,8142,217,245
2021-02-22,Kepulauan Riau,22,0,21,1,8626,8163,217,246
2021-02-23,Kepulauan Riau,16,0,1,15,8642,8164,217,261
2021-02-24,Kepulauan Riau,15,1,19,-5,8657,8183,218,256
2021-02-25,Kepulauan Riau,8,0,75,-67,8665,8258,218,189
2021-02-26,Kepulauan Riau,19,0,14,5,8684,8272,218,194
2021-02-27,Kepulauan Riau,11,0,7,4,8695,8279,218,198
2021-02-28,Kepulauan Riau,7,1,4,2,8702,8283,219,200
2021-03-01,Kepulauan Riau,13,1,20,-8,8715,8303,220,192
2021-03-02,Kepulauan Riau,9,0,12,-3,8724,8315,220,189
2021-03-03,Kepulauan Riau,6,0,19,-13,8730,8334,220,176
2021-03-04,Kepulauan Riau,12,0,17,-5,8742,8351,220,171
2021-03-05,Kepulauan Riau,19,0,17,2,8761,8368,220,173
2021-03-06,Kepulauan Riau,13,0,18,-5,8774,8386,220,168
2021-03-07,Kepulauan Riau,13,0,17,-4,8787,8403,220,164
2021-03-08,Kepulauan Riau,17,1,3,13,8804,8406,221,177
2021-03-09,Kepulauan Riau,3,0,22,-19,8807,8428,221,158
2021-03-10,Kepulauan Riau,14,0,20,-6,8821,8448,221,152
2021-03-11,Kepulauan Riau,18,0,9,9,8839,8457,221,161
2021-03-12,Kepulauan Riau,3,0,13,-10,8842,8470,221,151
2021-03-13,Kepulauan Riau,4,1,5,-2,8846,8475,222,149
2021-03-14,Kepulauan Riau,27,0,8,19,8873,8483,222,168
2021-03-15,Kepulauan Riau,4,1,3,0,8877,8486,223,168
2021-03-16,Kepulauan Riau,2,0,22,-20,8879,8508,223,148
2021-03-17,Kepulauan Riau,37,1,4,32,8916,8512,224,180
2021-03-18,Kepulauan Riau,8,1,18,-11,8924,8530,225,169
2021-03-19,Kepulauan Riau,19,0,4,15,8943,8534,225,184
2021-03-20,Kepulauan Riau,12,0,3,9,8955,8537,225,193
2021-03-21,Kepulauan Riau,5,0,15,-10,8960,8552,225,183
2021-03-22,Kepulauan Riau,33,1,25,7,8993,8577,226,190
2021-03-23,Kepulauan Riau,15,0,6,9,9008,8583,226,199
2021-03-24,Kepulauan Riau,31,1,1,29,9039,8584,227,228
2021-03-25,Kepulauan Riau,42,0,21,21,9081,8605,227,249
2021-03-26,Kepulauan Riau,17,2,17,-2,9098,8622,229,247
2021-03-27,Kepulauan Riau,25,0,1,24,9123,8623,229,271
2021-03-28,Kepulauan Riau,20,0,8,12,9143,8631,229,283
2021-03-29,Kepulauan Riau,11,0,2,9,9154,8633,229,292
2021-03-30,Kepulauan Riau,8,0,38,-30,9162,8671,229,262
2021-03-31,Kepulauan Riau,23,0,4,19,9185,8675,229,281
2021-04-01,Kepulauan Riau,31,0,18,13,9216,8693,229,294
2021-04-02,Kepulauan Riau,32,1,34,-3,9248,8727,230,291
2021-04-03,Kepulauan Riau,56,0,43,13,9304,8770,230,304
2021-04-04,Kepulauan Riau,10,0,0,10,9314,8770,230,314
2021-04-05,Kepulauan Riau,44,0,5,39,9358,8775,230,353
2021-04-06,Kepulauan Riau,23,0,17,6,9381,8792,230,359
2021-04-07,Kepulauan Riau,34,1,21,12,9415,8813,231,371
2021-04-08,Kepulauan Riau,26,2,18,6,9441,8831,233,377
2021-04-09,Kepulauan Riau,58,1,5,52,9499,8836,234,429
2021-04-10,Kepulauan Riau,25,1,29,-5,9524,8865,235,424
2021-04-11,Kepulauan Riau,38,0,7,31,9562,8872,235,455
2021-04-12,Kepulauan Riau,24,2,49,-27,9586,8921,237,428
2021-04-13,Kepulauan Riau,87,1,22,64,9673,8943,238,492
2021-04-14,Kepulauan Riau,45,0,15,30,9718,8958,238,522
2021-04-15,Kepulauan Riau,129,0,10,119,9847,8968,238,641
2021-04-16,Kepulauan Riau,66,2,12,52,9913,8980,240,693
2021-04-17,Kepulauan Riau,69,0,37,32,9982,9017,240,725
2021-04-18,Kepulauan Riau,88,0,2,86,10070,9019,240,811
2021-04-19,Kepulauan Riau,26,1,71,-46,10096,9090,241,765
2021-04-20,Kepulauan Riau,86,0,36,50,10182,9126,241,815
2021-04-21,Kepulauan Riau,60,2,17,41,10242,9143,243,856
2021-04-22,Kepulauan Riau,85,1,32,52,10327,9175,244,908
2021-04-23,Kepulauan Riau,50,0,21,29,10377,9196,244,937
2021-04-24,Kepulauan Riau,101,2,38,61,10478,9234,246,998
2021-04-25,Kepulauan Riau,148,1,171,-24,10626,9405,247,974
2021-04-26,Kepulauan Riau,137,4,147,-14,10763,9552,251,960
2021-04-27,Kepulauan Riau,75,2,20,53,10838,9572,253,1013
2021-04-28,Kepulauan Riau,105,2,20,83,10943,9592,255,1096
2021-04-29,Kepulauan Riau,118,1,37,80,11061,9629,256,1176
2021-04-30,Kepulauan Riau,114,0,12,102,11175,9641,256,1278
2021-05-01,Kepulauan Riau,180,1,111,68,11355,9752,257,1346
2021-05-02,Kepulauan Riau,145,0,8,137,11500,9760,257,1483
2021-05-03,Kepulauan Riau,153,0,0,153,11653,9760,257,1636
2021-05-04,Kepulauan Riau,134,3,173,-42,11787,9933,260,1594
2021-05-05,Kepulauan Riau,94,0,111,-17,11881,10044,260,1577
2021-05-06,Kepulauan Riau,253,11,89,153,12134,10133,271,1730
2021-05-07,Kepulauan Riau,94,0,33,61,12228,10166,271,1791
2021-05-08,Kepulauan Riau,112,0,19,93,12340,10185,271,1884
2021-05-09,Kepulauan Riau,92,0,311,-219,12432,10496,271,1665
2021-05-10,Kepulauan Riau,109,0,82,27,12541,10578,271,1692
2021-05-11,Kepulauan Riau,147,2,132,13,12688,10710,273,1705
2021-05-12,Kepulauan Riau,125,0,3,122,12813,10713,273,1827
2021-05-13,Kepulauan Riau,98,12,255,-169,12911,10968,285,1658
2021-05-14,Kepulauan Riau,98,0,13,85,13009,10981,285,1743
2021-05-15,Kepulauan Riau,190,1,9,180,13199,10990,286,1923
2021-05-16,Kepulauan Riau,222,12,242,-32,13421,11232,298,1891
2021-05-17,Kepulauan Riau,106,1,4,101,13527,11236,299,1992
2021-05-18,Kepulauan Riau,164,2,128,34,13691,11364,301,2026
2021-05-19,Kepulauan Riau,137,0,103,34,13828,11467,301,2060
2021-05-20,Kepulauan Riau,205,0,281,-76,14033,11748,301,1984
2021-05-21,Kepulauan Riau,236,9,46,181,14269,11794,310,2165
2021-05-22,Kepulauan Riau,174,0,60,114,14443,11854,310,2279
2021-05-23,Kepulauan Riau,215,0,25,190,14658,11879,310,2469
2021-05-24,Kepulauan Riau,247,1,313,-67,14905,12192,311,2402
2021-05-25,Kepulauan Riau,191,2,21,168,15096,12213,313,2570
2021-05-26,Kepulauan Riau,190,3,56,131,15286,12269,316,2701
2021-05-27,Kepulauan Riau,411,0,82,329,15697,12351,316,3030
2021-05-28,Kepulauan Riau,219,8,154,57,15916,12505,324,3087
2021-05-29,Kepulauan Riau,456,8,175,273,16372,12680,332,3360
2021-05-30,Kepulauan Riau,294,7,201,86,16666,12881,339,3446
2021-05-31,Kepulauan Riau,161,0,16,145,16827,12897,339,3591
2021-06-01,Kepulauan Riau,227,22,195,10,17054,13092,361,3601
2021-06-02,Kepulauan Riau,351,8,42,301,17405,13134,369,3902
2021-06-03,Kepulauan Riau,217,13,120,84,17622,13254,382,3986
2021-06-04,Kepulauan Riau,200,0,120,80,17822,13374,382,4066
2021-06-05,Kepulauan Riau,372,2,332,38,18194,13706,384,4104
2021-06-06,Kepulauan Riau,273,2,9,262,18467,13715,386,4366
2021-06-07,Kepulauan Riau,151,0,27,124,18618,13742,386,4490
2021-06-08,Kepulauan Riau,218,1,426,-209,18836,14168,387,4281
2021-06-09,Kepulauan Riau,407,17,429,-39,19243,14597,404,4242
2021-06-10,Kepulauan Riau,307,0,292,15,19550,14889,404,4257
2021-06-11,Kepulauan Riau,300,4,288,8,19850,15177,408,4265
2021-06-12,Kepulauan Riau,282,1,965,-684,20132,16142,409,3581
2021-06-13,Kepulauan Riau,215,0,354,-139,20347,16496,409,3442
2021-06-14,Kepulauan Riau,120,9,30,81,20467,16526,418,3523
2021-06-15,Kepulauan Riau,219,0,0,219,20686,16526,418,3742
2021-06-16,Kepulauan Riau,351,1,506,-156,21037,17032,419,3586
2021-06-17,Kepulauan Riau,307,23,307,-23,21344,17339,442,3563
2021-06-18,Kepulauan Riau,278,0,334,-56,21622,17673,442,3507
2021-06-19,Kepulauan Riau,341,0,515,-174,21963,18188,442,3333
2021-06-20,Kepulauan Riau,337,2,213,122,22300,18401,444,3455
2021-06-21,Kepulauan Riau,227,0,399,-172,22527,18800,444,3283
2021-06-22,Kepulauan Riau,153,2,33,118,22680,18833,446,3401
2021-06-23,Kepulauan Riau,309,25,277,7,22989,19110,471,3408
2021-06-24,Kepulauan Riau,459,2,431,26,23448,19541,473,3434
2021-06-25,Kepulauan Riau,403,2,181,220,23851,19722,475,3654
2021-06-26,Kepulauan Riau,408,17,255,136,24259,19977,492,3790
2021-06-27,Kepulauan Riau,435,15,287,133,24694,20264,507,3923
2021-06-28,Kepulauan Riau,329,15,296,18,25023,20560,522,3941
2021-06-29,Kepulauan Riau,480,18,299,163,25503,20859,540,4104
2021-06-30,Kepulauan Riau,421,4,60,357,25924,20919,544,4461
2021-07-01,Kepulauan Riau,397,6,267,124,26321,21186,550,4585
2021-07-02,Kepulauan Riau,469,15,335,119,26790,21521,565,4704
2021-07-03,Kepulauan Riau,648,8,281,359,27438,21802,573,5063
2021-07-04,Kepulauan Riau,416,23,630,-237,27854,22432,596,4826
2021-07-05,Kepulauan Riau,408,13,534,-139,28262,22966,609,4687
2021-07-06,Kepulauan Riau,586,2,23,561,28848,22989,611,5248
2021-07-07,Kepulauan Riau,608,12,756,-160,29456,23745,623,5088
2021-07-08,Kepulauan Riau,456,5,33,418,29912,23778,628,5506
2021-07-09,Kepulauan Riau,725,11,141,573,30637,23919,639,6079
2021-07-10,Kepulauan Riau,481,38,571,-128,31118,24490,677,5951
2021-07-11,Kepulauan Riau,651,3,501,147,31769,24991,680,6098
2021-07-12,Kepulauan Riau,580,15,388,177,32349,25379,695,6275
2021-07-13,Kepulauan Riau,539,7,400,132,32888,25779,702,6407
2021-07-14,Kepulauan Riau,529,25,468,36,33417,26247,727,6443
2021-07-15,Kepulauan Riau,625,18,620,-13,34042,26867,745,6430
2021-07-16,Kepulauan Riau,719,13,242,464,34761,27109,758,6894
2021-07-17,Kepulauan Riau,892,37,192,663,35653,27301,795,7557
2021-07-18,Kepulauan Riau,928,31,347,550,36581,27648,826,8107
2021-07-19,Kepulauan Riau,704,17,554,133,37285,28202,843,8240
2021-07-20,Kepulauan Riau,710,23,612,75,37995,28814,866,8315
2021-07-21,Kepulauan Riau,520,13,434,73,38515,29248,879,8388
2021-07-22,Kepulauan Riau,690,17,698,-25,39205,29946,896,8363
2021-07-23,Kepulauan Riau,912,27,469,416,40117,30415,923,8779
2021-07-24,Kepulauan Riau,692,21,614,57,40809,31029,944,8836
2021-07-25,Kepulauan Riau,599,14,608,-23,41408,31637,958,8813
2021-07-26,Kepulauan Riau,473,45,507,-79,41881,32144,1003,8734
2021-07-27,Kepulauan Riau,656,11,511,134,42537,32655,1014,8868
2021-07-28,Kepulauan Riau,690,36,826,-172,43227,33481,1050,8696
2021-07-29,Kepulauan Riau,516,30,642,-156,43743,34123,1080,8540
2021-07-30,Kepulauan Riau,539,45,873,-379,44282,34996,1125,8161
2021-07-31,Kepulauan Riau,497,36,893,-432,44779,35889,1161,7729
2021-08-01,Kepulauan Riau,366,23,1379,-1036,45145,37268,1184,6693
2020-03-20,Jambi,1,0,0,1,1,0,0,1
2020-03-21,Jambi,0,0,0,0,1,0,0,1
2020-03-22,Jambi,0,0,0,0,1,0,0,1
2020-03-23,Jambi,0,0,0,0,1,0,0,1
2020-03-24,Jambi,0,0,0,0,1,0,0,1
2020-03-25,Jambi,0,0,0,0,1,0,0,1
2020-03-26,Jambi,0,0,0,0,1,0,0,1
2020-03-27,Jambi,0,0,0,0,1,0,0,1
2020-03-28,Jambi,0,0,0,0,1,0,0,1
2020-03-29,Jambi,0,0,0,0,1,0,0,1
2020-03-30,Jambi,1,0,0,1,2,0,0,2
2020-03-31,Jambi,0,0,0,0,2,0,0,2
2020-04-01,Jambi,0,0,0,0,2,0,0,2
2020-04-02,Jambi,0,0,0,0,2,0,0,2
2020-04-03,Jambi,0,0,0,0,2,0,0,2
2020-04-04,Jambi,0,0,0,0,2,0,0,2
2020-04-05,Jambi,0,0,0,0,2,0,0,2
2020-04-06,Jambi,0,0,0,0,2,0,0,2
2020-04-07,Jambi,0,0,0,0,2,0,0,2
2020-04-08,Jambi,0,0,0,0,2,0,0,2
2020-04-09,Jambi,0,0,0,0,2,0,0,2
2020-04-10,Jambi,0,0,0,0,2,0,0,2
2020-04-11,Jambi,2,0,0,2,4,0,0,4
2020-04-12,Jambi,0,0,0,0,4,0,0,4
2020-04-13,Jambi,0,0,0,0,4,0,0,4
2020-04-14,Jambi,1,0,0,1,5,0,0,5
2020-04-15,Jambi,1,0,0,1,6,0,0,6
2020-04-16,Jambi,1,0,0,1,7,0,0,7
2020-04-17,Jambi,1,0,0,1,8,0,0,8
2020-04-18,Jambi,0,0,1,-1,8,1,0,7
2020-04-19,Jambi,0,0,0,0,8,1,0,7
2020-04-20,Jambi,0,0,0,0,8,1,0,7
2020-04-21,Jambi,5,0,0,5,13,1,0,12
2020-04-22,Jambi,0,0,0,0,13,1,0,12
2020-04-23,Jambi,1,0,0,1,14,1,0,13
2020-04-24,Jambi,4,0,0,4,18,1,0,17
2020-04-25,Jambi,3,0,0,3,21,1,0,20
2020-04-26,Jambi,11,0,0,11,32,1,0,31
2020-04-27,Jambi,0,0,0,0,32,1,0,31
2020-04-28,Jambi,0,0,0,0,32,1,0,31
2020-04-29,Jambi,0,0,0,0,32,1,0,31
2020-04-30,Jambi,0,0,0,0,32,1,0,31
2020-05-01,Jambi,0,0,0,0,32,1,0,31
2020-05-02,Jambi,0,0,0,0,32,1,0,31
2020-05-03,Jambi,6,0,0,6,38,1,0,37
2020-05-04,Jambi,0,0,0,0,38,1,0,37
2020-05-05,Jambi,5,0,0,5,43,1,0,42
2020-05-06,Jambi,4,0,0,4,47,1,0,46
2020-05-07,Jambi,0,0,0,0,47,1,0,46
2020-05-08,Jambi,0,0,0,0,47,1,0,46
2020-05-09,Jambi,15,0,2,13,62,3,0,59
2020-05-10,Jambi,2,0,0,2,64,3,0,61
2020-05-11,Jambi,1,0,0,1,65,3,0,62
2020-05-12,Jambi,0,0,0,0,65,3,0,62
2020-05-13,Jambi,0,0,0,0,65,3,0,62
2020-05-14,Jambi,1,0,0,1,66,3,0,63
2020-05-15,Jambi,3,0,0,3,69,3,0,66
2020-05-16,Jambi,10,0,1,9,79,4,0,75
2020-05-17,Jambi,1,0,0,1,80,4,0,76
2020-05-18,Jambi,1,0,0,1,81,4,0,77
2020-05-19,Jambi,3,0,0,3,84,4,0,80
2020-05-20,Jambi,5,0,2,3,89,6,0,83
2020-05-21,Jambi,0,0,2,-2,89,8,0,81
2020-05-22,Jambi,2,0,0,2,91,8,0,83
2020-05-23,Jambi,0,0,5,-5,91,13,0,78
2020-05-24,Jambi,4,0,2,2,95,15,0,80
2020-05-25,Jambi,2,0,0,2,97,15,0,82
2020-05-26,Jambi,0,0,0,0,97,15,0,82
2020-05-27,Jambi,0,0,0,0,97,15,0,82
2020-05-28,Jambi,0,0,0,0,97,15,0,82
2020-05-29,Jambi,0,0,0,0,97,15,0,82
2020-05-30,Jambi,0,0,0,0,97,15,0,82
2020-05-31,Jambi,0,0,0,0,97,15,0,82
2020-06-01,Jambi,0,0,5,-5,97,20,0,77
2020-06-02,Jambi,0,0,0,0,97,20,0,77
2020-06-03,Jambi,0,0,7,-7,97,27,0,70
2020-06-04,Jambi,2,0,0,2,99,27,0,72
2020-06-05,Jambi,2,0,0,2,101,27,0,74
2020-06-06,Jambi,2,0,0,2,103,27,0,76
2020-06-07,Jambi,0,0,0,0,103,27,0,76
2020-06-08,Jambi,0,0,0,0,103,27,0,76
2020-06-09,Jambi,0,0,0,0,103,27,0,76
2020-06-10,Jambi,2,0,0,2,105,27,0,78
2020-06-11,Jambi,0,0,0,0,105,27,0,78
2020-06-12,Jambi,1,0,0,1,106,27,0,79
2020-06-13,Jambi,2,0,10,-8,108,37,0,71
2020-06-14,Jambi,0,0,0,0,108,37,0,71
2020-06-15,Jambi,0,0,0,0,108,37,0,71
2020-06-16,Jambi,0,0,8,-8,108,45,0,63
2020-06-17,Jambi,1,0,0,1,109,45,0,64
2020-06-18,Jambi,0,0,0,0,109,45,0,64
2020-06-19,Jambi,3,0,1,2,112,46,0,66
2020-06-20,Jambi,0,0,0,0,112,46,0,66
2020-06-21,Jambi,0,0,0,0,112,46,0,66
2020-06-22,Jambi,0,0,0,0,112,46,0,66
2020-06-23,Jambi,2,0,20,-18,114,66,0,48
2020-06-24,Jambi,0,0,0,0,114,66,0,48
2020-06-25,Jambi,0,1,0,-1,114,66,1,47
2020-06-26,Jambi,0,0,0,0,114,66,1,47
2020-06-27,Jambi,3,0,3,0,117,69,1,47
2020-06-28,Jambi,0,0,0,0,117,69,1,47
2020-06-29,Jambi,0,0,0,0,117,69,1,47
2020-06-30,Jambi,0,0,0,0,117,69,1,47
2020-07-01,Jambi,0,0,8,-8,117,77,1,39
2020-07-02,Jambi,0,0,0,0,117,77,1,39
2020-07-03,Jambi,0,0,0,0,117,77,1,39
2020-07-04,Jambi,0,0,0,0,117,77,1,39
2020-07-05,Jambi,3,1,4,-2,120,81,2,37
2020-07-06,Jambi,0,0,0,0,120,81,2,37
2020-07-07,Jambi,1,0,0,1,121,81,2,38
2020-07-08,Jambi,0,0,0,0,121,81,2,38
2020-07-09,Jambi,1,0,0,1,122,81,2,39
2020-07-10,Jambi,0,0,3,-3,122,84,2,36
2020-07-11,Jambi,0,0,0,0,122,84,2,36
2020-07-12,Jambi,0,0,9,-9,122,93,2,27
2020-07-13,Jambi,0,1,0,-1,122,93,3,26
2020-07-14,Jambi,2,0,0,2,124,93,3,28
2020-07-15,Jambi,1,0,2,-1,125,95,3,27
2020-07-16,Jambi,0,0,0,0,125,95,3,27
2020-07-17,Jambi,1,0,3,-2,126,98,3,25
2020-07-18,Jambi,6,0,3,3,132,101,3,28
2020-07-19,Jambi,0,0,3,-3,132,104,3,25
2020-07-20,Jambi,0,0,0,0,132,104,3,25
2020-07-21,Jambi,2,0,0,2,134,104,3,27
2020-07-22,Jambi,2,0,3,-1,136,107,3,26
2020-07-23,Jambi,0,0,3,-3,136,110,3,23
2020-07-24,Jambi,2,0,1,1,138,111,3,24
2020-07-25,Jambi,1,0,1,0,139,112,3,24
2020-07-26,Jambi,0,0,0,0,139,112,3,24
2020-07-27,Jambi,0,0,0,0,139,112,3,24
2020-07-28,Jambi,0,0,1,-1,139,113,3,23
2020-07-29,Jambi,15,2,2,11,154,115,5,34
2020-07-30,Jambi,2,0,0,2,156,115,5,36
2020-07-31,Jambi,6,0,0,6,162,115,5,42
2020-08-01,Jambi,6,0,0,6,168,115,5,48
2020-08-02,Jambi,1,0,0,1,169,115,5,49
2020-08-03,Jambi,0,0,0,0,169,115,5,49
2020-08-04,Jambi,19,0,1,18,188,116,5,67
2020-08-05,Jambi,5,0,0,5,193,116,5,72
2020-08-06,Jambi,0,0,0,0,193,116,5,72
2020-08-07,Jambi,12,0,1,11,205,117,5,83
2020-08-08,Jambi,5,0,0,5,210,117,5,88
2020-08-09,Jambi,0,0,1,-1,210,118,5,87
2020-08-10,Jambi,0,0,0,0,210,118,5,87
2020-08-11,Jambi,0,0,0,0,210,118,5,87
2020-08-12,Jambi,5,0,1,4,215,119,5,91
2020-08-13,Jambi,0,0,0,0,215,119,5,91
2020-08-14,Jambi,7,0,1,6,222,120,5,97
2020-08-15,Jambi,3,0,1,2,225,121,5,99
2020-08-16,Jambi,0,0,0,0,225,121,5,99
2020-08-17,Jambi,20,0,1,19,245,122,5,118
2020-08-18,Jambi,0,0,0,0,245,122,5,118
2020-08-19,Jambi,5,0,4,1,250,126,5,119
2020-08-20,Jambi,0,0,0,0,250,126,5,119
2020-08-21,Jambi,21,1,4,16,271,130,6,135
2020-08-22,Jambi,3,0,1,2,274,131,6,137
2020-08-23,Jambi,0,0,0,0,274,131,6,137
2020-08-24,Jambi,0,0,0,0,274,131,6,137
2020-08-25,Jambi,7,0,2,5,281,133,6,142
2020-08-26,Jambi,8,0,4,4,289,137,6,146
2020-08-27,Jambi,7,0,0,7,296,137,6,153
2020-08-28,Jambi,6,0,6,0,302,143,6,153
2020-08-29,Jambi,0,0,6,-6,302,149,6,147
2020-08-30,Jambi,0,0,0,0,302,149,6,147
2020-08-31,Jambi,0,0,7,-7,302,156,6,140
2020-09-01,Jambi,0,0,0,0,302,156,6,140
2020-09-02,Jambi,1,0,0,1,303,156,6,141
2020-09-03,Jambi,0,0,1,-1,303,157,6,140
2020-09-04,Jambi,1,0,13,-12,304,170,6,128
2020-09-05,Jambi,0,0,11,-11,304,181,6,117
2020-09-06,Jambi,0,0,0,0,304,181,6,117
2020-09-07,Jambi,0,0,0,0,304,181,6,117
2020-09-08,Jambi,0,0,0,0,304,181,6,117
2020-09-09,Jambi,4,0,6,-2,308,187,6,115
2020-09-10,Jambi,1,1,25,-25,309,212,7,90
2020-09-11,Jambi,5,1,10,-6,314,222,8,84
2020-09-12,Jambi,5,0,7,-2,319,229,8,82
2020-09-13,Jambi,2,0,4,-2,321,233,8,80
2020-09-14,Jambi,0,0,0,0,321,233,8,80
2020-09-15,Jambi,10,0,0,10,331,233,8,90
2020-09-16,Jambi,14,0,8,6,345,241,8,96
2020-09-17,Jambi,6,1,8,-3,351,249,9,93
2020-09-18,Jambi,7,0,3,4,358,252,9,97
2020-09-19,Jambi,14,0,2,12,372,254,9,109
2020-09-20,Jambi,14,0,1,13,386,255,9,122
2020-09-21,Jambi,0,0,1,-1,386,256,9,121
2020-09-22,Jambi,0,0,0,0,386,256,9,121
2020-09-23,Jambi,9,0,4,5,395,260,9,126
2020-09-24,Jambi,4,0,2,2,399,262,9,128
2020-09-25,Jambi,10,0,1,9,409,263,9,137
2020-09-26,Jambi,16,1,0,15,425,263,10,152
2020-09-27,Jambi,21,0,2,19,446,265,10,171
2020-09-28,Jambi,21,0,0,21,467,265,10,192
2020-09-29,Jambi,23,2,0,21,490,265,12,213
2020-09-30,Jambi,23,0,0,23,513,265,12,236
2020-10-01,Jambi,21,0,3,18,534,268,12,254
2020-10-02,Jambi,24,3,5,16,558,273,15,270
2020-10-03,Jambi,13,0,3,10,571,276,15,280
2020-10-04,Jambi,22,0,5,17,593,281,15,297
2020-10-05,Jambi,25,0,5,20,618,286,15,317
2020-10-06,Jambi,29,0,7,22,647,293,15,339
2020-10-07,Jambi,23,0,10,13,670,303,15,352
2020-10-08,Jambi,46,0,1,45,716,304,15,397
2020-10-09,Jambi,45,2,5,38,761,309,17,435
2020-10-10,Jambi,30,0,1,29,791,310,17,464
2020-10-11,Jambi,21,2,6,13,812,316,19,477
2020-10-12,Jambi,13,0,0,13,825,316,19,490
2020-10-13,Jambi,38,0,2,36,863,318,19,526
2020-10-14,Jambi,30,0,0,30,893,318,19,556
2020-10-15,Jambi,23,0,3,20,916,321,19,576
2020-10-16,Jambi,26,0,20,6,942,341,19,582
2020-10-17,Jambi,26,0,27,-1,968,368,19,581
2020-10-18,Jambi,14,0,0,14,982,368,19,595
2020-10-19,Jambi,6,1,3,2,988,371,20,597
2020-10-20,Jambi,39,2,9,28,1027,380,22,625
2020-10-21,Jambi,22,0,0,22,1049,380,22,647
2020-10-22,Jambi,19,0,39,-20,1068,419,22,627
2020-10-23,Jambi,24,0,6,18,1092,425,22,645
2020-10-24,Jambi,26,0,22,4,1118,447,22,649
2020-10-25,Jambi,22,0,54,-32,1140,501,22,617
2020-10-26,Jambi,9,1,19,-11,1149,520,23,606
2020-10-27,Jambi,7,1,22,-16,1156,542,24,590
2020-10-28,Jambi,32,1,32,-1,1188,574,25,589
2020-10-29,Jambi,31,0,19,12,1219,593,25,601
2020-10-30,Jambi,11,0,14,-3,1230,607,25,598
2020-10-31,Jambi,0,0,12,-12,1230,619,25,586
2020-11-01,Jambi,0,0,0,0,1230,619,25,586
2020-11-02,Jambi,0,0,0,0,1230,619,25,586
2020-11-03,Jambi,7,0,29,-22,1237,648,25,564
2020-11-04,Jambi,5,0,7,-2,1242,655,25,562
2020-11-05,Jambi,10,0,22,-12,1252,677,25,550
2020-11-06,Jambi,15,0,17,-2,1267,694,25,548
2020-11-07,Jambi,18,0,20,-2,1285,714,25,546
2020-11-08,Jambi,41,0,30,11,1326,744,25,557
2020-11-09,Jambi,36,0,35,1,1362,779,25,558
2020-11-10,Jambi,11,0,50,-39,1373,829,25,519
2020-11-11,Jambi,11,1,31,-21,1384,860,26,498
2020-11-12,Jambi,15,2,31,-18,1399,891,28,480
2020-11-13,Jambi,20,1,20,-1,1419,911,29,479
2020-11-14,Jambi,19,2,20,-3,1438,931,31,476
2020-11-15,Jambi,16,0,43,-27,1454,974,31,449
2020-11-16,Jambi,0,0,11,-11,1454,985,31,438
2020-11-17,Jambi,10,2,7,1,1464,992,33,439
2020-11-18,Jambi,27,0,37,-10,1491,1029,33,429
2020-11-19,Jambi,40,1,45,-6,1531,1074,34,423
2020-11-20,Jambi,45,0,40,5,1576,1114,34,428
2020-11-21,Jambi,44,1,32,11,1620,1146,35,439
2020-11-22,Jambi,29,1,0,28,1649,1146,36,467
2020-11-23,Jambi,0,0,28,-28,1649,1174,36,439
2020-11-24,Jambi,41,1,8,32,1690,1182,37,471
2020-11-25,Jambi,45,0,45,0,1735,1227,37,471
2020-11-26,Jambi,39,0,4,35,1774,1231,37,506
2020-11-27,Jambi,46,1,39,6,1820,1270,38,512
2020-11-28,Jambi,47,0,5,42,1867,1275,38,554
2020-11-29,Jambi,46,0,33,13,1913,1308,38,567
2020-11-30,Jambi,30,0,22,8,1943,1330,38,575
2020-12-01,Jambi,50,0,47,3,1993,1377,38,578
2020-12-02,Jambi,81,0,44,37,2074,1421,38,615
2020-12-03,Jambi,94,2,21,71,2168,1442,40,686
2020-12-04,Jambi,55,0,0,55,2223,1442,40,741
2020-12-05,Jambi,113,0,23,90,2336,1465,40,831
2020-12-06,Jambi,19,2,1,16,2355,1466,42,847
2020-12-07,Jambi,0,0,13,-13,2355,1479,42,834
2020-12-08,Jambi,77,1,15,61,2432,1494,43,895
2020-12-09,Jambi,70,0,5,65,2502,1499,43,960
2020-12-10,Jambi,32,0,0,32,2534,1499,43,992
2020-12-11,Jambi,39,3,6,30,2573,1505,46,1022
2020-12-12,Jambi,63,0,30,33,2636,1535,46,1055
2020-12-13,Jambi,66,2,25,39,2702,1560,48,1094
2020-12-14,Jambi,0,0,0,0,2702,1560,48,1094
2020-12-15,Jambi,50,0,62,-12,2752,1622,48,1082
2020-12-16,Jambi,23,0,39,-16,2775,1661,48,1066
2020-12-17,Jambi,72,0,90,-18,2847,1751,48,1048
2020-12-18,Jambi,20,1,69,-50,2867,1820,49,998
2020-12-19,Jambi,34,0,39,-5,2901,1859,49,993
2020-12-20,Jambi,35,0,9,26,2936,1868,49,1019
2020-12-21,Jambi,19,1,47,-29,2955,1915,50,990
2020-12-22,Jambi,36,0,63,-27,2991,1978,50,963
2020-12-23,Jambi,39,2,12,25,3030,1990,52,988
2020-12-24,Jambi,38,0,56,-18,3068,2046,52,970
2020-12-25,Jambi,28,0,41,-13,3096,2087,52,957
2020-12-26,Jambi,0,1,47,-48,3096,2134,53,909
2020-12-27,Jambi,20,0,25,-5,3116,2159,53,904
2020-12-28,Jambi,11,0,35,-24,3127,2194,53,880
2020-12-29,Jambi,30,2,16,12,3157,2210,55,892
2020-12-30,Jambi,35,0,58,-23,3192,2268,55,869
2020-12-31,Jambi,35,1,50,-16,3227,2318,56,853
2021-01-01,Jambi,36,0,34,2,3263,2352,56,855
2021-01-02,Jambi,33,1,29,3,3296,2381,57,858
2021-01-03,Jambi,26,1,1,24,3322,2382,58,882
2021-01-04,Jambi,14,0,15,-1,3336,2397,58,881
2021-01-05,Jambi,20,0,43,-23,3356,2440,58,858
2021-01-06,Jambi,41,0,29,12,3397,2469,58,870
2021-01-07,Jambi,57,0,48,9,3454,2517,58,879
2021-01-08,Jambi,72,0,33,39,3526,2550,58,918
2021-01-09,Jambi,44,0,42,2,3570,2592,58,920
2021-01-10,Jambi,31,1,17,13,3601,2609,59,933
2021-01-11,Jambi,14,0,10,4,3615,2619,59,937
2021-01-12,Jambi,34,0,12,22,3649,2631,59,959
2021-01-13,Jambi,78,1,17,60,3727,2648,60,1019
2021-01-14,Jambi,80,0,1,79,3807,2649,60,1098
2021-01-15,Jambi,51,0,39,12,3858,2688,60,1110
2021-01-16,Jambi,36,2,3,31,3894,2691,62,1141
2021-01-17,Jambi,52,0,60,-8,3946,2751,62,1133
2021-01-18,Jambi,29,0,4,25,3975,2755,62,1158
2021-01-19,Jambi,49,0,5,44,4024,2760,62,1202
2021-01-20,Jambi,32,0,35,-3,4056,2795,62,1199
2021-01-21,Jambi,71,0,18,53,4127,2813,62,1252
2021-01-22,Jambi,62,1,49,12,4189,2862,63,1264
2021-01-23,Jambi,36,0,12,24,4225,2874,63,1288
2021-01-24,Jambi,38,0,64,-26,4263,2938,63,1262
2021-01-25,Jambi,26,0,7,19,4289,2945,63,1281
2021-01-26,Jambi,39,0,33,6,4328,2978,63,1287
2021-01-27,Jambi,60,1,67,-8,4388,3045,64,1279
2021-01-28,Jambi,65,0,46,19,4453,3091,64,1298
2021-01-29,Jambi,46,0,51,-5,4499,3142,64,1293
2021-01-30,Jambi,44,0,30,14,4543,3172,64,1307
2021-01-31,Jambi,37,1,36,0,4580,3208,65,1307
2021-02-01,Jambi,0,0,0,0,4580,3208,65,1307
2021-02-02,Jambi,53,0,26,27,4633,3234,65,1334
2021-02-03,Jambi,60,0,6,54,4693,3240,65,1388
2021-02-04,Jambi,48,0,15,33,4741,3255,65,1421
2021-02-05,Jambi,56,4,130,-78,4797,3385,69,1343
2021-02-06,Jambi,37,0,71,-34,4834,3456,69,1309
2021-02-07,Jambi,25,0,32,-7,4859,3488,69,1302
2021-02-08,Jambi,2,0,11,-9,4861,3499,69,1293
2021-02-09,Jambi,22,0,21,1,4883,3520,69,1294
2021-02-10,Jambi,45,0,80,-35,4928,3600,69,1259
2021-02-11,Jambi,33,0,41,-8,4961,3641,69,1251
2021-02-12,Jambi,30,0,21,9,4991,3662,69,1260
2021-02-13,Jambi,33,0,3,30,5024,3665,69,1290
2021-02-14,Jambi,34,0,22,12,5058,3687,69,1302
2021-02-15,Jambi,9,0,16,-7,5067,3703,69,1295
2021-02-16,Jambi,24,0,0,24,5091,3703,69,1319
2021-02-17,Jambi,22,0,3,19,5113,3706,69,1338
2021-02-18,Jambi,55,2,50,3,5168,3756,71,1341
2021-02-19,Jambi,10,0,27,-17,5178,3783,71,1324
2021-02-20,Jambi,20,0,38,-18,5198,3821,71,1306
2021-02-21,Jambi,21,1,24,-4,5219,3845,72,1302
2021-02-22,Jambi,20,0,21,-1,5239,3866,72,1301
2021-02-23,Jambi,26,0,22,4,5265,3888,72,1305
2021-02-24,Jambi,56,0,48,8,5321,3936,72,1313
2021-02-25,Jambi,28,1,39,-12,5349,3975,73,1301
2021-02-26,Jambi,24,1,39,-16,5373,4014,74,1285
2021-02-27,Jambi,83,0,40,43,5456,4054,74,1328
2021-02-28,Jambi,32,0,35,-3,5488,4089,74,1325
2021-03-01,Jambi,1,0,43,-42,5489,4132,74,1283
2021-03-02,Jambi,45,0,0,45,5534,4132,74,1328
2021-03-03,Jambi,9,0,62,-53,5543,4194,74,1275
2021-03-04,Jambi,44,0,21,23,5587,4215,74,1298
2021-03-05,Jambi,7,2,23,-18,5594,4238,76,1280
2021-03-06,Jambi,17,0,45,-28,5611,4283,76,1252
2021-03-07,Jambi,20,1,15,4,5631,4298,77,1256
2021-03-08,Jambi,6,0,9,-3,5637,4307,77,1253
2021-03-09,Jambi,20,1,42,-23,5657,4349,78,1230
2021-03-10,Jambi,18,0,48,-30,5675,4397,78,1200
2021-03-11,Jambi,9,0,13,-4,5684,4410,78,1196
2021-03-12,Jambi,29,0,2,27,5713,4412,78,1223
2021-03-13,Jambi,21,1,45,-25,5734,4457,79,1198
2021-03-14,Jambi,0,0,23,-23,5734,4480,79,1175
2021-03-15,Jambi,5,0,32,-27,5739,4512,79,1148
2021-03-16,Jambi,36,0,54,-18,5775,4566,79,1130
2021-03-17,Jambi,25,0,10,15,5800,4576,79,1145
2021-03-18,Jambi,35,2,85,-52,5835,4661,81,1093
2021-03-19,Jambi,32,2,88,-58,5867,4749,83,1035
2021-03-20,Jambi,25,6,76,-57,5892,4825,89,978
2021-03-21,Jambi,22,0,16,6,5914,4841,89,984
2021-03-22,Jambi,14,0,31,-17,5928,4872,89,967
2021-03-23,Jambi,19,0,27,-8,5947,4899,89,959
2021-03-24,Jambi,24,0,10,14,5971,4909,89,973
2021-03-25,Jambi,48,0,2,46,6019,4911,89,1019
2021-03-26,Jambi,15,2,10,3,6034,4921,91,1022
2021-03-27,Jambi,45,1,27,17,6079,4948,92,1039
2021-03-28,Jambi,53,0,12,41,6132,4960,92,1080
2021-03-29,Jambi,46,2,33,11,6178,4993,94,1091
2021-03-30,Jambi,20,0,15,5,6198,5008,94,1096
2021-03-31,Jambi,27,0,77,-50,6225,5085,94,1046
2021-04-01,Jambi,62,0,16,46,6287,5101,94,1092
2021-04-02,Jambi,42,0,10,32,6329,5111,94,1124
2021-04-03,Jambi,32,1,26,5,6361,5137,95,1129
2021-04-04,Jambi,23,0,17,6,6384,5154,95,1135
2021-04-05,Jambi,21,0,15,6,6405,5169,95,1141
2021-04-06,Jambi,60,0,36,24,6465,5205,95,1165
2021-04-07,Jambi,47,1,26,20,6512,5231,96,1185
2021-04-08,Jambi,50,0,27,23,6562,5258,96,1208
2021-04-09,Jambi,50,0,28,22,6612,5286,96,1230
2021-04-10,Jambi,8,0,42,-34,6620,5328,96,1196
2021-04-11,Jambi,20,1,9,10,6640,5337,97,1206
2021-04-12,Jambi,5,0,8,-3,6645,5345,97,1203
2021-04-13,Jambi,40,0,54,-14,6685,5399,97,1189
2021-04-14,Jambi,51,0,32,19,6736,5431,97,1208
2021-04-15,Jambi,49,0,70,-21,6785,5501,97,1187
2021-04-16,Jambi,53,0,45,8,6838,5546,97,1195
2021-04-17,Jambi,68,2,43,23,6906,5589,99,1218
2021-04-18,Jambi,48,0,25,23,6954,5614,99,1241
2021-04-19,Jambi,25,1,30,-6,6979,5644,100,1235
2021-04-20,Jambi,74,2,42,30,7053,5686,102,1265
2021-04-21,Jambi,56,0,26,30,7109,5712,102,1295
2021-04-22,Jambi,87,2,41,44,7196,5753,104,1339
2021-04-23,Jambi,43,1,78,-36,7239,5831,105,1303
2021-04-24,Jambi,65,0,67,-2,7304,5898,105,1301
2021-04-25,Jambi,29,0,19,10,7333,5917,105,1311
2021-04-26,Jambi,42,2,50,-10,7375,5967,107,1301
2021-04-27,Jambi,32,2,20,10,7407,5987,109,1311
2021-04-28,Jambi,97,1,52,44,7504,6039,110,1355
2021-04-29,Jambi,92,1,97,-6,7596,6136,111,1349
2021-04-30,Jambi,74,0,29,45,7670,6165,111,1394
2021-05-01,Jambi,60,3,50,7,7730,6215,114,1401
2021-05-02,Jambi,78,2,33,43,7808,6248,116,1444
2021-05-03,Jambi,82,1,44,37,7890,6292,117,1481
2021-05-04,Jambi,50,3,63,-16,7940,6355,120,1465
2021-05-05,Jambi,102,2,63,37,8042,6418,122,1502
2021-05-06,Jambi,84,2,45,37,8126,6463,124,1539
2021-05-07,Jambi,87,9,93,-15,8213,6556,133,1524
2021-05-08,Jambi,88,3,37,48,8301,6593,136,1572
2021-05-09,Jambi,75,0,62,13,8376,6655,136,1585
2021-05-10,Jambi,71,1,65,5,8447,6720,137,1590
2021-05-11,Jambi,64,1,58,5,8511,6778,138,1595
2021-05-12,Jambi,60,0,57,3,8571,6835,138,1598
2021-05-13,Jambi,14,0,20,-6,8585,6855,138,1592
2021-05-14,Jambi,64,2,39,23,8649,6894,140,1615
2021-05-15,Jambi,0,1,69,-70,8649,6963,141,1545
2021-05-16,Jambi,22,1,22,-1,8671,6985,142,1544
2021-05-17,Jambi,21,0,48,-27,8692,7033,142,1517
2021-05-18,Jambi,5,0,61,-56,8697,7094,142,1461
2021-05-19,Jambi,45,1,58,-14,8742,7152,143,1447
2021-05-20,Jambi,83,6,46,31,8825,7198,149,1478
2021-05-21,Jambi,67,2,44,21,8892,7242,151,1499
2021-05-22,Jambi,63,4,57,2,8955,7299,155,1501
2021-05-23,Jambi,55,6,99,-50,9010,7398,161,1451
2021-05-24,Jambi,76,0,61,15,9086,7459,161,1466
2021-05-25,Jambi,59,3,65,-9,9145,7524,164,1457
2021-05-26,Jambi,77,0,76,1,9222,7600,164,1458
2021-05-27,Jambi,74,2,20,52,9296,7620,166,1510
2021-05-28,Jambi,63,0,146,-83,9359,7766,166,1427
2021-05-29,Jambi,79,6,46,27,9438,7812,172,1454
2021-05-30,Jambi,90,8,1,81,9528,7813,180,1535
2021-05-31,Jambi,84,3,4,77,9612,7817,183,1612
2021-06-01,Jambi,66,1,66,-1,9678,7883,184,1611
2021-06-02,Jambi,86,1,30,55,9764,7913,185,1666
2021-06-03,Jambi,66,0,59,7,9830,7972,185,1673
2021-06-04,Jambi,85,2,79,4,9915,8051,187,1677
2021-06-05,Jambi,81,3,34,44,9996,8085,190,1721
2021-06-06,Jambi,108,2,61,45,10104,8146,192,1766
2021-06-07,Jambi,126,2,58,66,10230,8204,194,1832
2021-06-08,Jambi,148,2,77,69,10378,8281,196,1901
2021-06-09,Jambi,136,1,61,74,10514,8342,197,1975
2021-06-10,Jambi,132,0,51,81,10646,8393,197,2056
2021-06-11,Jambi,91,4,142,-55,10737,8535,201,2001
2021-06-12,Jambi,145,1,195,-51,10882,8730,202,1950
2021-06-13,Jambi,133,1,238,-106,11015,8968,203,1844
2021-06-14,Jambi,104,3,154,-53,11119,9122,206,1791
2021-06-15,Jambi,128,1,58,69,11247,9180,207,1860
2021-06-16,Jambi,124,2,87,35,11371,9267,209,1895
2021-06-17,Jambi,132,3,87,42,11503,9354,212,1937
2021-06-18,Jambi,157,2,106,49,11660,9460,214,1986
2021-06-19,Jambi,146,5,213,-72,11806,9673,219,1914
2021-06-20,Jambi,105,4,139,-38,11911,9812,223,1876
2021-06-21,Jambi,119,7,69,43,12030,9881,230,1919
2021-06-22,Jambi,141,3,140,-2,12171,10021,233,1917
2021-06-23,Jambi,103,1,90,12,12274,10111,234,1929
2021-06-24,Jambi,43,2,131,-90,12317,10242,236,1839
2021-06-25,Jambi,152,5,147,0,12469,10389,241,1839
2021-06-26,Jambi,68,1,156,-89,12537,10545,242,1750
2021-06-27,Jambi,48,1,53,-6,12585,10598,243,1744
2021-06-28,Jambi,46,4,166,-124,12631,10764,247,1620
2021-06-29,Jambi,123,4,140,-21,12754,10904,251,1599
2021-06-30,Jambi,107,3,98,6,12861,11002,254,1605
2021-07-01,Jambi,101,1,55,45,12962,11057,255,1650
2021-07-02,Jambi,183,8,139,36,13145,11196,263,1686
2021-07-03,Jambi,56,3,75,-22,13201,11271,266,1664
2021-07-04,Jambi,131,7,81,43,13332,11352,273,1707
2021-07-05,Jambi,121,2,100,19,13453,11452,275,1726
2021-07-06,Jambi,58,2,142,-86,13511,11594,277,1640
2021-07-07,Jambi,106,4,44,58,13617,11638,281,1698
2021-07-08,Jambi,132,1,136,-5,13749,11774,282,1693
2021-07-09,Jambi,186,2,118,66,13935,11892,284,1759
2021-07-10,Jambi,134,6,86,42,14069,11978,290,1801
2021-07-11,Jambi,147,6,259,-118,14216,12237,296,1683
2021-07-12,Jambi,39,4,114,-79,14255,12351,300,1604
2021-07-13,Jambi,352,1,38,313,14607,12389,301,1917
2021-07-14,Jambi,400,1,45,354,15007,12434,302,2271
2021-07-15,Jambi,389,2,91,296,15396,12525,304,2567
2021-07-16,Jambi,303,4,126,173,15699,12651,308,2740
2021-07-17,Jambi,302,2,55,245,16001,12706,310,2985
2021-07-18,Jambi,442,7,151,284,16443,12857,317,3269
2021-07-19,Jambi,207,1,101,105,16650,12958,318,3374
2021-07-20,Jambi,222,4,50,168,16872,13008,322,3542
2021-07-21,Jambi,14,6,197,-189,16886,13205,328,3353
2021-07-22,Jambi,359,10,21,328,17245,13226,338,3681
2021-07-23,Jambi,465,7,35,423,17710,13261,345,4104
2021-07-24,Jambi,396,8,57,331,18106,13318,353,4435
2021-07-25,Jambi,192,9,51,132,18298,13369,362,4567
2021-07-26,Jambi,105,7,159,-61,18403,13528,369,4506
2021-07-27,Jambi,226,7,180,39,18629,13708,376,4545
2021-07-28,Jambi,567,6,213,348,19196,13921,382,4893
2021-07-29,Jambi,385,16,244,125,19581,14165,398,5018
2021-07-30,Jambi,374,10,222,142,19955,14387,408,5160
2021-07-31,Jambi,300,9,189,102,20255,14576,417,5262
2021-08-01,Jambi,414,7,136,271,20669,14712,424,5533
2020-03-31,Bengkulu,1,1,0,0,1,0,1,0
2020-04-01,Bengkulu,0,0,0,0,1,0,1,0
2020-04-02,Bengkulu,0,0,0,0,1,0,1,0
2020-04-03,Bengkulu,1,0,0,1,2,0,1,1
2020-04-04,Bengkulu,0,0,0,0,2,0,1,1
2020-04-05,Bengkulu,0,0,0,0,2,0,1,1
2020-04-06,Bengkulu,0,0,0,0,2,0,1,1
2020-04-07,Bengkulu,0,0,0,0,2,0,1,1
2020-04-08,Bengkulu,0,0,0,0,2,0,1,1
2020-04-09,Bengkulu,2,0,0,2,4,0,1,3
2020-04-10,Bengkulu,0,0,0,0,4,0,1,3
2020-04-11,Bengkulu,0,0,0,0,4,0,1,3
2020-04-12,Bengkulu,0,0,0,0,4,0,1,3
2020-04-13,Bengkulu,0,0,0,0,4,0,1,3
2020-04-14,Bengkulu,0,0,0,0,4,0,1,3
2020-04-15,Bengkulu,0,0,0,0,4,0,1,3
2020-04-16,Bengkulu,0,0,0,0,4,0,1,3
2020-04-17,Bengkulu,0,0,0,0,4,0,1,3
2020-04-18,Bengkulu,0,0,1,-1,4,1,1,2
2020-04-19,Bengkulu,0,0,0,0,4,1,1,2
2020-04-20,Bengkulu,0,0,0,0,4,1,1,2
2020-04-21,Bengkulu,4,0,0,4,8,1,1,6
2020-04-22,Bengkulu,0,0,0,0,8,1,1,6
2020-04-23,Bengkulu,0,0,0,0,8,1,1,6
2020-04-24,Bengkulu,0,0,0,0,8,1,1,6
2020-04-25,Bengkulu,0,0,0,0,8,1,1,6
2020-04-26,Bengkulu,0,0,0,0,8,1,1,6
2020-04-27,Bengkulu,0,0,0,0,8,1,1,6
2020-04-28,Bengkulu,0,1,0,-1,8,1,2,5
2020-04-29,Bengkulu,4,0,0,4,12,1,2,9
2020-04-30,Bengkulu,0,0,0,0,12,1,2,9
2020-05-01,Bengkulu,0,0,0,0,12,1,2,9
2020-05-02,Bengkulu,0,0,0,0,12,1,2,9
2020-05-03,Bengkulu,0,0,0,0,12,1,2,9
2020-05-04,Bengkulu,0,0,0,0,12,1,2,9
2020-05-05,Bengkulu,0,0,0,0,12,1,2,9
2020-05-06,Bengkulu,2,0,0,2,14,1,2,11
2020-05-07,Bengkulu,0,0,0,0,14,1,2,11
2020-05-08,Bengkulu,0,0,0,0,14,1,2,11
2020-05-09,Bengkulu,23,0,0,23,37,1,2,34
2020-05-10,Bengkulu,0,0,0,0,37,1,2,34
2020-05-11,Bengkulu,0,0,0,0,37,1,2,34
2020-05-12,Bengkulu,3,0,0,3,40,1,2,37
2020-05-13,Bengkulu,0,0,0,0,40,1,2,37
2020-05-14,Bengkulu,2,0,0,2,42,1,2,39
2020-05-15,Bengkulu,11,0,0,11,53,1,2,50
2020-05-16,Bengkulu,3,0,0,3,56,1,2,53
2020-05-17,Bengkulu,9,0,0,9,65,1,2,62
2020-05-18,Bengkulu,1,0,0,1,66,1,2,63
2020-05-19,Bengkulu,1,0,0,1,67,1,2,64
2020-05-20,Bengkulu,0,0,6,-6,67,7,2,58
2020-05-21,Bengkulu,2,0,2,0,69,9,2,58
2020-05-22,Bengkulu,0,0,0,0,69,9,2,58
2020-05-23,Bengkulu,0,0,0,0,69,9,2,58
2020-05-24,Bengkulu,0,0,0,0,69,9,2,58
2020-05-25,Bengkulu,0,0,0,0,69,9,2,58
2020-05-26,Bengkulu,0,1,2,-3,69,11,3,55
2020-05-27,Bengkulu,0,0,8,-8,69,19,3,47
2020-05-28,Bengkulu,2,0,1,1,71,20,3,48
2020-05-29,Bengkulu,1,0,2,-1,72,22,3,47
2020-05-30,Bengkulu,14,0,0,14,86,22,3,61
2020-05-31,Bengkulu,5,0,0,5,91,22,3,66
2020-06-01,Bengkulu,0,0,3,-3,91,25,3,63
2020-06-02,Bengkulu,1,0,0,1,92,25,3,64
2020-06-03,Bengkulu,0,0,0,0,92,25,3,64
2020-06-04,Bengkulu,0,0,0,0,92,25,3,64
2020-06-05,Bengkulu,0,1,0,-1,92,25,4,63
2020-06-06,Bengkulu,0,0,12,-12,92,37,4,51
2020-06-07,Bengkulu,0,0,3,-3,92,40,4,48
2020-06-08,Bengkulu,0,0,0,0,92,40,4,48
2020-06-09,Bengkulu,0,0,6,-6,92,46,4,42
2020-06-10,Bengkulu,0,0,1,-1,92,47,4,41
2020-06-11,Bengkulu,0,0,1,-1,92,48,4,40
2020-06-12,Bengkulu,3,1,1,1,95,49,5,41
2020-06-13,Bengkulu,3,1,9,-7,98,58,6,34
2020-06-14,Bengkulu,3,0,0,3,101,58,6,37
2020-06-15,Bengkulu,0,0,4,-4,101,62,6,33
2020-06-16,Bengkulu,3,0,1,2,104,63,6,35
2020-06-17,Bengkulu,1,0,2,-1,105,65,6,34
2020-06-18,Bengkulu,0,2,0,-2,105,65,8,32
2020-06-19,Bengkulu,2,0,3,-1,107,68,8,31
2020-06-20,Bengkulu,9,0,3,6,116,71,8,37
2020-06-21,Bengkulu,0,1,1,-2,116,72,9,35
2020-06-22,Bengkulu,0,0,0,0,116,72,9,35
2020-06-23,Bengkulu,2,1,0,1,118,72,10,36
2020-06-24,Bengkulu,0,0,1,-1,118,73,10,35
2020-06-25,Bengkulu,2,0,5,-3,120,78,10,32
2020-06-26,Bengkulu,4,0,10,-6,124,88,10,26
2020-06-27,Bengkulu,1,0,1,0,125,89,10,26
2020-06-28,Bengkulu,0,1,0,-1,125,89,11,25
2020-06-29,Bengkulu,0,1,0,-1,125,89,12,24
2020-06-30,Bengkulu,0,0,0,0,125,89,12,24
2020-07-01,Bengkulu,4,0,1,3,129,90,12,27
2020-07-02,Bengkulu,1,0,1,0,130,91,12,27
2020-07-03,Bengkulu,6,1,3,2,136,94,13,29
2020-07-04,Bengkulu,1,0,0,1,137,94,13,30
2020-07-05,Bengkulu,4,0,1,3,141,95,13,33
2020-07-06,Bengkulu,0,0,0,0,141,95,13,33
2020-07-07,Bengkulu,3,0,1,2,144,96,13,35
2020-07-08,Bengkulu,7,1,2,4,151,98,14,39
2020-07-09,Bengkulu,4,0,1,3,155,99,14,42
2020-07-10,Bengkulu,3,2,2,-1,158,101,16,41
2020-07-11,Bengkulu,4,0,1,3,162,102,16,44
2020-07-12,Bengkulu,1,0,0,1,163,102,16,45
2020-07-13,Bengkulu,0,0,1,-1,163,103,16,44
2020-07-14,Bengkulu,5,0,1,4,168,104,16,48
2020-07-15,Bengkulu,2,0,1,1,170,105,16,49
2020-07-16,Bengkulu,1,0,1,0,171,106,16,49
2020-07-17,Bengkulu,2,0,1,1,173,107,16,50
2020-07-18,Bengkulu,6,0,0,6,179,107,16,56
2020-07-19,Bengkulu,2,0,3,-1,181,110,16,55
2020-07-20,Bengkulu,0,0,0,0,181,110,16,55
2020-07-21,Bengkulu,0,0,1,-1,181,111,16,54
2020-07-22,Bengkulu,4,0,0,4,185,111,16,58
2020-07-23,Bengkulu,10,0,5,5,195,116,16,63
2020-07-24,Bengkulu,1,0,1,0,196,117,16,63
2020-07-25,Bengkulu,4,0,0,4,200,117,16,67
2020-07-26,Bengkulu,0,0,0,0,200,117,16,67
2020-07-27,Bengkulu,0,0,0,0,200,117,16,67
2020-07-28,Bengkulu,10,0,0,10,210,117,16,77
2020-07-29,Bengkulu,2,2,1,-1,212,118,18,76
2020-07-30,Bengkulu,2,0,0,2,214,118,18,78
2020-07-31,Bengkulu,3,0,0,3,217,118,18,81
2020-08-01,Bengkulu,1,1,0,0,218,118,19,81
2020-08-02,Bengkulu,17,0,0,17,235,118,19,98
2020-08-03,Bengkulu,0,0,0,0,235,118,19,98
2020-08-04,Bengkulu,3,1,0,2,238,118,20,100
2020-08-05,Bengkulu,1,0,17,-16,239,135,20,84
2020-08-06,Bengkulu,1,0,0,1,240,135,20,85
2020-08-07,Bengkulu,0,0,13,-13,240,148,20,72
2020-08-08,Bengkulu,3,1,0,2,243,148,21,74
2020-08-09,Bengkulu,9,0,0,9,252,148,21,83
2020-08-10,Bengkulu,1,1,1,-1,253,149,22,82
2020-08-11,Bengkulu,5,0,2,3,258,151,22,85
2020-08-12,Bengkulu,2,2,0,0,260,151,24,85
2020-08-13,Bengkulu,4,0,7,-3,264,158,24,82
2020-08-14,Bengkulu,10,0,0,10,274,158,24,92
2020-08-15,Bengkulu,3,0,0,3,277,158,24,95
2020-08-16,Bengkulu,2,0,0,2,279,158,24,97
2020-08-17,Bengkulu,0,0,0,0,279,158,24,97
2020-08-18,Bengkulu,1,0,0,1,280,158,24,98
2020-08-19,Bengkulu,6,0,0,6,286,158,24,104
2020-08-20,Bengkulu,0,0,1,-1,286,159,24,103
2020-08-21,Bengkulu,1,0,1,0,287,160,24,103
2020-08-22,Bengkulu,1,0,0,1,288,160,24,104
2020-08-23,Bengkulu,0,0,4,-4,288,164,24,100
2020-08-24,Bengkulu,1,0,1,0,289,165,24,100
2020-08-25,Bengkulu,11,0,1,10,300,166,24,110
2020-08-26,Bengkulu,3,0,5,-2,303,171,24,108
2020-08-27,Bengkulu,2,1,0,1,305,171,25,109
2020-08-28,Bengkulu,24,0,2,22,329,173,25,131
2020-08-29,Bengkulu,3,0,0,3,332,173,25,134
2020-08-30,Bengkulu,11,0,9,2,343,182,25,136
2020-08-31,Bengkulu,0,0,4,-4,343,186,25,132
2020-09-01,Bengkulu,6,0,0,6,349,186,25,138
2020-09-02,Bengkulu,4,0,0,4,353,186,25,142
2020-09-03,Bengkulu,8,0,0,8,361,186,25,150
2020-09-04,Bengkulu,3,0,0,3,364,186,25,153
2020-09-05,Bengkulu,5,1,1,3,369,187,26,156
2020-09-06,Bengkulu,22,0,0,22,391,187,26,178
2020-09-07,Bengkulu,0,0,10,-10,391,197,26,168
2020-09-08,Bengkulu,3,0,0,3,394,197,26,171
2020-09-09,Bengkulu,3,0,5,-2,397,202,26,169
2020-09-10,Bengkulu,3,1,8,-6,400,210,27,163
2020-09-11,Bengkulu,30,1,0,29,430,210,28,192
2020-09-12,Bengkulu,28,2,0,26,458,210,30,218
2020-09-13,Bengkulu,8,0,0,8,466,210,30,226
2020-09-14,Bengkulu,1,0,0,1,467,210,30,227
2020-09-15,Bengkulu,9,0,27,-18,476,237,30,209
2020-09-16,Bengkulu,4,0,16,-12,480,253,30,197
2020-09-17,Bengkulu,30,0,18,12,510,271,30,209
2020-09-18,Bengkulu,13,0,4,9,523,275,30,218
2020-09-19,Bengkulu,7,1,1,5,530,276,31,223
2020-09-20,Bengkulu,6,0,4,2,536,280,31,225
2020-09-21,Bengkulu,0,0,27,-27,536,307,31,198
2020-09-22,Bengkulu,5,0,28,-23,541,335,31,175
2020-09-23,Bengkulu,31,0,18,13,572,353,31,188
2020-09-24,Bengkulu,7,0,14,-7,579,367,31,181
2020-09-25,Bengkulu,11,1,12,-2,590,379,32,179
2020-09-26,Bengkulu,10,2,12,-4,600,391,34,175
2020-09-27,Bengkulu,45,0,11,34,645,402,34,209
2020-09-28,Bengkulu,2,0,0,2,647,402,34,211
2020-09-29,Bengkulu,18,0,19,-1,665,421,34,210
2020-09-30,Bengkulu,28,0,20,8,693,441,34,218
2020-10-01,Bengkulu,20,2,15,3,713,456,36,221
2020-10-02,Bengkulu,9,1,10,-2,722,466,37,219
2020-10-03,Bengkulu,2,0,0,2,724,466,37,221
2020-10-04,Bengkulu,4,0,6,-2,728,472,37,219
2020-10-05,Bengkulu,24,0,29,-5,752,501,37,214
2020-10-06,Bengkulu,6,0,30,-24,758,531,37,190
2020-10-07,Bengkulu,4,0,20,-16,762,551,37,174
2020-10-08,Bengkulu,12,0,20,-8,774,571,37,166
2020-10-09,Bengkulu,11,1,14,-4,785,585,38,162
2020-10-10,Bengkulu,11,0,25,-14,796,610,38,148
2020-10-11,Bengkulu,7,1,30,-24,803,640,39,124
2020-10-12,Bengkulu,1,0,30,-29,804,670,39,95
2020-10-13,Bengkulu,3,0,0,3,807,670,39,98
2020-10-14,Bengkulu,18,0,14,4,825,684,39,102
2020-10-15,Bengkulu,7,0,0,7,832,684,39,109
2020-10-16,Bengkulu,7,1,15,-9,839,699,40,100
2020-10-17,Bengkulu,23,3,2,18,862,701,43,118
2020-10-18,Bengkulu,15,1,20,-6,877,721,44,112
2020-10-19,Bengkulu,3,0,0,3,880,721,44,115
2020-10-20,Bengkulu,35,1,6,28,915,727,45,143
2020-10-21,Bengkulu,2,0,0,2,917,727,45,145
2020-10-22,Bengkulu,11,1,20,-10,928,747,46,135
2020-10-23,Bengkulu,33,0,13,20,961,760,46,155
2020-10-24,Bengkulu,8,1,0,7,969,760,47,162
2020-10-25,Bengkulu,26,1,8,17,995,768,48,179
2020-10-26,Bengkulu,0,0,5,-5,995,773,48,174
2020-10-27,Bengkulu,22,0,12,10,1017,785,48,184
2020-10-28,Bengkulu,23,0,3,20,1040,788,48,204
2020-10-29,Bengkulu,9,0,5,4,1049,793,48,208
2020-10-30,Bengkulu,32,0,10,22,1081,803,48,230
2020-10-31,Bengkulu,0,1,0,-1,1081,803,49,229
2020-11-01,Bengkulu,1,0,0,1,1082,803,49,230
2020-11-02,Bengkulu,5,3,30,-28,1087,833,52,202
2020-11-03,Bengkulu,12,2,9,1,1099,842,54,203
2020-11-04,Bengkulu,18,0,13,5,1117,855,54,208
2020-11-05,Bengkulu,23,0,33,-10,1140,888,54,198
2020-11-06,Bengkulu,17,0,5,12,1157,893,54,210
2020-11-07,Bengkulu,40,2,8,30,1197,901,56,240
2020-11-08,Bengkulu,38,0,25,13,1235,926,56,253
2020-11-09,Bengkulu,4,2,22,-20,1239,948,58,233
2020-11-10,Bengkulu,24,0,27,-3,1263,975,58,230
2020-11-11,Bengkulu,18,0,16,2,1281,991,58,232
2020-11-12,Bengkulu,13,0,11,2,1294,1002,58,234
2020-11-13,Bengkulu,61,1,15,45,1355,1017,59,279
2020-11-14,Bengkulu,37,1,29,7,1392,1046,60,286
2020-11-15,Bengkulu,11,2,13,-4,1403,1059,62,282
2020-11-16,Bengkulu,2,0,4,-2,1405,1063,62,280
2020-11-17,Bengkulu,14,1,25,-12,1419,1088,63,268
2020-11-18,Bengkulu,21,1,20,0,1440,1108,64,268
2020-11-19,Bengkulu,21,2,15,4,1461,1123,66,272
2020-11-20,Bengkulu,15,0,41,-26,1476,1164,66,246
2020-11-21,Bengkulu,62,0,15,47,1538,1179,66,293
2020-11-22,Bengkulu,31,1,25,5,1569,1204,67,298
2020-11-23,Bengkulu,5,4,43,-42,1574,1247,71,256
2020-11-24,Bengkulu,13,0,19,-6,1587,1266,71,250
2020-11-25,Bengkulu,48,1,20,27,1635,1286,72,277
2020-11-26,Bengkulu,30,1,23,6,1665,1309,73,283
2020-11-27,Bengkulu,42,1,25,16,1707,1334,74,299
2020-11-28,Bengkulu,43,3,30,10,1750,1364,77,309
2020-11-29,Bengkulu,71,0,35,36,1821,1399,77,345
2020-11-30,Bengkulu,2,0,32,-30,1823,1431,77,315
2020-12-01,Bengkulu,19,1,18,0,1842,1449,78,315
2020-12-02,Bengkulu,12,0,29,-17,1854,1478,78,298
2020-12-03,Bengkulu,59,2,1,56,1913,1479,80,354
2020-12-04,Bengkulu,90,3,30,57,2003,1509,83,411
2020-12-05,Bengkulu,35,2,39,-6,2038,1548,85,405
2020-12-06,Bengkulu,60,3,39,18,2098,1587,88,423
2020-12-07,Bengkulu,11,1,26,-16,2109,1613,89,407
2020-12-08,Bengkulu,65,0,29,36,2174,1642,89,443
2020-12-09,Bengkulu,8,2,0,6,2182,1642,91,449
2020-12-10,Bengkulu,62,1,19,42,2244,1661,92,491
2020-12-11,Bengkulu,50,1,30,19,2294,1691,93,510
2020-12-12,Bengkulu,90,1,20,69,2384,1711,94,579
2020-12-13,Bengkulu,51,1,32,18,2435,1743,95,597
2020-12-14,Bengkulu,28,3,38,-13,2463,1781,98,584
2020-12-15,Bengkulu,80,4,30,46,2543,1811,102,630
2020-12-16,Bengkulu,156,0,0,156,2699,1811,102,786
2020-12-17,Bengkulu,80,1,50,29,2779,1861,103,815
2020-12-18,Bengkulu,171,0,50,121,2950,1911,103,936
2020-12-19,Bengkulu,51,1,64,-14,3001,1975,104,922
2020-12-20,Bengkulu,75,2,46,27,3076,2021,106,949
2020-12-21,Bengkulu,54,0,61,-7,3130,2082,106,942
2020-12-22,Bengkulu,22,0,2,20,3152,2084,106,962
2020-12-23,Bengkulu,31,0,28,3,3183,2112,106,965
2020-12-24,Bengkulu,60,0,50,10,3243,2162,106,975
2020-12-25,Bengkulu,109,1,62,46,3352,2224,107,1021
2020-12-26,Bengkulu,2,0,6,-4,3354,2230,107,1017
2020-12-27,Bengkulu,100,1,73,26,3454,2303,108,1043
2020-12-28,Bengkulu,20,1,61,-42,3474,2364,109,1001
2020-12-29,Bengkulu,17,1,65,-49,3491,2429,110,952
2020-12-30,Bengkulu,40,0,4,36,3531,2433,110,988
2020-12-31,Bengkulu,72,2,126,-56,3603,2559,112,932
2021-01-01,Bengkulu,68,5,98,-35,3671,2657,117,897
2021-01-02,Bengkulu,19,1,71,-53,3690,2728,118,844
2021-01-03,Bengkulu,45,0,91,-46,3735,2819,118,798
2021-01-04,Bengkulu,24,1,81,-58,3759,2900,119,740
2021-01-05,Bengkulu,20,0,75,-55,3779,2975,119,685
2021-01-06,Bengkulu,42,2,70,-30,3821,3045,121,655
2021-01-07,Bengkulu,121,2,75,44,3942,3120,123,699
2021-01-08,Bengkulu,32,1,62,-31,3974,3182,124,668
2021-01-09,Bengkulu,39,2,91,-54,4013,3273,126,614
2021-01-10,Bengkulu,49,1,102,-54,4062,3375,127,560
2021-01-11,Bengkulu,7,2,101,-96,4069,3476,129,464
2021-01-12,Bengkulu,27,1,71,-45,4096,3547,130,419
2021-01-13,Bengkulu,51,0,70,-19,4147,3617,130,400
2021-01-14,Bengkulu,17,3,81,-67,4164,3698,133,333
2021-01-15,Bengkulu,27,0,75,-48,4191,3773,133,285
2021-01-16,Bengkulu,35,0,50,-15,4226,3823,133,270
2021-01-17,Bengkulu,40,1,60,-21,4266,3883,134,249
2021-01-18,Bengkulu,2,1,41,-40,4268,3924,135,209
2021-01-19,Bengkulu,25,0,24,1,4293,3948,135,210
2021-01-20,Bengkulu,20,1,0,19,4313,3948,136,229
2021-01-21,Bengkulu,50,0,0,50,4363,3948,136,279
2021-01-22,Bengkulu,15,0,39,-24,4378,3987,136,255
2021-01-23,Bengkulu,55,1,35,19,4433,4022,137,274
2021-01-24,Bengkulu,15,1,31,-17,4448,4053,138,257
2021-01-25,Bengkulu,15,1,30,-16,4463,4083,139,241
2021-01-26,Bengkulu,18,0,25,-7,4481,4108,139,234
2021-01-27,Bengkulu,17,0,18,-1,4498,4126,139,233
2021-01-28,Bengkulu,13,1,32,-20,4511,4158,140,213
2021-01-29,Bengkulu,16,0,30,-14,4527,4188,140,199
2021-01-30,Bengkulu,30,0,15,15,4557,4203,140,214
2021-01-31,Bengkulu,22,1,25,-4,4579,4228,141,210
2021-02-01,Bengkulu,4,0,24,-20,4583,4252,141,190
2021-02-02,Bengkulu,13,0,15,-2,4596,4267,141,188
2021-02-03,Bengkulu,12,0,25,-13,4608,4292,141,175
2021-02-04,Bengkulu,13,0,20,-7,4621,4312,141,168
2021-02-05,Bengkulu,6,1,15,-10,4627,4327,142,158
2021-02-06,Bengkulu,6,0,15,-9,4633,4342,142,149
2021-02-07,Bengkulu,8,1,15,-8,4641,4357,143,141
2021-02-08,Bengkulu,6,0,15,-9,4647,4372,143,132
2021-02-09,Bengkulu,12,0,15,-3,4659,4387,143,129
2021-02-10,Bengkulu,7,0,15,-8,4666,4402,143,121
2021-02-11,Bengkulu,11,1,20,-10,4677,4422,144,111
2021-02-12,Bengkulu,17,0,15,2,4694,4437,144,113
2021-02-13,Bengkulu,9,0,3,6,4703,4440,144,119
2021-02-14,Bengkulu,18,0,9,9,4721,4449,144,128
2021-02-15,Bengkulu,5,0,15,-10,4726,4464,144,118
2021-02-16,Bengkulu,17,0,0,17,4743,4464,144,135
2021-02-17,Bengkulu,9,0,0,9,4752,4464,144,144
2021-02-18,Bengkulu,5,0,0,5,4757,4464,144,149
2021-02-19,Bengkulu,14,0,0,14,4771,4464,144,163
2021-02-20,Bengkulu,19,0,0,19,4790,4464,144,182
2021-02-21,Bengkulu,13,1,69,-57,4803,4533,145,125
2021-02-22,Bengkulu,22,0,6,16,4825,4539,145,141
2021-02-23,Bengkulu,42,0,10,32,4867,4549,145,173
2021-02-24,Bengkulu,16,0,10,6,4883,4559,145,179
2021-02-25,Bengkulu,11,0,1,10,4894,4560,145,189
2021-02-26,Bengkulu,20,1,15,4,4914,4575,146,193
2021-02-27,Bengkulu,13,1,12,0,4927,4587,147,193
2021-02-28,Bengkulu,6,0,11,-5,4933,4598,147,188
2021-03-01,Bengkulu,3,0,10,-7,4936,4608,147,181
2021-03-02,Bengkulu,13,0,10,3,4949,4618,147,184
2021-03-03,Bengkulu,33,0,14,19,4982,4632,147,203
2021-03-04,Bengkulu,12,0,0,12,4994,4632,147,215
2021-03-05,Bengkulu,15,0,10,5,5009,4642,147,220
2021-03-06,Bengkulu,8,0,0,8,5017,4642,147,228
2021-03-07,Bengkulu,10,0,21,-11,5027,4663,147,217
2021-03-08,Bengkulu,40,3,12,25,5067,4675,150,242
2021-03-09,Bengkulu,8,0,10,-2,5075,4685,150,240
2021-03-10,Bengkulu,9,0,10,-1,5084,4695,150,239
2021-03-11,Bengkulu,11,0,15,-4,5095,4710,150,235
2021-03-12,Bengkulu,27,0,13,14,5122,4723,150,249
2021-03-13,Bengkulu,3,0,10,-7,5125,4733,150,242
2021-03-14,Bengkulu,20,0,13,7,5145,4746,150,249
2021-03-15,Bengkulu,9,0,20,-11,5154,4766,150,238
2021-03-16,Bengkulu,15,0,15,0,5169,4781,150,238
2021-03-17,Bengkulu,35,0,25,10,5204,4806,150,248
2021-03-18,Bengkulu,8,1,21,-14,5212,4827,151,234
2021-03-19,Bengkulu,20,1,20,-1,5232,4847,152,233
2021-03-20,Bengkulu,10,1,10,-1,5242,4857,153,232
2021-03-21,Bengkulu,13,0,15,-2,5255,4872,153,230
2021-03-22,Bengkulu,3,0,15,-12,5258,4887,153,218
2021-03-23,Bengkulu,35,0,15,20,5293,4902,153,238
2021-03-24,Bengkulu,24,0,15,9,5317,4917,153,247
2021-03-25,Bengkulu,7,0,15,-8,5324,4932,153,239
2021-03-26,Bengkulu,8,1,15,-8,5332,4947,154,231
2021-03-27,Bengkulu,5,0,0,5,5337,4947,154,236
2021-03-28,Bengkulu,27,0,0,27,5364,4947,154,263
2021-03-29,Bengkulu,10,0,42,-32,5374,4989,154,231
2021-03-30,Bengkulu,52,0,18,34,5426,5007,154,265
2021-03-31,Bengkulu,35,0,17,18,5461,5024,154,283
2021-04-01,Bengkulu,23,0,18,5,5484,5042,154,288
2021-04-02,Bengkulu,7,0,15,-8,5491,5057,154,280
2021-04-03,Bengkulu,6,0,15,-9,5497,5072,154,271
2021-04-04,Bengkulu,38,0,0,38,5535,5072,154,309
2021-04-05,Bengkulu,14,3,40,-29,5549,5112,157,280
2021-04-06,Bengkulu,28,1,18,9,5577,5130,158,289
2021-04-07,Bengkulu,42,0,20,22,5619,5150,158,311
2021-04-08,Bengkulu,68,0,15,53,5687,5165,158,364
2021-04-09,Bengkulu,47,0,32,15,5734,5197,158,379
2021-04-10,Bengkulu,16,0,19,-3,5750,5216,158,376
2021-04-11,Bengkulu,45,0,30,15,5795,5246,158,391
2021-04-12,Bengkulu,6,2,27,-23,5801,5273,160,368
2021-04-13,Bengkulu,25,0,20,5,5826,5293,160,373
2021-04-14,Bengkulu,15,0,26,-11,5841,5319,160,362
2021-04-15,Bengkulu,46,2,20,24,5887,5339,162,386
2021-04-16,Bengkulu,55,0,30,25,5942,5369,162,411
2021-04-17,Bengkulu,54,1,29,24,5996,5398,163,435
2021-04-18,Bengkulu,95,1,35,59,6091,5433,164,494
2021-04-19,Bengkulu,27,1,34,-8,6118,5467,165,486
2021-04-20,Bengkulu,50,0,31,19,6168,5498,165,505
2021-04-21,Bengkulu,86,1,40,45,6254,5538,166,550
2021-04-22,Bengkulu,20,0,21,-1,6274,5559,166,549
2021-04-23,Bengkulu,90,0,31,59,6364,5590,166,608
2021-04-24,Bengkulu,40,0,25,15,6404,5615,166,623
2021-04-25,Bengkulu,114,0,51,63,6518,5666,166,686
2021-04-26,Bengkulu,42,5,40,-3,6560,5706,171,683
2021-04-27,Bengkulu,70,1,40,29,6630,5746,172,712
2021-04-28,Bengkulu,65,0,40,25,6695,5786,172,737
2021-04-29,Bengkulu,44,0,30,14,6739,5816,172,751
2021-04-30,Bengkulu,43,0,36,7,6782,5852,172,758
2021-05-01,Bengkulu,102,0,40,62,6884,5892,172,820
2021-05-02,Bengkulu,75,1,47,27,6959,5939,173,847
2021-05-03,Bengkulu,7,1,15,-9,6966,5954,174,838
2021-05-04,Bengkulu,54,0,38,16,7020,5992,174,854
2021-05-05,Bengkulu,35,0,41,-6,7055,6033,174,848
2021-05-06,Bengkulu,50,1,45,4,7105,6078,175,852
2021-05-07,Bengkulu,65,0,35,30,7170,6113,175,882
2021-05-08,Bengkulu,76,0,48,28,7246,6161,175,910
2021-05-09,Bengkulu,37,0,61,-24,7283,6222,175,886
2021-05-10,Bengkulu,18,0,53,-35,7301,6275,175,851
2021-05-11,Bengkulu,16,0,40,-24,7317,6315,175,827
2021-05-12,Bengkulu,50,0,51,-1,7367,6366,175,826
2021-05-13,Bengkulu,35,0,61,-26,7402,6427,175,800
2021-05-14,Bengkulu,29,0,40,-11,7431,6467,175,789
2021-05-15,Bengkulu,4,0,52,-48,7435,6519,175,741
2021-05-16,Bengkulu,8,0,35,-27,7443,6554,175,714
2021-05-17,Bengkulu,4,0,17,-13,7447,6571,175,701
2021-05-18,Bengkulu,26,0,51,-25,7473,6622,175,676
2021-05-19,Bengkulu,35,0,12,23,7508,6634,175,699
2021-05-20,Bengkulu,37,0,3,34,7545,6637,175,733
2021-05-21,Bengkulu,80,0,56,24,7625,6693,175,757
2021-05-22,Bengkulu,60,0,50,10,7685,6743,175,767
2021-05-23,Bengkulu,70,0,51,19,7755,6794,175,786
2021-05-24,Bengkulu,8,1,40,-33,7763,6834,176,753
2021-05-25,Bengkulu,30,1,55,-26,7793,6889,177,727
2021-05-26,Bengkulu,27,0,31,-4,7820,6920,177,723
2021-05-27,Bengkulu,19,0,42,-23,7839,6962,177,700
2021-05-28,Bengkulu,66,0,41,25,7905,7003,177,725
2021-05-29,Bengkulu,81,1,63,17,7986,7066,178,742
2021-05-30,Bengkulu,70,1,62,7,8056,7128,179,749
2021-05-31,Bengkulu,18,1,20,-3,8074,7148,180,746
2021-06-01,Bengkulu,40,0,48,-8,8114,7196,180,738
2021-06-02,Bengkulu,13,0,40,-27,8127,7236,180,711
2021-06-03,Bengkulu,30,0,36,-6,8157,7272,180,705
2021-06-04,Bengkulu,67,1,55,11,8224,7327,181,716
2021-06-05,Bengkulu,53,0,0,53,8277,7327,181,769
2021-06-06,Bengkulu,63,0,46,17,8340,7373,181,786
2021-06-07,Bengkulu,35,0,54,-19,8375,7427,181,767
2021-06-08,Bengkulu,26,0,64,-38,8401,7491,181,729
2021-06-09,Bengkulu,24,0,77,-53,8425,7568,181,676
2021-06-10,Bengkulu,33,0,34,-1,8458,7602,181,675
2021-06-11,Bengkulu,64,1,42,21,8522,7644,182,696
2021-06-12,Bengkulu,43,1,35,7,8565,7679,183,703
2021-06-13,Bengkulu,103,1,50,52,8668,7729,184,755
2021-06-14,Bengkulu,15,0,28,-13,8683,7757,184,742
2021-06-15,Bengkulu,34,1,79,-46,8717,7836,185,696
2021-06-16,Bengkulu,49,0,36,13,8766,7872,185,709
2021-06-17,Bengkulu,30,0,30,0,8796,7902,185,709
2021-06-18,Bengkulu,70,2,68,0,8866,7970,187,709
2021-06-19,Bengkulu,81,0,64,17,8947,8034,187,726
2021-06-20,Bengkulu,85,0,73,12,9032,8107,187,738
2021-06-21,Bengkulu,46,0,65,-19,9078,8172,187,719
2021-06-22,Bengkulu,101,0,0,101,9179,8172,187,820
2021-06-23,Bengkulu,106,0,106,0,9285,8278,187,820
2021-06-24,Bengkulu,141,0,80,61,9426,8358,187,881
2021-06-25,Bengkulu,196,2,93,101,9622,8451,189,982
2021-06-26,Bengkulu,109,0,75,34,9731,8526,189,1016
2021-06-27,Bengkulu,16,0,70,-54,9747,8596,189,962
2021-06-28,Bengkulu,10,1,54,-45,9757,8650,190,917
2021-06-29,Bengkulu,110,0,82,28,9867,8732,190,945
2021-06-30,Bengkulu,264,1,92,171,10131,8824,191,1116
2021-07-01,Bengkulu,178,0,84,94,10309,8908,191,1210
2021-07-02,Bengkulu,139,0,74,65,10448,8982,191,1275
2021-07-03,Bengkulu,140,0,89,51,10588,9071,191,1326
2021-07-04,Bengkulu,190,0,67,123,10778,9138,191,1449
2021-07-05,Bengkulu,100,2,89,9,10878,9227,193,1458
2021-07-06,Bengkulu,201,0,0,201,11079,9227,193,1659
2021-07-07,Bengkulu,227,0,144,83,11306,9371,193,1742
2021-07-08,Bengkulu,264,1,92,171,11570,9463,194,1913
2021-07-09,Bengkulu,101,0,67,34,11671,9530,194,1947
2021-07-10,Bengkulu,212,7,91,114,11883,9621,201,2061
2021-07-11,Bengkulu,161,17,111,33,12044,9732,218,2094
2021-07-12,Bengkulu,147,0,105,42,12191,9837,218,2136
2021-07-13,Bengkulu,154,0,92,62,12345,9929,218,2198
2021-07-14,Bengkulu,247,0,93,154,12592,10022,218,2352
2021-07-15,Bengkulu,372,0,124,248,12964,10146,218,2600
2021-07-16,Bengkulu,354,0,93,261,13318,10239,218,2861
2021-07-17,Bengkulu,217,3,98,116,13535,10337,221,2977
2021-07-18,Bengkulu,468,3,232,233,14003,10569,224,3210
2021-07-19,Bengkulu,116,2,133,-19,14119,10702,226,3191
2021-07-20,Bengkulu,101,0,167,-66,14220,10869,226,3125
2021-07-21,Bengkulu,197,0,94,103,14417,10963,226,3228
2021-07-22,Bengkulu,214,1,95,118,14631,11058,227,3346
2021-07-23,Bengkulu,444,5,208,231,15075,11266,232,3577
2021-07-24,Bengkulu,259,4,155,100,15334,11421,236,3677
2021-07-25,Bengkulu,275,8,190,77,15609,11611,244,3754
2021-07-26,Bengkulu,267,3,121,143,15876,11732,247,3897
2021-07-27,Bengkulu,274,2,190,82,16150,11922,249,3979
2021-07-28,Bengkulu,383,0,149,234,16533,12071,249,4213
2021-07-29,Bengkulu,365,1,127,237,16898,12198,250,4450
2021-07-30,Bengkulu,399,11,169,219,17297,12367,261,4669
2021-07-31,Bengkulu,520,1,388,131,17817,12755,262,4800
2021-08-01,Bengkulu,311,11,437,-137,18128,13192,273,4663
2020-03-23,Sumatera Selatan,1,2,0,-1,1,0,2,-1
2020-03-24,Sumatera Selatan,0,0,0,0,1,0,2,-1
2020-03-25,Sumatera Selatan,0,0,0,0,1,0,2,-1
2020-03-26,Sumatera Selatan,0,0,0,0,1,0,2,-1
2020-03-27,Sumatera Selatan,0,0,0,0,1,0,2,-1
2020-03-28,Sumatera Selatan,1,0,0,1,2,0,2,0
2020-03-29,Sumatera Selatan,0,0,0,0,2,0,2,0
2020-03-30,Sumatera Selatan,0,0,0,0,2,0,2,0
2020-03-31,Sumatera Selatan,3,0,0,3,5,0,2,3
2020-04-01,Sumatera Selatan,0,0,0,0,5,0,2,3
2020-04-02,Sumatera Selatan,6,0,0,6,11,0,2,9
2020-04-03,Sumatera Selatan,1,0,0,1,12,0,2,10
2020-04-04,Sumatera Selatan,0,0,1,-1,12,1,2,9
2020-04-05,Sumatera Selatan,4,0,0,4,16,1,2,13
2020-04-06,Sumatera Selatan,0,0,0,0,16,1,2,13
2020-04-07,Sumatera Selatan,0,0,0,0,16,1,2,13
2020-04-08,Sumatera Selatan,0,0,0,0,16,1,2,13
2020-04-09,Sumatera Selatan,1,0,0,1,17,1,2,14
2020-04-10,Sumatera Selatan,1,0,0,1,18,1,2,15
2020-04-11,Sumatera Selatan,0,0,0,0,18,1,2,15
2020-04-12,Sumatera Selatan,0,0,2,-2,18,3,2,13
2020-04-13,Sumatera Selatan,0,0,0,0,18,3,2,13
2020-04-14,Sumatera Selatan,1,0,0,1,19,3,2,14
2020-04-15,Sumatera Selatan,3,0,0,3,22,3,2,17
2020-04-16,Sumatera Selatan,18,0,0,18,40,3,2,35
2020-04-17,Sumatera Selatan,14,0,0,14,54,3,2,49
2020-04-18,Sumatera Selatan,30,1,0,29,84,3,3,78
2020-04-19,Sumatera Selatan,5,0,0,5,89,3,3,83
2020-04-20,Sumatera Selatan,0,0,0,0,89,3,3,83
2020-04-21,Sumatera Selatan,0,0,0,0,89,3,3,83
2020-04-22,Sumatera Selatan,0,0,0,0,89,3,3,83
2020-04-23,Sumatera Selatan,4,0,1,3,93,4,3,86
2020-04-24,Sumatera Selatan,13,0,2,11,106,6,3,97
2020-04-25,Sumatera Selatan,13,0,10,3,119,16,3,100
2020-04-26,Sumatera Selatan,10,0,0,10,129,16,3,110
2020-04-27,Sumatera Selatan,0,0,4,-4,129,20,3,106
2020-04-28,Sumatera Selatan,14,0,3,11,143,23,3,117
2020-04-29,Sumatera Selatan,1,0,0,1,144,23,3,118
2020-04-30,Sumatera Selatan,6,0,0,6,150,23,3,124
2020-05-01,Sumatera Selatan,6,0,5,1,156,28,3,125
2020-05-02,Sumatera Selatan,0,2,0,-2,156,28,5,123
2020-05-03,Sumatera Selatan,28,0,7,21,184,35,5,144
2020-05-04,Sumatera Selatan,0,1,7,-8,184,42,6,136
2020-05-05,Sumatera Selatan,15,0,4,11,199,46,6,147
2020-05-06,Sumatera Selatan,11,1,0,10,210,46,7,157
2020-05-07,Sumatera Selatan,17,2,2,13,227,48,9,170
2020-05-08,Sumatera Selatan,0,1,0,-1,227,48,10,169
2020-05-09,Sumatera Selatan,51,0,6,45,278,54,10,214
2020-05-10,Sumatera Selatan,0,3,9,-12,278,63,13,202
2020-05-11,Sumatera Selatan,0,0,0,0,278,63,13,202
2020-05-12,Sumatera Selatan,1,1,9,-9,279,72,14,193
2020-05-13,Sumatera Selatan,43,2,0,41,322,72,16,234
2020-05-14,Sumatera Selatan,117,1,0,116,439,72,17,350
2020-05-15,Sumatera Selatan,16,1,0,15,455,72,18,365
2020-05-16,Sumatera Selatan,0,0,0,0,455,72,18,365
2020-05-17,Sumatera Selatan,66,3,0,63,521,72,21,428
2020-05-18,Sumatera Selatan,16,2,4,10,537,76,23,438
2020-05-19,Sumatera Selatan,57,0,0,57,594,76,23,495
2020-05-20,Sumatera Selatan,50,2,1,47,644,77,25,542
2020-05-21,Sumatera Selatan,28,1,17,10,672,94,26,552
2020-05-22,Sumatera Selatan,19,1,5,13,691,99,27,565
2020-05-23,Sumatera Selatan,32,3,2,27,723,101,30,592
2020-05-24,Sumatera Selatan,11,0,10,1,734,111,30,593
2020-05-25,Sumatera Selatan,72,0,2,70,806,113,30,663
2020-05-26,Sumatera Selatan,58,0,0,58,864,113,30,721
2020-05-27,Sumatera Selatan,48,1,8,39,912,121,31,760
2020-05-28,Sumatera Selatan,27,0,14,13,939,135,31,773
2020-05-29,Sumatera Selatan,12,1,0,11,951,135,32,784
2020-05-30,Sumatera Selatan,11,4,66,-59,962,201,36,725
2020-05-31,Sumatera Selatan,19,0,11,8,981,212,36,733
2020-06-01,Sumatera Selatan,12,0,9,3,993,221,36,736
2020-06-02,Sumatera Selatan,26,0,2,24,1019,223,36,760
2020-06-03,Sumatera Selatan,10,0,22,-12,1029,245,36,748
2020-06-04,Sumatera Selatan,27,3,17,7,1056,262,39,755
2020-06-05,Sumatera Selatan,17,3,19,-5,1073,281,42,750
2020-06-06,Sumatera Selatan,28,1,14,13,1101,295,43,763
2020-06-07,Sumatera Selatan,25,0,48,-23,1126,343,43,740
2020-06-08,Sumatera Selatan,27,0,47,-20,1153,390,43,720
2020-06-09,Sumatera Selatan,30,1,11,18,1183,401,44,738
2020-06-10,Sumatera Selatan,40,3,48,-11,1223,449,47,727
2020-06-11,Sumatera Selatan,39,0,63,-24,1262,512,47,703
2020-06-12,Sumatera Selatan,34,5,31,-2,1296,543,52,701
2020-06-13,Sumatera Selatan,23,2,14,7,1319,557,54,708
2020-06-14,Sumatera Selatan,69,0,61,8,1388,618,54,716
2020-06-15,Sumatera Selatan,49,2,31,16,1437,649,56,732
2020-06-16,Sumatera Selatan,50,4,21,25,1487,670,60,757
2020-06-17,Sumatera Selatan,53,3,11,39,1540,681,63,796
2020-06-18,Sumatera Selatan,56,2,26,28,1596,707,65,824
2020-06-19,Sumatera Selatan,74,1,31,42,1670,738,66,866
2020-06-20,Sumatera Selatan,50,3,9,38,1720,747,69,904
2020-06-21,Sumatera Selatan,57,4,4,49,1777,751,73,953
2020-06-22,Sumatera Selatan,59,0,17,42,1836,768,73,995
2020-06-23,Sumatera Selatan,17,2,47,-32,1853,815,75,963
2020-06-24,Sumatera Selatan,13,3,14,-4,1866,829,78,959
2020-06-25,Sumatera Selatan,26,2,76,-52,1892,905,80,907
2020-06-26,Sumatera Selatan,14,1,15,-2,1906,920,81,905
2020-06-27,Sumatera Selatan,42,0,16,26,1948,936,81,931
2020-06-28,Sumatera Selatan,51,1,17,33,1999,953,82,964
2020-06-29,Sumatera Selatan,23,8,66,-51,2022,1019,90,913
2020-06-30,Sumatera Selatan,27,3,5,19,2049,1024,93,932
2020-07-01,Sumatera Selatan,29,8,17,4,2078,1041,101,936
2020-07-02,Sumatera Selatan,42,3,43,-4,2120,1084,104,932
2020-07-03,Sumatera Selatan,36,0,24,12,2156,1108,104,944
2020-07-04,Sumatera Selatan,49,1,11,37,2205,1119,105,981
2020-07-05,Sumatera Selatan,50,1,40,9,2255,1159,106,990
2020-07-06,Sumatera Selatan,71,6,22,43,2326,1181,112,1033
2020-07-07,Sumatera Selatan,30,1,28,1,2356,1209,113,1034
2020-07-08,Sumatera Selatan,63,0,10,53,2419,1219,113,1087
2020-07-09,Sumatera Selatan,56,6,4,46,2475,1223,119,1133
2020-07-10,Sumatera Selatan,93,2,15,76,2568,1238,121,1209
2020-07-11,Sumatera Selatan,36,3,4,29,2604,1242,124,1238
2020-07-12,Sumatera Selatan,49,1,34,14,2653,1276,125,1252
2020-07-13,Sumatera Selatan,50,4,30,16,2703,1306,129,1268
2020-07-14,Sumatera Selatan,51,4,19,28,2754,1325,133,1296
2020-07-15,Sumatera Selatan,30,0,14,16,2784,1339,133,1312
2020-07-16,Sumatera Selatan,45,3,21,21,2829,1360,136,1333
2020-07-17,Sumatera Selatan,70,2,27,41,2899,1387,138,1374
2020-07-18,Sumatera Selatan,67,1,4,62,2966,1391,139,1436
2020-07-19,Sumatera Selatan,46,1,17,28,3012,1408,140,1464
2020-07-20,Sumatera Selatan,42,2,1,39,3054,1409,142,1503
2020-07-21,Sumatera Selatan,58,2,9,47,3112,1418,144,1550
2020-07-22,Sumatera Selatan,37,0,53,-16,3149,1471,144,1534
2020-07-23,Sumatera Selatan,16,5,54,-43,3165,1525,149,1491
2020-07-24,Sumatera Selatan,46,0,55,-9,3211,1580,149,1482
2020-07-25,Sumatera Selatan,17,4,29,-16,3228,1609,153,1466
2020-07-26,Sumatera Selatan,23,1,35,-13,3251,1644,154,1453
2020-07-27,Sumatera Selatan,24,1,35,-12,3275,1679,155,1441
2020-07-28,Sumatera Selatan,21,0,14,7,3296,1693,155,1448
2020-07-29,Sumatera Selatan,34,7,20,7,3330,1713,162,1455
2020-07-30,Sumatera Selatan,57,0,42,15,3387,1755,162,1470
2020-07-31,Sumatera Selatan,30,1,38,-9,3417,1793,163,1461
2020-08-01,Sumatera Selatan,10,0,32,-22,3427,1825,163,1439
2020-08-02,Sumatera Selatan,17,2,31,-16,3444,1856,165,1423
2020-08-03,Sumatera Selatan,11,4,7,0,3455,1863,169,1423
2020-08-04,Sumatera Selatan,35,0,26,9,3490,1889,169,1432
2020-08-05,Sumatera Selatan,62,6,25,31,3552,1914,175,1463
2020-08-06,Sumatera Selatan,50,4,94,-48,3602,2008,179,1415
2020-08-07,Sumatera Selatan,21,4,89,-72,3623,2097,183,1343
2020-08-08,Sumatera Selatan,52,2,71,-21,3675,2168,185,1322
2020-08-09,Sumatera Selatan,19,11,64,-56,3694,2232,196,1266
2020-08-10,Sumatera Selatan,19,3,79,-63,3713,2311,199,1203
2020-08-11,Sumatera Selatan,22,2,60,-40,3735,2371,201,1163
2020-08-12,Sumatera Selatan,43,2,1,40,3778,2372,203,1203
2020-08-13,Sumatera Selatan,27,0,43,-16,3805,2415,203,1187
2020-08-14,Sumatera Selatan,39,2,112,-75,3844,2527,205,1112
2020-08-15,Sumatera Selatan,36,1,36,-1,3880,2563,206,1111
2020-08-16,Sumatera Selatan,29,0,35,-6,3909,2598,206,1105
2020-08-17,Sumatera Selatan,1,0,28,-27,3910,2626,206,1078
2020-08-18,Sumatera Selatan,9,1,15,-7,3919,2641,207,1071
2020-08-19,Sumatera Selatan,45,6,38,1,3964,2679,213,1072
2020-08-20,Sumatera Selatan,24,3,13,8,3988,2692,216,1080
2020-08-21,Sumatera Selatan,49,2,50,-3,4037,2742,218,1077
2020-08-22,Sumatera Selatan,54,5,19,30,4091,2761,223,1107
2020-08-23,Sumatera Selatan,34,4,60,-30,4125,2821,227,1077
2020-08-24,Sumatera Selatan,32,1,85,-54,4157,2906,228,1023
2020-08-25,Sumatera Selatan,45,3,34,8,4202,2940,231,1031
2020-08-26,Sumatera Selatan,21,2,17,2,4223,2957,233,1033
2020-08-27,Sumatera Selatan,25,3,59,-37,4248,3016,236,996
2020-08-28,Sumatera Selatan,57,3,39,15,4305,3055,239,1011
2020-08-29,Sumatera Selatan,56,11,61,-16,4361,3116,250,995
2020-08-30,Sumatera Selatan,40,0,16,24,4401,3132,250,1019
2020-08-31,Sumatera Selatan,53,2,26,25,4454,3158,252,1044
2020-09-01,Sumatera Selatan,32,2,65,-35,4486,3223,254,1009
2020-09-02,Sumatera Selatan,34,6,23,5,4520,3246,260,1014
2020-09-03,Sumatera Selatan,63,2,37,24,4583,3283,262,1038
2020-09-04,Sumatera Selatan,35,4,36,-5,4618,3319,266,1033
2020-09-05,Sumatera Selatan,42,9,13,20,4660,3332,275,1053
2020-09-06,Sumatera Selatan,15,3,48,-36,4675,3380,278,1017
2020-09-07,Sumatera Selatan,70,3,30,37,4745,3410,281,1054
2020-09-08,Sumatera Selatan,41,2,32,7,4786,3442,283,1061
2020-09-09,Sumatera Selatan,38,5,27,6,4824,3469,288,1067
2020-09-10,Sumatera Selatan,66,5,19,42,4890,3488,293,1109
2020-09-11,Sumatera Selatan,55,1,67,-13,4945,3555,294,1096
2020-09-12,Sumatera Selatan,73,3,48,22,5018,3603,297,1118
2020-09-13,Sumatera Selatan,33,3,48,-18,5051,3651,300,1100
2020-09-14,Sumatera Selatan,27,5,101,-79,5078,3752,305,1021
2020-09-15,Sumatera Selatan,40,4,50,-14,5118,3802,309,1007
2020-09-16,Sumatera Selatan,57,4,42,11,5175,3844,313,1018
2020-09-17,Sumatera Selatan,58,3,18,37,5233,3862,316,1055
2020-09-18,Sumatera Selatan,60,4,28,28,5293,3890,320,1083
2020-09-19,Sumatera Selatan,38,2,35,1,5331,3925,322,1084
2020-09-20,Sumatera Selatan,71,1,14,56,5402,3939,323,1140
2020-09-21,Sumatera Selatan,47,1,57,-11,5449,3996,324,1129
2020-09-22,Sumatera Selatan,48,1,57,-10,5497,4053,325,1119
2020-09-23,Sumatera Selatan,110,5,14,91,5607,4067,330,1210
2020-09-24,Sumatera Selatan,83,1,33,49,5690,4100,331,1259
2020-09-25,Sumatera Selatan,44,5,39,0,5734,4139,336,1259
2020-09-26,Sumatera Selatan,60,1,21,38,5794,4160,337,1297
2020-09-27,Sumatera Selatan,82,3,42,37,5876,4202,340,1334
2020-09-28,Sumatera Selatan,51,2,51,-2,5927,4253,342,1332
2020-09-29,Sumatera Selatan,58,0,25,33,5985,4278,342,1365
2020-09-30,Sumatera Selatan,110,6,86,18,6095,4364,348,1383
2020-10-01,Sumatera Selatan,40,3,65,-28,6135,4429,351,1355
2020-10-02,Sumatera Selatan,72,3,86,-17,6207,4515,354,1338
2020-10-03,Sumatera Selatan,70,0,93,-23,6277,4608,354,1315
2020-10-04,Sumatera Selatan,46,2,65,-21,6323,4673,356,1294
2020-10-05,Sumatera Selatan,23,1,75,-53,6346,4748,357,1241
2020-10-06,Sumatera Selatan,71,5,4,62,6417,4752,362,1303
2020-10-07,Sumatera Selatan,114,2,44,68,6531,4796,364,1371
2020-10-08,Sumatera Selatan,83,3,151,-71,6614,4947,367,1300
2020-10-09,Sumatera Selatan,63,3,66,-6,6677,5013,370,1294
2020-10-10,Sumatera Selatan,66,1,73,-8,6743,5086,371,1286
2020-10-11,Sumatera Selatan,33,0,41,-8,6776,5127,371,1278
2020-10-12,Sumatera Selatan,45,4,53,-12,6821,5180,375,1266
2020-10-13,Sumatera Selatan,66,3,17,46,6887,5197,378,1312
2020-10-14,Sumatera Selatan,60,6,57,-3,6947,5254,384,1309
2020-10-15,Sumatera Selatan,58,3,26,29,7005,5280,387,1338
2020-10-16,Sumatera Selatan,53,0,65,-12,7058,5345,387,1326
2020-10-17,Sumatera Selatan,46,0,47,-1,7104,5392,387,1325
2020-10-18,Sumatera Selatan,39,4,56,-21,7143,5448,391,1304
2020-10-19,Sumatera Selatan,39,2,7,30,7182,5455,393,1334
2020-10-20,Sumatera Selatan,47,2,48,-3,7229,5503,395,1331
2020-10-21,Sumatera Selatan,99,3,32,64,7328,5535,398,1395
2020-10-22,Sumatera Selatan,34,1,80,-47,7362,5615,399,1348
2020-10-23,Sumatera Selatan,73,8,62,3,7435,5677,407,1351
2020-10-24,Sumatera Selatan,65,1,40,24,7500,5717,408,1375
2020-10-25,Sumatera Selatan,22,0,182,-160,7522,5899,408,1215
2020-10-26,Sumatera Selatan,16,2,131,-117,7538,6030,410,1098
2020-10-27,Sumatera Selatan,43,1,60,-18,7581,6090,411,1080
2020-10-28,Sumatera Selatan,86,0,38,48,7667,6128,411,1128
2020-10-29,Sumatera Selatan,77,2,138,-63,7744,6266,413,1065
2020-10-30,Sumatera Selatan,43,0,32,11,7787,6298,413,1076
2020-10-31,Sumatera Selatan,62,1,36,25,7849,6334,414,1101
2020-11-01,Sumatera Selatan,54,10,66,-22,7903,6400,424,1079
2020-11-02,Sumatera Selatan,18,5,9,4,7921,6409,429,1083
2020-11-03,Sumatera Selatan,31,6,82,-57,7952,6491,435,1026
2020-11-04,Sumatera Selatan,70,5,47,18,8022,6538,440,1044
2020-11-05,Sumatera Selatan,68,3,90,-25,8090,6628,443,1019
2020-11-06,Sumatera Selatan,94,1,44,49,8184,6672,444,1068
2020-11-07,Sumatera Selatan,83,2,4,77,8267,6676,446,1145
2020-11-08,Sumatera Selatan,42,3,98,-59,8309,6774,449,1086
2020-11-09,Sumatera Selatan,26,3,27,-4,8335,6801,452,1082
2020-11-10,Sumatera Selatan,51,1,38,12,8386,6839,453,1094
2020-11-11,Sumatera Selatan,76,5,85,-14,8462,6924,458,1080
2020-11-12,Sumatera Selatan,72,4,52,16,8534,6976,462,1096
2020-11-13,Sumatera Selatan,68,2,12,54,8602,6988,464,1150
2020-11-14,Sumatera Selatan,64,2,38,24,8666,7026,466,1174
2020-11-15,Sumatera Selatan,44,0,34,10,8710,7060,466,1184
2020-11-16,Sumatera Selatan,45,1,99,-55,8755,7159,467,1129
2020-11-17,Sumatera Selatan,50,0,31,19,8805,7190,467,1148
2020-11-18,Sumatera Selatan,50,2,21,27,8855,7211,469,1175
2020-11-19,Sumatera Selatan,44,13,41,-10,8899,7252,482,1165
2020-11-20,Sumatera Selatan,71,2,24,45,8970,7276,484,1210
2020-11-21,Sumatera Selatan,53,1,1,51,9023,7277,485,1261
2020-11-22,Sumatera Selatan,57,1,23,33,9080,7300,486,1294
2020-11-23,Sumatera Selatan,33,1,20,12,9113,7320,487,1306
2020-11-24,Sumatera Selatan,47,4,67,-24,9160,7387,491,1282
2020-11-25,Sumatera Selatan,59,0,48,11,9219,7435,491,1293
2020-11-26,Sumatera Selatan,81,3,36,42,9300,7471,494,1335
2020-11-27,Sumatera Selatan,49,3,46,0,9349,7517,497,1335
2020-11-28,Sumatera Selatan,38,3,46,-11,9387,7563,500,1324
2020-11-29,Sumatera Selatan,41,2,47,-8,9428,7610,502,1316
2020-11-30,Sumatera Selatan,35,5,48,-18,9463,7658,507,1298
2020-12-01,Sumatera Selatan,67,6,93,-32,9530,7751,513,1266
2020-12-02,Sumatera Selatan,51,3,26,22,9581,7777,516,1288
2020-12-03,Sumatera Selatan,77,3,76,-2,9658,7853,519,1286
2020-12-04,Sumatera Selatan,88,7,119,-38,9746,7972,526,1248
2020-12-05,Sumatera Selatan,58,4,51,3,9804,8023,530,1251
2020-12-06,Sumatera Selatan,52,8,54,-10,9856,8077,538,1241
2020-12-07,Sumatera Selatan,63,3,54,6,9919,8131,541,1247
2020-12-08,Sumatera Selatan,68,0,78,-10,9987,8209,541,1237
2020-12-09,Sumatera Selatan,40,1,119,-80,10027,8328,542,1157
2020-12-10,Sumatera Selatan,58,2,50,6,10085,8378,544,1163
2020-12-11,Sumatera Selatan,65,4,66,-5,10150,8444,548,1158
2020-12-12,Sumatera Selatan,76,5,48,23,10226,8492,553,1181
2020-12-13,Sumatera Selatan,61,3,28,30,10287,8520,556,1211
2020-12-14,Sumatera Selatan,48,3,14,31,10335,8534,559,1242
2020-12-15,Sumatera Selatan,73,1,57,15,10408,8591,560,1257
2020-12-16,Sumatera Selatan,64,5,28,31,10472,8619,565,1288
2020-12-17,Sumatera Selatan,79,0,15,64,10551,8634,565,1352
2020-12-18,Sumatera Selatan,123,1,35,87,10674,8669,566,1439
2020-12-19,Sumatera Selatan,89,3,43,43,10763,8712,569,1482
2020-12-20,Sumatera Selatan,84,5,33,46,10847,8745,574,1528
2020-12-21,Sumatera Selatan,66,2,36,28,10913,8781,576,1556
2020-12-22,Sumatera Selatan,94,2,31,61,11007,8812,578,1617
2020-12-23,Sumatera Selatan,109,3,136,-30,11116,8948,581,1587
2020-12-24,Sumatera Selatan,81,3,52,26,11197,9000,584,1613
2020-12-25,Sumatera Selatan,89,6,31,52,11286,9031,590,1665
2020-12-26,Sumatera Selatan,81,1,66,14,11367,9097,591,1679
2020-12-27,Sumatera Selatan,95,3,69,23,11462,9166,594,1702
2020-12-28,Sumatera Selatan,78,1,9,68,11540,9175,595,1770
2020-12-29,Sumatera Selatan,84,1,88,-5,11624,9263,596,1765
2020-12-30,Sumatera Selatan,110,2,48,60,11734,9311,598,1825
2020-12-31,Sumatera Selatan,92,1,50,41,11826,9361,599,1866
2021-01-01,Sumatera Selatan,74,5,57,12,11900,9418,604,1878
2021-01-02,Sumatera Selatan,45,1,97,-53,11945,9515,605,1825
2021-01-03,Sumatera Selatan,53,0,81,-28,11998,9596,605,1797
2021-01-04,Sumatera Selatan,54,0,68,-14,12052,9664,605,1783
2021-01-05,Sumatera Selatan,66,2,56,8,12118,9720,607,1791
2021-01-06,Sumatera Selatan,99,3,99,-3,12217,9819,610,1788
2021-01-07,Sumatera Selatan,63,3,85,-25,12280,9904,613,1763
2021-01-08,Sumatera Selatan,102,0,40,62,12382,9944,613,1825
2021-01-09,Sumatera Selatan,89,1,78,10,12471,10022,614,1835
2021-01-10,Sumatera Selatan,51,5,66,-20,12522,10088,619,1815
2021-01-11,Sumatera Selatan,48,2,57,-11,12570,10145,621,1804
2021-01-12,Sumatera Selatan,74,1,46,27,12644,10191,622,1831
2021-01-13,Sumatera Selatan,80,2,76,2,12724,10267,624,1833
2021-01-14,Sumatera Selatan,98,1,38,59,12822,10305,625,1892
2021-01-15,Sumatera Selatan,92,4,60,28,12914,10365,629,1920
2021-01-16,Sumatera Selatan,78,4,83,-9,12992,10448,633,1911
2021-01-17,Sumatera Selatan,76,5,57,14,13068,10505,638,1925
2021-01-18,Sumatera Selatan,54,5,60,-11,13122,10565,643,1914
2021-01-19,Sumatera Selatan,104,3,87,14,13226,10652,646,1928
2021-01-20,Sumatera Selatan,110,1,127,-18,13336,10779,647,1910
2021-01-21,Sumatera Selatan,101,6,49,46,13437,10828,653,1956
2021-01-22,Sumatera Selatan,71,1,27,43,13508,10855,654,1999
2021-01-23,Sumatera Selatan,91,2,43,46,13599,10898,656,2045
2021-01-24,Sumatera Selatan,89,1,32,56,13688,10930,657,2101
2021-01-25,Sumatera Selatan,89,4,27,58,13777,10957,661,2159
2021-01-26,Sumatera Selatan,134,5,101,28,13911,11058,666,2187
2021-01-27,Sumatera Selatan,87,6,89,-8,13998,11147,672,2179
2021-01-28,Sumatera Selatan,82,3,55,24,14080,11202,675,2203
2021-01-29,Sumatera Selatan,86,0,72,14,14166,11274,675,2217
2021-01-30,Sumatera Selatan,64,2,104,-42,14230,11378,677,2175
2021-01-31,Sumatera Selatan,80,3,68,9,14310,11446,680,2184
2021-02-01,Sumatera Selatan,66,1,78,-13,14376,11524,681,2171
2021-02-02,Sumatera Selatan,62,3,89,-30,14438,11613,684,2141
2021-02-03,Sumatera Selatan,60,4,149,-93,14498,11762,688,2048
2021-02-04,Sumatera Selatan,29,1,54,-26,14527,11816,689,2022
2021-02-05,Sumatera Selatan,68,2,91,-25,14595,11907,691,1997
2021-02-06,Sumatera Selatan,58,0,67,-9,14653,11974,691,1988
2021-02-07,Sumatera Selatan,71,4,82,-15,14724,12056,695,1973
2021-02-08,Sumatera Selatan,71,2,27,42,14795,12083,697,2015
2021-02-09,Sumatera Selatan,62,9,135,-82,14857,12218,706,1933
2021-02-10,Sumatera Selatan,74,1,99,-26,14931,12317,707,1907
2021-02-11,Sumatera Selatan,40,4,91,-55,14971,12408,711,1852
2021-02-12,Sumatera Selatan,56,2,58,-4,15027,12466,713,1848
2021-02-13,Sumatera Selatan,57,2,80,-25,15084,12546,715,1823
2021-02-14,Sumatera Selatan,66,6,120,-60,15150,12666,721,1763
2021-02-15,Sumatera Selatan,51,1,102,-52,15201,12768,722,1711
2021-02-16,Sumatera Selatan,52,0,17,35,15253,12785,722,1746
2021-02-17,Sumatera Selatan,55,0,18,37,15308,12803,722,1783
2021-02-18,Sumatera Selatan,44,2,55,-13,15352,12858,724,1770
2021-02-19,Sumatera Selatan,50,0,41,9,15402,12899,724,1779
2021-02-20,Sumatera Selatan,88,0,55,33,15490,12954,724,1812
2021-02-21,Sumatera Selatan,52,4,40,8,15542,12994,728,1820
2021-02-22,Sumatera Selatan,45,4,125,-84,15587,13119,732,1736
2021-02-23,Sumatera Selatan,60,4,159,-103,15647,13278,736,1633
2021-02-24,Sumatera Selatan,57,3,23,31,15704,13301,739,1664
2021-02-25,Sumatera Selatan,75,2,44,29,15779,13345,741,1693
2021-02-26,Sumatera Selatan,39,3,64,-28,15818,13409,744,1665
2021-02-27,Sumatera Selatan,60,1,120,-61,15878,13529,745,1604
2021-02-28,Sumatera Selatan,36,6,154,-124,15914,13683,751,1480
2021-03-01,Sumatera Selatan,56,4,111,-59,15970,13794,755,1421
2021-03-02,Sumatera Selatan,44,0,38,6,16014,13832,755,1427
2021-03-03,Sumatera Selatan,50,0,73,-23,16064,13905,755,1404
2021-03-04,Sumatera Selatan,43,3,63,-23,16107,13968,758,1381
2021-03-05,Sumatera Selatan,63,1,46,16,16170,14014,759,1397
2021-03-06,Sumatera Selatan,58,0,98,-40,16228,14112,759,1357
2021-03-07,Sumatera Selatan,65,1,3,61,16293,14115,760,1418
2021-03-08,Sumatera Selatan,65,1,78,-14,16358,14193,761,1404
2021-03-09,Sumatera Selatan,32,2,48,-18,16390,14241,763,1386
2021-03-10,Sumatera Selatan,63,7,86,-30,16453,14327,770,1356
2021-03-11,Sumatera Selatan,37,3,35,-1,16490,14362,773,1355
2021-03-12,Sumatera Selatan,33,4,31,-2,16523,14393,777,1353
2021-03-13,Sumatera Selatan,43,3,41,-1,16566,14434,780,1352
2021-03-14,Sumatera Selatan,20,1,34,-15,16586,14468,781,1337
2021-03-15,Sumatera Selatan,57,0,40,17,16643,14508,781,1354
2021-03-16,Sumatera Selatan,55,4,28,23,16698,14536,785,1377
2021-03-17,Sumatera Selatan,45,7,57,-19,16743,14593,792,1358
2021-03-18,Sumatera Selatan,39,2,37,0,16782,14630,794,1358
2021-03-19,Sumatera Selatan,40,1,36,3,16822,14666,795,1361
2021-03-20,Sumatera Selatan,52,1,32,19,16874,14698,796,1380
2021-03-21,Sumatera Selatan,54,2,49,3,16928,14747,798,1383
2021-03-22,Sumatera Selatan,45,2,260,-217,16973,15007,800,1166
2021-03-23,Sumatera Selatan,27,2,88,-63,17000,15095,802,1103
2021-03-24,Sumatera Selatan,51,3,59,-11,17051,15154,805,1092
2021-03-25,Sumatera Selatan,118,2,131,-15,17169,15285,807,1077
2021-03-26,Sumatera Selatan,89,17,26,46,17258,15311,824,1123
2021-03-27,Sumatera Selatan,84,2,16,66,17342,15327,826,1189
2021-03-28,Sumatera Selatan,101,5,83,13,17443,15410,831,1202
2021-03-29,Sumatera Selatan,91,1,70,20,17534,15480,832,1222
2021-03-30,Sumatera Selatan,91,2,65,24,17625,15545,834,1246
2021-03-31,Sumatera Selatan,102,2,41,59,17727,15586,836,1305
2021-04-01,Sumatera Selatan,133,5,27,101,17860,15613,841,1406
2021-04-02,Sumatera Selatan,75,4,33,38,17935,15646,845,1444
2021-04-03,Sumatera Selatan,39,1,12,26,17974,15658,846,1470
2021-04-04,Sumatera Selatan,41,0,55,-14,18015,15713,846,1456
2021-04-05,Sumatera Selatan,54,3,50,1,18069,15763,849,1457
2021-04-06,Sumatera Selatan,49,4,57,-12,18118,15820,853,1445
2021-04-07,Sumatera Selatan,70,3,60,7,18188,15880,856,1452
2021-04-08,Sumatera Selatan,90,6,132,-48,18278,16012,862,1404
2021-04-09,Sumatera Selatan,79,3,118,-42,18357,16130,865,1362
2021-04-10,Sumatera Selatan,94,12,99,-17,18451,16229,877,1345
2021-04-11,Sumatera Selatan,52,0,93,-41,18503,16322,877,1304
2021-04-12,Sumatera Selatan,63,5,125,-67,18566,16447,882,1237
2021-04-13,Sumatera Selatan,60,5,121,-66,18626,16568,887,1171
2021-04-14,Sumatera Selatan,78,5,87,-14,18704,16655,892,1157
2021-04-15,Sumatera Selatan,63,6,128,-71,18767,16783,898,1086
2021-04-16,Sumatera Selatan,77,1,68,8,18844,16851,899,1094
2021-04-17,Sumatera Selatan,126,5,97,24,18970,16948,904,1118
2021-04-18,Sumatera Selatan,101,2,64,35,19071,17012,906,1153
2021-04-19,Sumatera Selatan,111,9,95,7,19182,17107,915,1160
2021-04-20,Sumatera Selatan,93,15,59,19,19275,17166,930,1179
2021-04-21,Sumatera Selatan,112,3,90,19,19387,17256,933,1198
2021-04-22,Sumatera Selatan,119,6,80,33,19506,17336,939,1231
2021-04-23,Sumatera Selatan,101,7,52,42,19607,17388,946,1273
2021-04-24,Sumatera Selatan,125,3,93,29,19732,17481,949,1302
2021-04-25,Sumatera Selatan,144,11,116,17,19876,17597,960,1319
2021-04-26,Sumatera Selatan,99,9,68,22,19975,17665,969,1341
2021-04-27,Sumatera Selatan,93,10,49,34,20068,17714,979,1375
2021-04-28,Sumatera Selatan,137,2,97,38,20205,17811,981,1413
2021-04-29,Sumatera Selatan,117,7,124,-14,20322,17935,988,1399
2021-04-30,Sumatera Selatan,126,4,77,45,20448,18012,992,1444
2021-05-01,Sumatera Selatan,147,5,74,68,20595,18086,997,1512
2021-05-02,Sumatera Selatan,130,8,44,78,20725,18130,1005,1590
2021-05-03,Sumatera Selatan,113,9,252,-148,20838,18382,1014,1442
2021-05-04,Sumatera Selatan,111,10,166,-65,20949,18548,1024,1377
2021-05-05,Sumatera Selatan,129,10,51,68,21078,18599,1034,1445
2021-05-06,Sumatera Selatan,130,7,127,-4,21208,18726,1041,1441
2021-05-07,Sumatera Selatan,142,4,112,26,21350,18838,1045,1467
2021-05-08,Sumatera Selatan,150,13,298,-161,21500,19136,1058,1306
2021-05-09,Sumatera Selatan,140,5,126,9,21640,19262,1063,1315
2021-05-10,Sumatera Selatan,131,7,149,-25,21771,19411,1070,1290
2021-05-11,Sumatera Selatan,100,8,122,-30,21871,19533,1078,1260
2021-05-12,Sumatera Selatan,126,5,75,46,21997,19608,1083,1306
2021-05-13,Sumatera Selatan,99,1,37,61,22096,19645,1084,1367
2021-05-14,Sumatera Selatan,67,6,47,14,22163,19692,1090,1381
2021-05-15,Sumatera Selatan,74,4,33,37,22237,19725,1094,1418
2021-05-16,Sumatera Selatan,77,9,224,-156,22314,19949,1103,1262
2021-05-17,Sumatera Selatan,106,5,220,-119,22420,20169,1108,1143
2021-05-18,Sumatera Selatan,68,11,188,-131,22488,20357,1119,1012
2021-05-19,Sumatera Selatan,75,13,115,-53,22563,20472,1132,959
2021-05-20,Sumatera Selatan,95,15,123,-43,22658,20595,1147,916
2021-05-21,Sumatera Selatan,120,6,63,51,22778,20658,1153,967
2021-05-22,Sumatera Selatan,204,5,112,87,22982,20770,1158,1054
2021-05-23,Sumatera Selatan,194,11,81,102,23176,20851,1169,1156
2021-05-24,Sumatera Selatan,130,9,93,28,23306,20944,1178,1184
2021-05-25,Sumatera Selatan,129,10,97,22,23435,21041,1188,1206
2021-05-26,Sumatera Selatan,159,6,46,107,23594,21087,1194,1313
2021-05-27,Sumatera Selatan,157,7,103,47,23751,21190,1201,1360
2021-05-28,Sumatera Selatan,152,1,79,72,23903,21269,1202,1432
2021-05-29,Sumatera Selatan,165,10,263,-108,24068,21532,1212,1324
2021-05-30,Sumatera Selatan,122,7,93,22,24190,21625,1219,1346
2021-05-31,Sumatera Selatan,142,5,95,42,24332,21720,1224,1388
2021-06-01,Sumatera Selatan,150,4,124,22,24482,21844,1228,1410
2021-06-02,Sumatera Selatan,129,7,87,35,24611,21931,1235,1445
2021-06-03,Sumatera Selatan,161,11,106,44,24772,22037,1246,1489
2021-06-04,Sumatera Selatan,156,11,204,-59,24928,22241,1257,1430
2021-06-05,Sumatera Selatan,158,3,136,19,25086,22377,1260,1449
2021-06-06,Sumatera Selatan,127,10,89,28,25213,22466,1270,1477
2021-06-07,Sumatera Selatan,126,10,186,-70,25339,22652,1280,1407
2021-06-08,Sumatera Selatan,122,4,146,-28,25461,22798,1284,1379
2021-06-09,Sumatera Selatan,152,11,125,16,25613,22923,1295,1395
2021-06-10,Sumatera Selatan,154,9,100,45,25767,23023,1304,1440
2021-06-11,Sumatera Selatan,128,10,89,29,25895,23112,1314,1469
2021-06-12,Sumatera Selatan,184,6,104,74,26079,23216,1320,1543
2021-06-13,Sumatera Selatan,144,11,86,47,26223,23302,1331,1590
2021-06-14,Sumatera Selatan,88,10,289,-211,26311,23591,1341,1379
2021-06-15,Sumatera Selatan,152,7,95,50,26463,23686,1348,1429
2021-06-16,Sumatera Selatan,138,6,163,-31,26601,23849,1354,1398
2021-06-17,Sumatera Selatan,121,5,88,28,26722,23937,1359,1426
2021-06-18,Sumatera Selatan,135,4,146,-15,26857,24083,1363,1411
2021-06-19,Sumatera Selatan,119,3,210,-94,26976,24293,1366,1317
2021-06-20,Sumatera Selatan,143,6,184,-47,27119,24477,1372,1270
2021-06-21,Sumatera Selatan,111,6,83,22,27230,24560,1378,1292
2021-06-22,Sumatera Selatan,151,7,95,49,27381,24655,1385,1341
2021-06-23,Sumatera Selatan,115,1,68,46,27496,24723,1386,1387
2021-06-24,Sumatera Selatan,144,7,84,53,27640,24807,1393,1440
2021-06-25,Sumatera Selatan,202,15,147,40,27842,24954,1408,1480
2021-06-26,Sumatera Selatan,173,9,109,55,28015,25063,1417,1535
2021-06-27,Sumatera Selatan,162,5,107,50,28177,25170,1422,1585
2021-06-28,Sumatera Selatan,199,9,246,-56,28376,25416,1431,1529
2021-06-29,Sumatera Selatan,164,7,141,16,28540,25557,1438,1545
2021-06-30,Sumatera Selatan,223,3,63,157,28763,25620,1441,1702
2021-07-01,Sumatera Selatan,229,17,86,126,28992,25706,1458,1828
2021-07-02,Sumatera Selatan,243,9,110,124,29235,25816,1467,1952
2021-07-03,Sumatera Selatan,246,7,136,103,29481,25952,1474,2055
2021-07-04,Sumatera Selatan,244,14,317,-87,29725,26269,1488,1968
2021-07-05,Sumatera Selatan,172,8,132,32,29897,26401,1496,2000
2021-07-06,Sumatera Selatan,255,9,133,113,30152,26534,1505,2113
2021-07-07,Sumatera Selatan,358,16,139,203,30510,26673,1521,2316
2021-07-08,Sumatera Selatan,296,16,167,113,30806,26840,1537,2429
2021-07-09,Sumatera Selatan,341,6,221,114,31147,27061,1543,2543
2021-07-10,Sumatera Selatan,423,38,234,151,31570,27295,1581,2694
2021-07-11,Sumatera Selatan,388,12,239,137,31958,27534,1593,2831
2021-07-12,Sumatera Selatan,472,17,311,144,32430,27845,1610,2975
2021-07-13,Sumatera Selatan,778,8,170,600,33208,28015,1618,3575
2021-07-14,Sumatera Selatan,759,10,200,549,33967,28215,1628,4124
2021-07-15,Sumatera Selatan,963,11,262,690,34930,28477,1639,4814
2021-07-16,Sumatera Selatan,689,16,258,415,35619,28735,1655,5229
2021-07-17,Sumatera Selatan,771,22,406,343,36390,29141,1677,5572
2021-07-18,Sumatera Selatan,556,21,294,241,36946,29435,1698,5813
2021-07-19,Sumatera Selatan,376,41,290,45,37322,29725,1739,5858
2021-07-20,Sumatera Selatan,596,5,211,380,37918,29936,1744,6238
2021-07-21,Sumatera Selatan,450,12,205,233,38368,30141,1756,6471
2021-07-22,Sumatera Selatan,806,11,201,594,39174,30342,1767,7065
2021-07-23,Sumatera Selatan,841,27,405,409,40015,30747,1794,7474
2021-07-24,Sumatera Selatan,815,30,410,375,40830,31157,1824,7849
2021-07-25,Sumatera Selatan,388,22,483,-117,41218,31640,1846,7732
2021-07-26,Sumatera Selatan,366,20,325,21,41584,31965,1866,7753
2021-07-27,Sumatera Selatan,1020,22,431,567,42604,32396,1888,8320
2021-07-28,Sumatera Selatan,1249,37,494,718,43853,32890,1925,9038
2021-07-29,Sumatera Selatan,1278,46,505,727,45131,33395,1971,9765
2021-07-30,Sumatera Selatan,1002,36,518,448,46133,33913,2007,10213
2021-07-31,Sumatera Selatan,893,49,568,276,47026,34481,2056,10489
2021-08-01,Sumatera Selatan,547,44,801,-298,47573,35282,2100,10191
2020-03-30,Kep. Bangka Belitung,1,0,0,1,1,0,0,1
2020-03-31,Kep. Bangka Belitung,1,1,0,0,2,0,1,1
2020-04-01,Kep. Bangka Belitung,0,0,0,0,2,0,1,1
2020-04-02,Kep. Bangka Belitung,0,0,0,0,2,0,1,1
2020-04-03,Kep. Bangka Belitung,0,0,0,0,2,0,1,1
2020-04-04,Kep. Bangka Belitung,0,0,0,0,2,0,1,1
2020-04-05,Kep. Bangka Belitung,0,0,0,0,2,0,1,1
2020-04-06,Kep. Bangka Belitung,0,0,0,0,2,0,1,1
2020-04-07,Kep. Bangka Belitung,0,0,0,0,2,0,1,1
2020-04-08,Kep. Bangka Belitung,1,0,0,1,3,0,1,2
2020-04-09,Kep. Bangka Belitung,1,0,0,1,4,0,1,3
2020-04-10,Kep. Bangka Belitung,0,0,0,0,4,0,1,3
2020-04-11,Kep. Bangka Belitung,1,0,0,1,5,0,1,4
2020-04-12,Kep. Bangka Belitung,0,0,0,0,5,0,1,4
2020-04-13,Kep. Bangka Belitung,0,0,0,0,5,0,1,4
2020-04-14,Kep. Bangka Belitung,0,0,0,0,5,0,1,4
2020-04-15,Kep. Bangka Belitung,1,0,0,1,6,0,1,5
2020-04-16,Kep. Bangka Belitung,1,0,0,1,7,0,1,6
2020-04-17,Kep. Bangka Belitung,0,0,0,0,7,0,1,6
2020-04-18,Kep. Bangka Belitung,0,0,1,-1,7,1,1,5
2020-04-19,Kep. Bangka Belitung,1,0,0,1,8,1,1,6
2020-04-20,Kep. Bangka Belitung,0,0,0,0,8,1,1,6
2020-04-21,Kep. Bangka Belitung,1,0,2,-1,9,3,1,5
2020-04-22,Kep. Bangka Belitung,0,0,0,0,9,3,1,5
2020-04-23,Kep. Bangka Belitung,1,0,0,1,10,3,1,6
2020-04-24,Kep. Bangka Belitung,0,0,0,0,10,3,1,6
2020-04-25,Kep. Bangka Belitung,0,0,0,0,10,3,1,6
2020-04-26,Kep. Bangka Belitung,1,0,0,1,11,3,1,7
2020-04-27,Kep. Bangka Belitung,0,0,0,0,11,3,1,7
2020-04-28,Kep. Bangka Belitung,0,0,0,0,11,3,1,7
2020-04-29,Kep. Bangka Belitung,0,0,0,0,11,3,1,7
2020-04-30,Kep. Bangka Belitung,0,0,2,-2,11,5,1,5
2020-05-01,Kep. Bangka Belitung,9,0,0,9,20,5,1,14
2020-05-02,Kep. Bangka Belitung,0,0,0,0,20,5,1,14
2020-05-03,Kep. Bangka Belitung,1,0,0,1,21,5,1,15
2020-05-04,Kep. Bangka Belitung,0,0,0,0,21,5,1,15
2020-05-05,Kep. Bangka Belitung,8,0,0,8,29,5,1,23
2020-05-06,Kep. Bangka Belitung,0,0,2,-2,29,7,1,21
2020-05-07,Kep. Bangka Belitung,0,0,0,0,29,7,1,21
2020-05-08,Kep. Bangka Belitung,0,0,1,-1,29,8,1,20
2020-05-09,Kep. Bangka Belitung,0,0,0,0,29,8,1,20
2020-05-10,Kep. Bangka Belitung,1,0,0,1,30,8,1,21
2020-05-11,Kep. Bangka Belitung,0,0,0,0,30,8,1,21
2020-05-12,Kep. Bangka Belitung,0,0,0,0,30,8,1,21
2020-05-13,Kep. Bangka Belitung,0,0,0,0,30,8,1,21
2020-05-14,Kep. Bangka Belitung,0,0,0,0,30,8,1,21
2020-05-15,Kep. Bangka Belitung,0,0,17,-17,30,25,1,4
2020-05-16,Kep. Bangka Belitung,0,0,0,0,30,25,1,4
2020-05-17,Kep. Bangka Belitung,0,0,0,0,30,25,1,4
2020-05-18,Kep. Bangka Belitung,0,0,0,0,30,25,1,4
2020-05-19,Kep. Bangka Belitung,0,0,0,0,30,25,1,4
2020-05-20,Kep. Bangka Belitung,6,0,1,5,36,26,1,9
2020-05-21,Kep. Bangka Belitung,1,0,1,0,37,27,1,9
2020-05-22,Kep. Bangka Belitung,0,0,0,0,37,27,1,9
2020-05-23,Kep. Bangka Belitung,3,0,1,2,40,28,1,11
2020-05-24,Kep. Bangka Belitung,0,0,0,0,40,28,1,11
2020-05-25,Kep. Bangka Belitung,0,0,0,0,40,28,1,11
2020-05-26,Kep. Bangka Belitung,0,0,0,0,40,28,1,11
2020-05-27,Kep. Bangka Belitung,3,0,0,3,43,28,1,14
2020-05-28,Kep. Bangka Belitung,0,0,0,0,43,28,1,14
2020-05-29,Kep. Bangka Belitung,0,0,0,0,43,28,1,14
2020-05-30,Kep. Bangka Belitung,3,0,0,3,46,28,1,17
2020-05-31,Kep. Bangka Belitung,1,0,1,0,47,29,1,17
2020-06-01,Kep. Bangka Belitung,0,0,0,0,47,29,1,17
2020-06-02,Kep. Bangka Belitung,4,0,1,3,51,30,1,20
2020-06-03,Kep. Bangka Belitung,12,0,3,9,63,33,1,29
2020-06-04,Kep. Bangka Belitung,10,0,2,8,73,35,1,37
2020-06-05,Kep. Bangka Belitung,9,0,0,9,82,35,1,46
2020-06-06,Kep. Bangka Belitung,17,0,1,16,99,36,1,62
2020-06-07,Kep. Bangka Belitung,4,0,1,3,103,37,1,65
2020-06-08,Kep. Bangka Belitung,0,0,1,-1,103,38,1,64
2020-06-09,Kep. Bangka Belitung,19,0,5,14,122,43,1,78
2020-06-10,Kep. Bangka Belitung,2,0,1,1,124,44,1,79
2020-06-11,Kep. Bangka Belitung,3,0,3,0,127,47,1,79
2020-06-12,Kep. Bangka Belitung,6,0,8,-2,133,55,1,77
2020-06-13,Kep. Bangka Belitung,4,0,9,-5,137,64,1,72
2020-06-14,Kep. Bangka Belitung,8,1,0,7,145,64,2,79
2020-06-15,Kep. Bangka Belitung,0,0,0,0,145,64,2,79
2020-06-16,Kep. Bangka Belitung,1,0,5,-4,146,69,2,75
2020-06-17,Kep. Bangka Belitung,2,0,27,-25,148,96,2,50
2020-06-18,Kep. Bangka Belitung,0,0,6,-6,148,102,2,44
2020-06-19,Kep. Bangka Belitung,0,0,6,-6,148,108,2,38
2020-06-20,Kep. Bangka Belitung,1,0,0,1,149,108,2,39
2020-06-21,Kep. Bangka Belitung,0,0,0,0,149,108,2,39
2020-06-22,Kep. Bangka Belitung,0,0,10,-10,149,118,2,29
2020-06-23,Kep. Bangka Belitung,0,0,0,0,149,118,2,29
2020-06-24,Kep. Bangka Belitung,0,0,9,-9,149,127,2,20
2020-06-25,Kep. Bangka Belitung,0,0,1,-1,149,128,2,19
2020-06-26,Kep. Bangka Belitung,0,0,3,-3,149,131,2,16
2020-06-27,Kep. Bangka Belitung,1,0,2,-1,150,133,2,15
2020-06-28,Kep. Bangka Belitung,0,0,0,0,150,133,2,15
2020-06-29,Kep. Bangka Belitung,3,0,1,2,153,134,2,17
2020-06-30,Kep. Bangka Belitung,0,0,1,-1,153,135,2,16
2020-07-01,Kep. Bangka Belitung,3,0,1,2,156,136,2,18
2020-07-02,Kep. Bangka Belitung,0,0,1,-1,156,137,2,17
2020-07-03,Kep. Bangka Belitung,2,0,0,2,158,137,2,19
2020-07-04,Kep. Bangka Belitung,4,0,0,4,162,137,2,23
2020-07-05,Kep. Bangka Belitung,2,0,0,2,164,137,2,25
2020-07-06,Kep. Bangka Belitung,6,0,0,6,170,137,2,31
2020-07-07,Kep. Bangka Belitung,2,0,3,-1,172,140,2,30
2020-07-08,Kep. Bangka Belitung,0,0,0,0,172,140,2,30
2020-07-09,Kep. Bangka Belitung,0,0,1,-1,172,141,2,29
2020-07-10,Kep. Bangka Belitung,0,0,1,-1,172,142,2,28
2020-07-11,Kep. Bangka Belitung,1,0,1,0,173,143,2,28
2020-07-12,Kep. Bangka Belitung,0,0,0,0,173,143,2,28
2020-07-13,Kep. Bangka Belitung,0,0,3,-3,173,146,2,25
2020-07-14,Kep. Bangka Belitung,2,0,0,2,175,146,2,27
2020-07-15,Kep. Bangka Belitung,1,0,5,-4,176,151,2,23
2020-07-16,Kep. Bangka Belitung,0,0,16,-16,176,167,2,7
2020-07-17,Kep. Bangka Belitung,0,0,0,0,176,167,2,7
2020-07-18,Kep. Bangka Belitung,1,0,1,0,177,168,2,7
2020-07-19,Kep. Bangka Belitung,0,0,0,0,177,168,2,7
2020-07-20,Kep. Bangka Belitung,4,0,0,4,181,168,2,11
2020-07-21,Kep. Bangka Belitung,0,0,0,0,181,168,2,11
2020-07-22,Kep. Bangka Belitung,1,0,2,-1,182,170,2,10
2020-07-23,Kep. Bangka Belitung,1,0,0,1,183,170,2,11
2020-07-24,Kep. Bangka Belitung,3,0,0,3,186,170,2,14
2020-07-25,Kep. Bangka Belitung,1,0,3,-2,187,173,2,12
2020-07-26,Kep. Bangka Belitung,2,0,1,1,189,174,2,13
2020-07-27,Kep. Bangka Belitung,3,0,0,3,192,174,2,16
2020-07-28,Kep. Bangka Belitung,0,0,0,0,192,174,2,16
2020-07-29,Kep. Bangka Belitung,2,0,0,2,194,174,2,18
2020-07-30,Kep. Bangka Belitung,0,0,0,0,194,174,2,18
2020-07-31,Kep. Bangka Belitung,0,0,0,0,194,174,2,18
2020-08-01,Kep. Bangka Belitung,0,0,0,0,194,174,2,18
2020-08-02,Kep. Bangka Belitung,0,0,0,0,194,174,2,18
2020-08-03,Kep. Bangka Belitung,3,0,0,3,197,174,2,21
2020-08-04,Kep. Bangka Belitung,0,0,2,-2,197,176,2,19
2020-08-05,Kep. Bangka Belitung,1,0,7,-6,198,183,2,13
2020-08-06,Kep. Bangka Belitung,0,0,0,0,198,183,2,13
2020-08-07,Kep. Bangka Belitung,3,0,3,0,201,186,2,13
2020-08-08,Kep. Bangka Belitung,0,0,3,-3,201,189,2,10
2020-08-09,Kep. Bangka Belitung,1,0,1,0,202,190,2,10
2020-08-10,Kep. Bangka Belitung,2,0,0,2,204,190,2,12
2020-08-11,Kep. Bangka Belitung,0,0,0,0,204,190,2,12
2020-08-12,Kep. Bangka Belitung,0,0,6,-6,204,196,2,6
2020-08-13,Kep. Bangka Belitung,0,0,0,0,204,196,2,6
2020-08-14,Kep. Bangka Belitung,2,0,0,2,206,196,2,8
2020-08-15,Kep. Bangka Belitung,2,0,0,2,208,196,2,10
2020-08-16,Kep. Bangka Belitung,5,0,1,4,213,197,2,14
2020-08-17,Kep. Bangka Belitung,2,0,0,2,215,197,2,16
2020-08-18,Kep. Bangka Belitung,2,0,2,0,217,199,2,16
2020-08-19,Kep. Bangka Belitung,3,0,3,0,220,202,2,16
2020-08-20,Kep. Bangka Belitung,1,0,0,1,221,202,2,17
2020-08-21,Kep. Bangka Belitung,2,0,0,2,223,202,2,19
2020-08-22,Kep. Bangka Belitung,4,0,0,4,227,202,2,23
2020-08-23,Kep. Bangka Belitung,2,0,0,2,229,202,2,25
2020-08-24,Kep. Bangka Belitung,0,0,2,-2,229,204,2,23
2020-08-25,Kep. Bangka Belitung,3,0,5,-2,232,209,2,21
2020-08-26,Kep. Bangka Belitung,4,0,4,0,236,213,2,21
2020-08-27,Kep. Bangka Belitung,0,0,0,0,236,213,2,21
2020-08-28,Kep. Bangka Belitung,0,0,2,-2,236,215,2,19
2020-08-29,Kep. Bangka Belitung,0,0,3,-3,236,218,2,16
2020-08-30,Kep. Bangka Belitung,4,0,0,4,240,218,2,20
2020-08-31,Kep. Bangka Belitung,0,0,6,-6,240,224,2,14
2020-09-01,Kep. Bangka Belitung,0,0,0,0,240,224,2,14
2020-09-02,Kep. Bangka Belitung,0,0,1,-1,240,225,2,13
2020-09-03,Kep. Bangka Belitung,1,0,2,-1,241,227,2,12
2020-09-04,Kep. Bangka Belitung,2,0,2,0,243,229,2,12
2020-09-05,Kep. Bangka Belitung,0,0,3,-3,243,232,2,9
2020-09-06,Kep. Bangka Belitung,1,0,0,1,244,232,2,10
2020-09-07,Kep. Bangka Belitung,0,0,0,0,244,232,2,10
2020-09-08,Kep. Bangka Belitung,7,0,4,3,251,236,2,13
2020-09-09,Kep. Bangka Belitung,2,0,0,2,253,236,2,15
2020-09-10,Kep. Bangka Belitung,11,1,2,8,264,238,3,23
2020-09-11,Kep. Bangka Belitung,7,0,0,7,271,238,3,30
2020-09-12,Kep. Bangka Belitung,5,0,0,5,276,238,3,35
2020-09-13,Kep. Bangka Belitung,8,0,2,6,284,240,3,41
2020-09-14,Kep. Bangka Belitung,0,0,0,0,284,240,3,41
2020-09-15,Kep. Bangka Belitung,1,0,5,-4,285,245,3,37
2020-09-16,Kep. Bangka Belitung,11,0,2,9,296,247,3,46
2020-09-17,Kep. Bangka Belitung,10,0,0,10,306,247,3,56
2020-09-18,Kep. Bangka Belitung,1,1,3,-3,307,250,4,53
2020-09-19,Kep. Bangka Belitung,4,0,13,-9,311,263,4,44
2020-09-20,Kep. Bangka Belitung,1,0,2,-1,312,265,4,43
2020-09-21,Kep. Bangka Belitung,1,0,4,-3,313,269,4,40
2020-09-22,Kep. Bangka Belitung,8,0,1,7,321,270,4,47
2020-09-23,Kep. Bangka Belitung,14,0,0,14,335,270,4,61
2020-09-24,Kep. Bangka Belitung,1,0,5,-4,336,275,4,57
2020-09-25,Kep. Bangka Belitung,1,0,3,-2,337,278,4,55
2020-09-26,Kep. Bangka Belitung,1,0,1,0,338,279,4,55
2020-09-27,Kep. Bangka Belitung,0,0,13,-13,338,292,4,42
2020-09-28,Kep. Bangka Belitung,0,0,9,-9,338,301,4,33
2020-09-29,Kep. Bangka Belitung,10,0,2,8,348,303,4,41
2020-09-30,Kep. Bangka Belitung,14,0,1,13,362,304,4,54
2020-10-01,Kep. Bangka Belitung,10,0,0,10,372,304,4,64
2020-10-02,Kep. Bangka Belitung,16,1,9,6,388,313,5,70
2020-10-03,Kep. Bangka Belitung,19,0,4,15,407,317,5,85
2020-10-04,Kep. Bangka Belitung,5,1,6,-2,412,323,6,83
2020-10-05,Kep. Bangka Belitung,12,0,6,6,424,329,6,89
2020-10-06,Kep. Bangka Belitung,5,0,2,3,429,331,6,92
2020-10-07,Kep. Bangka Belitung,10,0,1,9,439,332,6,101
2020-10-08,Kep. Bangka Belitung,2,0,0,2,441,332,6,103
2020-10-09,Kep. Bangka Belitung,14,0,2,12,455,334,6,115
2020-10-10,Kep. Bangka Belitung,7,0,23,-16,462,357,6,99
2020-10-11,Kep. Bangka Belitung,13,0,5,8,475,362,6,107
2020-10-12,Kep. Bangka Belitung,0,0,2,-2,475,364,6,105
2020-10-13,Kep. Bangka Belitung,1,0,13,-12,476,377,6,93
2020-10-14,Kep. Bangka Belitung,5,0,26,-21,481,403,6,72
2020-10-15,Kep. Bangka Belitung,4,0,10,-6,485,413,6,66
2020-10-16,Kep. Bangka Belitung,4,0,6,-2,489,419,6,64
2020-10-17,Kep. Bangka Belitung,11,0,12,-1,500,431,6,63
2020-10-18,Kep. Bangka Belitung,16,1,6,9,516,437,7,72
2020-10-19,Kep. Bangka Belitung,1,0,15,-14,517,452,7,58
2020-10-20,Kep. Bangka Belitung,7,0,5,2,524,457,7,60
2020-10-21,Kep. Bangka Belitung,15,0,5,10,539,462,7,70
2020-10-22,Kep. Bangka Belitung,6,0,7,-1,545,469,7,69
2020-10-23,Kep. Bangka Belitung,0,0,3,-3,545,472,7,66
2020-10-24,Kep. Bangka Belitung,5,0,2,3,550,474,7,69
2020-10-25,Kep. Bangka Belitung,4,0,2,2,554,476,7,71
2020-10-26,Kep. Bangka Belitung,1,0,7,-6,555,483,7,65
2020-10-27,Kep. Bangka Belitung,12,0,13,-1,567,496,7,64
2020-10-28,Kep. Bangka Belitung,7,0,15,-8,574,511,7,56
2020-10-29,Kep. Bangka Belitung,5,0,2,3,579,513,7,59
2020-10-30,Kep. Bangka Belitung,3,0,0,3,582,513,7,62
2020-10-31,Kep. Bangka Belitung,2,0,12,-10,584,525,7,52
2020-11-01,Kep. Bangka Belitung,4,0,2,2,588,527,7,54
2020-11-02,Kep. Bangka Belitung,5,0,7,-2,593,534,7,52
2020-11-03,Kep. Bangka Belitung,11,0,7,4,604,541,7,56
2020-11-04,Kep. Bangka Belitung,34,0,6,28,638,547,7,84
2020-11-05,Kep. Bangka Belitung,15,0,3,12,653,550,7,96
2020-11-06,Kep. Bangka Belitung,15,0,13,2,668,563,7,98
2020-11-07,Kep. Bangka Belitung,13,0,4,9,681,567,7,107
2020-11-08,Kep. Bangka Belitung,16,0,9,7,697,576,7,114
2020-11-09,Kep. Bangka Belitung,0,0,7,-7,697,583,7,107
2020-11-10,Kep. Bangka Belitung,10,1,0,9,707,583,8,116
2020-11-11,Kep. Bangka Belitung,48,0,3,45,755,586,8,161
2020-11-12,Kep. Bangka Belitung,23,2,4,17,778,590,10,178
2020-11-13,Kep. Bangka Belitung,11,0,9,2,789,599,10,180
2020-11-14,Kep. Bangka Belitung,15,0,45,-30,804,644,10,150
2020-11-15,Kep. Bangka Belitung,0,0,10,-10,804,654,10,140
2020-11-16,Kep. Bangka Belitung,2,0,7,-5,806,661,10,135
2020-11-17,Kep. Bangka Belitung,15,0,46,-31,821,707,10,104
2020-11-18,Kep. Bangka Belitung,12,0,14,-2,833,721,10,102
2020-11-19,Kep. Bangka Belitung,23,1,0,22,856,721,11,124
2020-11-20,Kep. Bangka Belitung,10,0,27,-17,866,748,11,107
2020-11-21,Kep. Bangka Belitung,8,0,7,1,874,755,11,108
2020-11-22,Kep. Bangka Belitung,9,0,5,4,883,760,11,112
2020-11-23,Kep. Bangka Belitung,11,1,6,4,894,766,12,116
2020-11-24,Kep. Bangka Belitung,15,0,5,10,909,771,12,126
2020-11-25,Kep. Bangka Belitung,19,0,12,7,928,783,12,133
2020-11-26,Kep. Bangka Belitung,17,0,2,15,945,785,12,148
2020-11-27,Kep. Bangka Belitung,20,0,11,9,965,796,12,157
2020-11-28,Kep. Bangka Belitung,18,1,23,-6,983,819,13,151
2020-11-29,Kep. Bangka Belitung,12,0,23,-11,995,842,13,140
2020-11-30,Kep. Bangka Belitung,8,0,12,-4,1003,854,13,136
2020-12-01,Kep. Bangka Belitung,34,1,23,10,1037,877,14,146
2020-12-02,Kep. Bangka Belitung,14,0,6,8,1051,883,14,154
2020-12-03,Kep. Bangka Belitung,30,1,9,20,1081,892,15,174
2020-12-04,Kep. Bangka Belitung,81,0,9,72,1162,901,15,246
2020-12-05,Kep. Bangka Belitung,26,2,23,1,1188,924,17,247
2020-12-06,Kep. Bangka Belitung,42,0,30,12,1230,954,17,259
2020-12-07,Kep. Bangka Belitung,14,1,21,-8,1244,975,18,251
2020-12-08,Kep. Bangka Belitung,40,0,15,25,1284,990,18,276
2020-12-09,Kep. Bangka Belitung,22,1,12,9,1306,1002,19,285
2020-12-10,Kep. Bangka Belitung,13,0,4,9,1319,1006,19,294
2020-12-11,Kep. Bangka Belitung,28,0,54,-26,1347,1060,19,268
2020-12-12,Kep. Bangka Belitung,39,0,15,24,1386,1075,19,292
2020-12-13,Kep. Bangka Belitung,49,1,33,15,1435,1108,20,307
2020-12-14,Kep. Bangka Belitung,13,0,27,-14,1448,1135,20,293
2020-12-15,Kep. Bangka Belitung,39,1,53,-15,1487,1188,21,278
2020-12-16,Kep. Bangka Belitung,41,3,31,7,1528,1219,24,285
2020-12-17,Kep. Bangka Belitung,50,0,15,35,1578,1234,24,320
2020-12-18,Kep. Bangka Belitung,35,1,26,8,1613,1260,25,328
2020-12-19,Kep. Bangka Belitung,32,1,37,-6,1645,1297,26,322
2020-12-20,Kep. Bangka Belitung,53,1,21,31,1698,1318,27,353
2020-12-21,Kep. Bangka Belitung,21,0,40,-19,1719,1358,27,334
2020-12-22,Kep. Bangka Belitung,33,1,29,3,1752,1387,28,337
2020-12-23,Kep. Bangka Belitung,50,0,5,45,1802,1392,28,382
2020-12-24,Kep. Bangka Belitung,68,0,22,46,1870,1414,28,428
2020-12-25,Kep. Bangka Belitung,79,2,54,23,1949,1468,30,451
2020-12-26,Kep. Bangka Belitung,54,1,16,37,2003,1484,31,488
2020-12-27,Kep. Bangka Belitung,75,1,64,10,2078,1548,32,498
2020-12-28,Kep. Bangka Belitung,61,0,43,18,2139,1591,32,516
2020-12-29,Kep. Bangka Belitung,54,1,38,15,2193,1629,33,531
2020-12-30,Kep. Bangka Belitung,90,1,34,55,2283,1663,34,586
2020-12-31,Kep. Bangka Belitung,55,1,55,-1,2338,1718,35,585
2021-01-01,Kep. Bangka Belitung,80,1,40,39,2418,1758,36,624
2021-01-02,Kep. Bangka Belitung,60,0,36,24,2478,1794,36,648
2021-01-03,Kep. Bangka Belitung,60,0,54,6,2538,1848,36,654
2021-01-04,Kep. Bangka Belitung,50,3,45,2,2588,1893,39,656
2021-01-05,Kep. Bangka Belitung,51,3,88,-40,2639,1981,42,616
2021-01-06,Kep. Bangka Belitung,78,3,74,1,2717,2055,45,617
2021-01-07,Kep. Bangka Belitung,47,3,80,-36,2764,2135,48,581
2021-01-08,Kep. Bangka Belitung,75,0,49,26,2839,2184,48,607
2021-01-09,Kep. Bangka Belitung,71,0,39,32,2910,2223,48,639
2021-01-10,Kep. Bangka Belitung,96,4,89,3,3006,2312,52,642
2021-01-11,Kep. Bangka Belitung,91,1,63,27,3097,2375,53,669
2021-01-12,Kep. Bangka Belitung,36,0,37,-1,3133,2412,53,668
2021-01-13,Kep. Bangka Belitung,88,3,68,17,3221,2480,56,685
2021-01-14,Kep. Bangka Belitung,62,2,73,-13,3283,2553,58,672
2021-01-15,Kep. Bangka Belitung,45,3,77,-35,3328,2630,61,637
2021-01-16,Kep. Bangka Belitung,69,1,43,25,3397,2673,62,662
2021-01-17,Kep. Bangka Belitung,85,1,97,-13,3482,2770,63,649
2021-01-18,Kep. Bangka Belitung,60,2,95,-37,3542,2865,65,612
2021-01-19,Kep. Bangka Belitung,43,1,42,0,3585,2907,66,612
2021-01-20,Kep. Bangka Belitung,55,3,87,-35,3640,2994,69,577
2021-01-21,Kep. Bangka Belitung,79,5,60,14,3719,3054,74,591
2021-01-22,Kep. Bangka Belitung,103,1,114,-12,3822,3168,75,579
2021-01-23,Kep. Bangka Belitung,94,1,103,-10,3916,3271,76,569
2021-01-24,Kep. Bangka Belitung,75,2,47,26,3991,3318,78,595
2021-01-25,Kep. Bangka Belitung,118,0,132,-14,4109,3450,78,581
2021-01-26,Kep. Bangka Belitung,79,1,63,15,4188,3513,79,596
2021-01-27,Kep. Bangka Belitung,90,0,76,14,4278,3589,79,610
2021-01-28,Kep. Bangka Belitung,95,0,71,24,4373,3660,79,634
2021-01-29,Kep. Bangka Belitung,117,2,78,37,4490,3738,81,671
2021-01-30,Kep. Bangka Belitung,123,1,103,19,4613,3841,82,690
2021-01-31,Kep. Bangka Belitung,55,1,67,-13,4668,3908,83,677
2021-02-01,Kep. Bangka Belitung,69,1,39,29,4737,3947,84,706
2021-02-02,Kep. Bangka Belitung,38,0,53,-15,4775,4000,84,691
2021-02-03,Kep. Bangka Belitung,97,1,70,26,4872,4070,85,717
2021-02-04,Kep. Bangka Belitung,121,0,119,2,4993,4189,85,719
2021-02-05,Kep. Bangka Belitung,115,1,81,33,5108,4270,86,752
2021-02-06,Kep. Bangka Belitung,135,1,109,25,5243,4379,87,777
2021-02-07,Kep. Bangka Belitung,95,1,105,-11,5338,4484,88,766
2021-02-08,Kep. Bangka Belitung,95,3,77,15,5433,4561,91,781
2021-02-09,Kep. Bangka Belitung,28,1,55,-28,5461,4616,92,753
2021-02-10,Kep. Bangka Belitung,89,0,95,-6,5550,4711,92,747
2021-02-11,Kep. Bangka Belitung,160,3,98,59,5710,4809,95,806
2021-02-12,Kep. Bangka Belitung,114,1,151,-38,5824,4960,96,768
2021-02-13,Kep. Bangka Belitung,133,1,119,13,5957,5079,97,781
2021-02-14,Kep. Bangka Belitung,130,0,74,56,6087,5153,97,837
2021-02-15,Kep. Bangka Belitung,138,0,122,16,6225,5275,97,853
2021-02-16,Kep. Bangka Belitung,54,0,12,42,6279,5287,97,895
2021-02-17,Kep. Bangka Belitung,116,0,19,97,6395,5306,97,992
2021-02-18,Kep. Bangka Belitung,127,5,247,-125,6522,5553,102,867
2021-02-19,Kep. Bangka Belitung,85,1,185,-101,6607,5738,103,766
2021-02-20,Kep. Bangka Belitung,132,1,99,32,6739,5837,104,798
2021-02-21,Kep. Bangka Belitung,55,1,54,0,6794,5891,105,798
2021-02-22,Kep. Bangka Belitung,70,0,79,-9,6864,5970,105,789
2021-02-23,Kep. Bangka Belitung,41,1,43,-3,6905,6013,106,786
2021-02-24,Kep. Bangka Belitung,236,2,66,168,7141,6079,108,954
2021-02-25,Kep. Bangka Belitung,45,1,286,-242,7186,6365,109,712
2021-02-26,Kep. Bangka Belitung,70,1,58,11,7256,6423,110,723
2021-02-27,Kep. Bangka Belitung,44,1,88,-45,7300,6511,111,678
2021-02-28,Kep. Bangka Belitung,47,0,87,-40,7347,6598,111,638
2021-03-01,Kep. Bangka Belitung,27,1,53,-27,7374,6651,112,611
2021-03-02,Kep. Bangka Belitung,26,0,54,-28,7400,6705,112,583
2021-03-03,Kep. Bangka Belitung,61,0,83,-22,7461,6788,112,561
2021-03-04,Kep. Bangka Belitung,32,0,36,-4,7493,6824,112,557
2021-03-05,Kep. Bangka Belitung,50,0,81,-31,7543,6905,112,526
2021-03-06,Kep. Bangka Belitung,75,1,85,-11,7618,6990,113,515
2021-03-07,Kep. Bangka Belitung,37,3,56,-22,7655,7046,116,493
2021-03-08,Kep. Bangka Belitung,62,1,48,13,7717,7094,117,506
2021-03-09,Kep. Bangka Belitung,49,1,57,-9,7766,7151,118,497
2021-03-10,Kep. Bangka Belitung,22,0,16,6,7788,7167,118,503
2021-03-11,Kep. Bangka Belitung,54,1,17,36,7842,7184,119,539
2021-03-12,Kep. Bangka Belitung,63,4,60,-1,7905,7244,123,538
2021-03-13,Kep. Bangka Belitung,68,1,41,26,7973,7285,124,564
2021-03-14,Kep. Bangka Belitung,86,0,33,53,8059,7318,124,617
2021-03-15,Kep. Bangka Belitung,49,2,30,17,8108,7348,126,634
2021-03-16,Kep. Bangka Belitung,91,1,52,38,8199,7400,127,672
2021-03-17,Kep. Bangka Belitung,50,0,32,18,8249,7432,127,690
2021-03-18,Kep. Bangka Belitung,59,4,63,-8,8308,7495,131,682
2021-03-19,Kep. Bangka Belitung,58,1,45,12,8366,7540,132,694
2021-03-20,Kep. Bangka Belitung,165,1,101,63,8531,7641,133,757
2021-03-21,Kep. Bangka Belitung,95,3,92,0,8626,7733,136,757
2021-03-22,Kep. Bangka Belitung,84,3,78,3,8710,7811,139,760
2021-03-23,Kep. Bangka Belitung,44,1,86,-43,8754,7897,140,717
2021-03-24,Kep. Bangka Belitung,68,0,41,27,8822,7938,140,744
2021-03-25,Kep. Bangka Belitung,101,2,83,16,8923,8021,142,760
2021-03-26,Kep. Bangka Belitung,52,0,93,-41,8975,8114,142,719
2021-03-27,Kep. Bangka Belitung,75,3,53,19,9050,8167,145,738
2021-03-28,Kep. Bangka Belitung,94,2,50,42,9144,8217,147,780
2021-03-29,Kep. Bangka Belitung,63,2,54,7,9207,8271,149,787
2021-03-30,Kep. Bangka Belitung,89,3,60,26,9296,8331,152,813
2021-03-31,Kep. Bangka Belitung,68,3,90,-25,9364,8421,155,788
2021-04-01,Kep. Bangka Belitung,100,2,61,37,9464,8482,157,825
2021-04-02,Kep. Bangka Belitung,46,0,64,-18,9510,8546,157,807
2021-04-03,Kep. Bangka Belitung,83,1,103,-21,9593,8649,158,786
2021-04-04,Kep. Bangka Belitung,60,2,55,3,9653,8704,160,789
2021-04-05,Kep. Bangka Belitung,102,2,80,20,9755,8784,162,809
2021-04-06,Kep. Bangka Belitung,62,2,38,22,9817,8822,164,831
2021-04-07,Kep. Bangka Belitung,72,1,69,2,9889,8891,165,833
2021-04-08,Kep. Bangka Belitung,95,0,134,-39,9984,9025,165,794
2021-04-09,Kep. Bangka Belitung,71,2,45,24,10055,9070,167,818
2021-04-10,Kep. Bangka Belitung,54,2,92,-40,10109,9162,169,778
2021-04-11,Kep. Bangka Belitung,183,2,142,39,10292,9304,171,817
2021-04-12,Kep. Bangka Belitung,81,2,57,22,10373,9361,173,839
2021-04-13,Kep. Bangka Belitung,117,0,66,51,10490,9427,173,890
2021-04-14,Kep. Bangka Belitung,144,0,34,110,10634,9461,173,1000
2021-04-15,Kep. Bangka Belitung,188,2,116,70,10822,9577,175,1070
2021-04-16,Kep. Bangka Belitung,146,2,59,85,10968,9636,177,1155
2021-04-17,Kep. Bangka Belitung,94,2,46,46,11062,9682,179,1201
2021-04-18,Kep. Bangka Belitung,114,1,47,66,11176,9729,180,1267
2021-04-19,Kep. Bangka Belitung,76,4,170,-98,11252,9899,184,1169
2021-04-20,Kep. Bangka Belitung,152,2,129,21,11404,10028,186,1190
2021-04-21,Kep. Bangka Belitung,162,0,74,88,11566,10102,186,1278
2021-04-22,Kep. Bangka Belitung,133,2,91,40,11699,10193,188,1318
2021-04-23,Kep. Bangka Belitung,339,1,267,71,12038,10460,189,1389
2021-04-24,Kep. Bangka Belitung,167,2,197,-32,12205,10657,191,1357
2021-04-25,Kep. Bangka Belitung,263,1,119,143,12468,10776,192,1500
2021-04-26,Kep. Bangka Belitung,194,4,175,15,12662,10951,196,1515
2021-04-27,Kep. Bangka Belitung,160,5,321,-166,12822,11272,201,1349
2021-04-28,Kep. Bangka Belitung,160,4,67,89,12982,11339,205,1438
2021-04-29,Kep. Bangka Belitung,238,3,115,120,13220,11454,208,1558
2021-04-30,Kep. Bangka Belitung,226,3,151,72,13446,11605,211,1630
2021-05-01,Kep. Bangka Belitung,200,2,142,56,13646,11747,213,1686
2021-05-02,Kep. Bangka Belitung,93,4,89,0,13739,11836,217,1686
2021-05-03,Kep. Bangka Belitung,82,1,140,-59,13821,11976,218,1627
2021-05-04,Kep. Bangka Belitung,167,2,223,-58,13988,12199,220,1569
2021-05-05,Kep. Bangka Belitung,125,1,130,-6,14113,12329,221,1563
2021-05-06,Kep. Bangka Belitung,168,1,151,16,14281,12480,222,1579
2021-05-07,Kep. Bangka Belitung,197,1,343,-147,14478,12823,223,1432
2021-05-08,Kep. Bangka Belitung,267,6,154,107,14745,12977,229,1539
2021-05-09,Kep. Bangka Belitung,184,3,157,24,14929,13134,232,1563
2021-05-10,Kep. Bangka Belitung,112,0,132,-20,15041,13266,232,1543
2021-05-11,Kep. Bangka Belitung,143,1,188,-46,15184,13454,233,1497
2021-05-12,Kep. Bangka Belitung,211,2,110,99,15395,13564,235,1596
2021-05-13,Kep. Bangka Belitung,73,2,71,0,15468,13635,237,1596
2021-05-14,Kep. Bangka Belitung,65,0,132,-67,15533,13767,237,1529
2021-05-15,Kep. Bangka Belitung,41,2,146,-107,15574,13913,239,1422
2021-05-16,Kep. Bangka Belitung,75,3,173,-101,15649,14086,242,1321
2021-05-17,Kep. Bangka Belitung,108,1,214,-107,15757,14300,243,1214
2021-05-18,Kep. Bangka Belitung,131,2,308,-179,15888,14608,245,1035
2021-05-19,Kep. Bangka Belitung,164,2,139,23,16052,14747,247,1058
2021-05-20,Kep. Bangka Belitung,194,2,149,43,16246,14896,249,1101
2021-05-21,Kep. Bangka Belitung,240,1,88,151,16486,14984,250,1252
2021-05-22,Kep. Bangka Belitung,190,1,66,123,16676,15050,251,1375
2021-05-23,Kep. Bangka Belitung,183,0,133,50,16859,15183,251,1425
2021-05-24,Kep. Bangka Belitung,135,0,99,36,16994,15282,251,1461
2021-05-25,Kep. Bangka Belitung,166,5,63,98,17160,15345,256,1559
2021-05-26,Kep. Bangka Belitung,271,2,78,191,17431,15423,258,1750
2021-05-27,Kep. Bangka Belitung,132,2,102,28,17563,15525,260,1778
2021-05-28,Kep. Bangka Belitung,183,7,122,54,17746,15647,267,1832
2021-05-29,Kep. Bangka Belitung,176,2,213,-39,17922,15860,269,1793
2021-05-30,Kep. Bangka Belitung,245,0,120,125,18167,15980,269,1918
2021-05-31,Kep. Bangka Belitung,130,0,254,-124,18297,16234,269,1794
2021-06-01,Kep. Bangka Belitung,90,1,175,-86,18387,16409,270,1708
2021-06-02,Kep. Bangka Belitung,100,4,152,-56,18487,16561,274,1652
2021-06-03,Kep. Bangka Belitung,159,0,238,-79,18646,16799,274,1573
2021-06-04,Kep. Bangka Belitung,279,3,163,113,18925,16962,277,1686
2021-06-05,Kep. Bangka Belitung,149,3,138,8,19074,17100,280,1694
2021-06-06,Kep. Bangka Belitung,52,3,189,-140,19126,17289,283,1554
2021-06-07,Kep. Bangka Belitung,68,4,236,-172,19194,17525,287,1382
2021-06-08,Kep. Bangka Belitung,113,2,114,-3,19307,17639,289,1379
2021-06-09,Kep. Bangka Belitung,108,5,156,-53,19415,17795,294,1326
2021-06-10,Kep. Bangka Belitung,89,4,148,-63,19504,17943,298,1263
2021-06-11,Kep. Bangka Belitung,97,2,147,-52,19601,18090,300,1211
2021-06-12,Kep. Bangka Belitung,57,1,194,-138,19658,18284,301,1073
2021-06-13,Kep. Bangka Belitung,43,0,140,-97,19701,18424,301,976
2021-06-14,Kep. Bangka Belitung,44,2,124,-82,19745,18548,303,894
2021-06-15,Kep. Bangka Belitung,75,2,148,-75,19820,18696,305,819
2021-06-16,Kep. Bangka Belitung,91,2,112,-23,19911,18808,307,796
2021-06-17,Kep. Bangka Belitung,92,3,119,-30,20003,18927,310,766
2021-06-18,Kep. Bangka Belitung,73,3,64,6,20076,18991,313,772
2021-06-19,Kep. Bangka Belitung,81,2,78,1,20157,19069,315,773
2021-06-20,Kep. Bangka Belitung,49,1,77,-29,20206,19146,316,744
2021-06-21,Kep. Bangka Belitung,40,3,76,-39,20246,19222,319,705
2021-06-22,Kep. Bangka Belitung,89,2,75,12,20335,19297,321,717
2021-06-23,Kep. Bangka Belitung,90,1,61,28,20425,19358,322,745
2021-06-24,Kep. Bangka Belitung,120,0,74,46,20545,19432,322,791
2021-06-25,Kep. Bangka Belitung,68,2,74,-8,20613,19506,324,783
2021-06-26,Kep. Bangka Belitung,126,2,63,61,20739,19569,326,844
2021-06-27,Kep. Bangka Belitung,103,0,75,28,20842,19644,326,872
2021-06-28,Kep. Bangka Belitung,102,1,80,21,20944,19724,327,893
2021-06-29,Kep. Bangka Belitung,88,0,63,25,21032,19787,327,918
2021-06-30,Kep. Bangka Belitung,159,0,80,79,21191,19867,327,997
2021-07-01,Kep. Bangka Belitung,248,3,91,154,21439,19958,330,1151
2021-07-02,Kep. Bangka Belitung,203,5,69,129,21642,20027,335,1280
2021-07-03,Kep. Bangka Belitung,163,1,93,69,21805,20120,336,1349
2021-07-04,Kep. Bangka Belitung,170,1,103,66,21975,20223,337,1415
2021-07-05,Kep. Bangka Belitung,173,4,105,64,22148,20328,341,1479
2021-07-06,Kep. Bangka Belitung,241,4,89,148,22389,20417,345,1627
2021-07-07,Kep. Bangka Belitung,223,9,93,121,22612,20510,354,1748
2021-07-08,Kep. Bangka Belitung,288,5,99,184,22900,20609,359,1932
2021-07-09,Kep. Bangka Belitung,287,7,122,158,23187,20731,366,2090
2021-07-10,Kep. Bangka Belitung,322,6,170,146,23509,20901,372,2236
2021-07-11,Kep. Bangka Belitung,263,8,155,100,23772,21056,380,2336
2021-07-12,Kep. Bangka Belitung,217,5,169,43,23989,21225,385,2379
2021-07-13,Kep. Bangka Belitung,516,12,125,379,24505,21350,397,2758
2021-07-14,Kep. Bangka Belitung,509,13,206,290,25014,21556,410,3048
2021-07-15,Kep. Bangka Belitung,512,9,152,351,25526,21708,419,3399
2021-07-16,Kep. Bangka Belitung,457,11,234,212,25983,21942,430,3611
2021-07-17,Kep. Bangka Belitung,486,15,157,314,26469,22099,445,3925
2021-07-18,Kep. Bangka Belitung,309,10,271,28,26778,22370,455,3953
2021-07-19,Kep. Bangka Belitung,275,12,263,0,27053,22633,467,3953
2021-07-20,Kep. Bangka Belitung,283,17,307,-41,27336,22940,484,3912
2021-07-21,Kep. Bangka Belitung,286,18,217,51,27622,23157,502,3963
2021-07-22,Kep. Bangka Belitung,528,9,294,225,28150,23451,511,4188
2021-07-23,Kep. Bangka Belitung,639,18,411,210,28789,23862,529,4398
2021-07-24,Kep. Bangka Belitung,594,20,323,251,29383,24185,549,4649
2021-07-25,Kep. Bangka Belitung,626,11,358,257,30009,24543,560,4906
2021-07-26,Kep. Bangka Belitung,252,15,397,-160,30261,24940,575,4746
2021-07-27,Kep. Bangka Belitung,709,16,332,361,30970,25272,591,5107
2021-07-28,Kep. Bangka Belitung,632,18,449,165,31602,25721,609,5272
2021-07-29,Kep. Bangka Belitung,595,19,303,273,32197,26024,628,5545
2021-07-30,Kep. Bangka Belitung,598,17,458,123,32795,26482,645,5668
2021-07-31,Kep. Bangka Belitung,580,18,485,77,33375,26967,663,5745
2021-08-01,Kep. Bangka Belitung,449,25,418,6,33824,27385,688,5751
2020-03-26,Lampung,2,0,0,2,2,0,0,2
2020-03-27,Lampung,1,0,0,1,3,0,0,3
2020-03-28,Lampung,0,0,0,0,3,0,0,3
2020-03-29,Lampung,0,0,0,0,3,0,0,3
2020-03-30,Lampung,4,1,0,3,7,0,1,6
2020-03-31,Lampung,0,1,0,-1,7,0,2,5
2020-04-01,Lampung,0,0,0,0,7,0,2,5
2020-04-02,Lampung,0,0,0,0,7,0,2,5
2020-04-03,Lampung,3,1,0,2,10,0,3,7
2020-04-04,Lampung,0,0,0,0,10,0,3,7
2020-04-05,Lampung,0,0,0,0,10,0,3,7
2020-04-06,Lampung,1,0,0,1,11,0,3,8
2020-04-07,Lampung,0,0,0,0,11,0,3,8
2020-04-08,Lampung,3,2,0,1,14,0,5,9
2020-04-09,Lampung,1,0,2,-1,15,2,5,8
2020-04-10,Lampung,5,0,0,5,20,2,5,13
2020-04-11,Lampung,0,0,2,-2,20,4,5,11
2020-04-12,Lampung,0,0,0,0,20,4,5,11
2020-04-13,Lampung,1,0,0,1,21,4,5,12
2020-04-14,Lampung,0,0,0,0,21,4,5,12
2020-04-15,Lampung,0,0,0,0,21,4,5,12
2020-04-16,Lampung,5,0,0,5,26,4,5,17
2020-04-17,Lampung,0,0,0,0,26,4,5,17
2020-04-18,Lampung,0,0,0,0,26,4,5,17
2020-04-19,Lampung,0,0,0,0,26,4,5,17
2020-04-20,Lampung,0,0,0,0,26,4,5,17
2020-04-21,Lampung,1,0,1,0,27,5,5,17
2020-04-22,Lampung,0,0,1,-1,27,6,5,16
2020-04-23,Lampung,11,0,0,11,38,6,5,27
2020-04-24,Lampung,0,0,0,0,38,6,5,27
2020-04-25,Lampung,0,0,1,-1,38,7,5,26
2020-04-26,Lampung,4,0,0,4,42,7,5,30
2020-04-27,Lampung,0,0,1,-1,42,8,5,29
2020-04-28,Lampung,2,0,2,0,44,10,5,29
2020-04-29,Lampung,2,0,3,-1,46,13,5,28
2020-04-30,Lampung,0,0,7,-7,46,20,5,21
2020-05-01,Lampung,4,0,0,4,50,20,5,25
2020-05-02,Lampung,0,0,0,0,50,20,5,25
2020-05-03,Lampung,0,0,0,0,50,20,5,25
2020-05-04,Lampung,4,0,0,4,54,20,5,29
2020-05-05,Lampung,1,0,1,0,55,21,5,29
2020-05-06,Lampung,8,0,5,3,63,26,5,32
2020-05-07,Lampung,0,0,0,0,63,26,5,32
2020-05-08,Lampung,3,0,0,3,66,26,5,35
2020-05-09,Lampung,0,0,0,0,66,26,5,35
2020-05-10,Lampung,0,1,0,-1,66,26,6,34
2020-05-11,Lampung,0,1,0,-1,66,26,7,33
2020-05-12,Lampung,0,0,0,0,66,26,7,33
2020-05-13,Lampung,0,0,0,0,66,26,7,33
2020-05-14,Lampung,0,0,0,0,66,26,7,33
2020-05-15,Lampung,0,1,2,-3,66,28,8,30
2020-05-16,Lampung,0,0,2,-2,66,30,8,28
2020-05-17,Lampung,1,0,0,1,67,30,8,29
2020-05-18,Lampung,16,0,2,14,83,32,8,43
2020-05-19,Lampung,1,0,4,-3,84,36,8,40
2020-05-20,Lampung,2,0,0,2,86,36,8,42
2020-05-21,Lampung,16,0,2,14,102,38,8,56
2020-05-22,Lampung,4,0,5,-1,106,43,8,55
2020-05-23,Lampung,0,0,4,-4,106,47,8,51
2020-05-24,Lampung,4,2,5,-3,110,52,10,48
2020-05-25,Lampung,7,1,0,6,117,52,11,54
2020-05-26,Lampung,0,0,2,-2,117,54,11,52
2020-05-27,Lampung,2,0,0,2,119,54,11,54
2020-05-28,Lampung,0,0,0,0,119,54,11,54
2020-05-29,Lampung,13,0,0,13,132,54,11,67
2020-05-30,Lampung,1,0,11,-10,133,65,11,57
2020-05-31,Lampung,1,0,4,-3,134,69,11,54
2020-06-01,Lampung,2,0,5,-3,136,74,11,51
2020-06-02,Lampung,0,0,6,-6,136,80,11,45
2020-06-03,Lampung,0,0,4,-4,136,84,11,41
2020-06-04,Lampung,4,0,3,1,140,87,11,42
2020-06-05,Lampung,1,0,11,-10,141,98,11,32
2020-06-06,Lampung,2,0,3,-1,143,101,11,31
2020-06-07,Lampung,1,0,1,0,144,102,11,31
2020-06-08,Lampung,1,0,3,-2,145,105,11,29
2020-06-09,Lampung,3,0,3,0,148,108,11,29
2020-06-10,Lampung,2,0,1,1,150,109,11,30
2020-06-11,Lampung,2,0,0,2,152,109,11,32
2020-06-12,Lampung,1,0,2,-1,153,111,11,31
2020-06-13,Lampung,12,1,3,8,165,114,12,39
2020-06-14,Lampung,1,0,1,0,166,115,12,39
2020-06-15,Lampung,0,0,0,0,166,115,12,39
2020-06-16,Lampung,0,0,2,-2,166,117,12,37
2020-06-17,Lampung,3,0,1,2,169,118,12,39
2020-06-18,Lampung,2,0,3,-1,171,121,12,38
2020-06-19,Lampung,1,0,2,-1,172,123,12,37
2020-06-20,Lampung,8,0,5,3,180,128,12,40
2020-06-21,Lampung,1,0,0,1,181,128,12,41
2020-06-22,Lampung,0,0,0,0,181,128,12,41
2020-06-23,Lampung,0,0,0,0,181,128,12,41
2020-06-24,Lampung,2,0,7,-5,183,135,12,36
2020-06-25,Lampung,4,0,0,4,187,135,12,40
2020-06-26,Lampung,0,0,2,-2,187,137,12,38
2020-06-27,Lampung,1,0,4,-3,188,141,12,35
2020-06-28,Lampung,0,0,7,-7,188,148,12,28
2020-06-29,Lampung,0,0,1,-1,188,149,12,27
2020-06-30,Lampung,2,0,2,0,190,151,12,27
2020-07-01,Lampung,1,0,2,-1,191,153,12,26
2020-07-02,Lampung,2,0,0,2,193,153,12,28
2020-07-03,Lampung,0,0,0,0,193,153,12,28
2020-07-04,Lampung,0,0,1,-1,193,154,12,27
2020-07-05,Lampung,2,0,1,1,195,155,12,28
2020-07-06,Lampung,6,0,4,2,201,159,12,30
2020-07-07,Lampung,0,0,0,0,201,159,12,30
2020-07-08,Lampung,1,0,0,1,202,159,12,31
2020-07-09,Lampung,1,0,1,0,203,160,12,31
2020-07-10,Lampung,2,0,4,-2,205,164,12,29
2020-07-11,Lampung,0,0,0,0,205,164,12,29
2020-07-12,Lampung,3,0,3,0,208,167,12,29
2020-07-13,Lampung,1,0,1,0,209,168,12,29
2020-07-14,Lampung,0,0,0,0,209,168,12,29
2020-07-15,Lampung,6,0,1,5,215,169,12,34
2020-07-16,Lampung,4,0,0,4,219,169,12,38
2020-07-17,Lampung,1,0,1,0,220,170,12,38
2020-07-18,Lampung,9,0,0,9,229,170,12,47
2020-07-19,Lampung,2,0,4,-2,231,174,12,45
2020-07-20,Lampung,0,0,3,-3,231,177,12,42
2020-07-21,Lampung,1,0,1,0,232,178,12,42
2020-07-22,Lampung,5,0,1,4,237,179,12,46
2020-07-23,Lampung,9,0,3,6,246,182,12,52
2020-07-24,Lampung,0,0,3,-3,246,185,12,49
2020-07-25,Lampung,1,0,2,-1,247,187,12,48
2020-07-26,Lampung,3,0,3,0,250,190,12,48
2020-07-27,Lampung,2,0,2,0,252,192,12,48
2020-07-28,Lampung,0,0,3,-3,252,195,12,45
2020-07-29,Lampung,0,0,0,0,252,195,12,45
2020-07-30,Lampung,3,0,0,3,255,195,12,48
2020-07-31,Lampung,0,0,0,0,255,195,12,48
2020-08-01,Lampung,0,0,0,0,255,195,12,48
2020-08-02,Lampung,16,1,0,15,271,195,13,63
2020-08-03,Lampung,26,0,16,10,297,211,13,73
2020-08-04,Lampung,0,0,1,-1,297,212,13,72
2020-08-05,Lampung,1,0,3,-2,298,215,13,70
2020-08-06,Lampung,1,0,4,-3,299,219,13,67
2020-08-07,Lampung,4,0,2,2,303,221,13,69
2020-08-08,Lampung,4,0,5,-1,307,226,13,68
2020-08-09,Lampung,0,0,0,0,307,226,13,68
2020-08-10,Lampung,9,0,1,8,316,227,13,76
2020-08-11,Lampung,2,0,1,1,318,228,13,77
2020-08-12,Lampung,2,0,2,0,320,230,13,77
2020-08-13,Lampung,7,0,4,3,327,234,13,80
2020-08-14,Lampung,5,0,0,5,332,234,13,85
2020-08-15,Lampung,0,0,13,-13,332,247,13,72
2020-08-16,Lampung,9,1,0,8,341,247,14,80
2020-08-17,Lampung,2,0,31,-29,343,278,14,51
2020-08-18,Lampung,0,0,0,0,343,278,14,51
2020-08-19,Lampung,3,0,2,1,346,280,14,52
2020-08-20,Lampung,6,0,1,5,352,281,14,57
2020-08-21,Lampung,1,0,1,0,353,282,14,57
2020-08-22,Lampung,3,0,1,2,356,283,14,59
2020-08-23,Lampung,6,0,0,6,362,283,14,65
2020-08-24,Lampung,3,0,12,-9,365,295,14,56
2020-08-25,Lampung,4,0,0,4,369,295,14,60
2020-08-26,Lampung,2,0,15,-13,371,310,14,47
2020-08-27,Lampung,5,0,11,-6,376,321,14,41
2020-08-28,Lampung,2,0,0,2,378,321,14,43
2020-08-29,Lampung,4,0,0,4,382,321,14,47
2020-08-30,Lampung,7,0,3,4,389,324,14,51
2020-08-31,Lampung,6,0,5,1,395,329,14,52
2020-09-01,Lampung,4,2,0,2,399,329,16,54
2020-09-02,Lampung,11,0,5,6,410,334,16,60
2020-09-03,Lampung,14,1,2,11,424,336,17,71
2020-09-04,Lampung,4,0,2,2,428,338,17,73
2020-09-05,Lampung,12,1,1,10,440,339,18,83
2020-09-06,Lampung,12,1,6,5,452,345,19,88
2020-09-07,Lampung,3,2,0,1,455,345,21,89
2020-09-08,Lampung,11,0,6,5,466,351,21,94
2020-09-09,Lampung,22,1,10,11,488,361,22,105
2020-09-10,Lampung,21,0,2,19,509,363,22,124
2020-09-11,Lampung,2,0,3,-1,511,366,22,123
2020-09-12,Lampung,44,0,0,44,555,366,22,167
2020-09-13,Lampung,0,0,5,-5,555,371,22,162
2020-09-14,Lampung,60,1,8,51,615,379,23,213
2020-09-15,Lampung,29,0,6,23,644,385,23,236
2020-09-16,Lampung,22,2,22,-2,666,407,25,234
2020-09-17,Lampung,21,1,21,-1,687,428,26,233
2020-09-18,Lampung,7,1,2,4,694,430,27,237
2020-09-19,Lampung,21,1,6,14,715,436,28,251
2020-09-20,Lampung,13,1,0,12,728,436,29,263
2020-09-21,Lampung,10,0,0,10,738,436,29,273
2020-09-22,Lampung,24,1,24,-1,762,460,30,272
2020-09-23,Lampung,16,0,34,-18,778,494,30,254
2020-09-24,Lampung,21,0,0,21,799,494,30,275
2020-09-25,Lampung,15,0,25,-10,814,519,30,265
2020-09-26,Lampung,12,0,63,-51,826,582,30,214
2020-09-27,Lampung,15,0,14,1,841,596,30,215
2020-09-28,Lampung,10,0,19,-9,851,615,30,206
2020-09-29,Lampung,24,0,14,10,875,629,30,216
2020-09-30,Lampung,19,3,11,5,894,640,33,221
2020-10-01,Lampung,13,0,16,-3,907,656,33,218
2020-10-02,Lampung,25,3,17,5,932,673,36,223
2020-10-03,Lampung,10,0,9,1,942,682,36,224
2020-10-04,Lampung,9,0,13,-4,951,695,36,220
2020-10-05,Lampung,37,0,16,21,988,711,36,241
2020-10-06,Lampung,27,0,22,5,1015,733,36,246
2020-10-07,Lampung,16,2,0,14,1031,733,38,260
2020-10-08,Lampung,58,0,16,42,1089,749,38,302
2020-10-09,Lampung,0,1,17,-18,1089,766,39,284
2020-10-10,Lampung,31,2,3,26,1120,769,41,310
2020-10-11,Lampung,11,0,1,10,1131,770,41,320
2020-10-12,Lampung,16,0,0,16,1147,770,41,336
2020-10-13,Lampung,15,0,0,15,1162,770,41,351
2020-10-14,Lampung,42,5,17,20,1204,787,46,371
2020-10-15,Lampung,17,1,0,16,1221,787,47,387
2020-10-16,Lampung,29,0,63,-34,1250,850,47,353
2020-10-17,Lampung,35,1,20,14,1285,870,48,367
2020-10-18,Lampung,13,3,20,-10,1298,890,51,357
2020-10-19,Lampung,42,2,24,16,1340,914,53,373
2020-10-20,Lampung,36,1,0,35,1376,914,54,408
2020-10-21,Lampung,44,1,0,43,1420,914,55,451
2020-10-22,Lampung,40,2,23,15,1460,937,57,466
2020-10-23,Lampung,62,2,4,56,1522,941,59,522
2020-10-24,Lampung,29,3,0,26,1551,941,62,548
2020-10-25,Lampung,50,0,2,48,1601,943,62,596
2020-10-26,Lampung,45,3,6,36,1646,949,65,632
2020-10-27,Lampung,40,4,0,36,1686,949,69,668
2020-10-28,Lampung,43,2,39,2,1729,988,71,670
2020-10-29,Lampung,28,3,46,-21,1757,1034,74,649
2020-10-30,Lampung,37,1,25,11,1794,1059,75,660
2020-10-31,Lampung,31,2,0,29,1825,1059,77,689
2020-11-01,Lampung,26,2,74,-50,1851,1133,79,639
2020-11-02,Lampung,33,0,1,32,1884,1134,79,671
2020-11-03,Lampung,52,3,2,47,1936,1136,82,718
2020-11-04,Lampung,48,4,43,1,1984,1179,86,719
2020-11-05,Lampung,38,2,2,34,2022,1181,88,753
2020-11-06,Lampung,44,3,0,41,2066,1181,91,794
2020-11-07,Lampung,39,1,81,-43,2105,1262,92,751
2020-11-08,Lampung,60,6,6,48,2165,1268,98,799
2020-11-09,Lampung,86,6,19,61,2251,1287,104,860
2020-11-10,Lampung,0,0,4,-4,2251,1291,104,856
2020-11-11,Lampung,99,0,22,77,2350,1313,104,933
2020-11-12,Lampung,95,1,30,64,2445,1343,105,997
2020-11-13,Lampung,137,3,11,123,2582,1354,108,1120
2020-11-14,Lampung,87,0,26,61,2669,1380,108,1181
2020-11-15,Lampung,14,3,58,-47,2683,1438,111,1134
2020-11-16,Lampung,61,2,12,47,2744,1450,113,1181
2020-11-17,Lampung,22,3,117,-98,2766,1567,116,1083
2020-11-18,Lampung,0,0,3,-3,2766,1570,116,1080
2020-11-19,Lampung,125,4,49,72,2891,1619,120,1152
2020-11-20,Lampung,44,1,3,40,2935,1622,121,1192
2020-11-21,Lampung,46,0,50,-4,2981,1672,121,1188
2020-11-22,Lampung,46,3,9,34,3027,1681,124,1222
2020-11-23,Lampung,60,11,50,-1,3087,1731,135,1221
2020-11-24,Lampung,67,0,9,58,3154,1740,135,1279
2020-11-25,Lampung,84,9,50,25,3238,1790,144,1304
2020-11-26,Lampung,102,9,30,63,3340,1820,153,1367
2020-11-27,Lampung,157,10,84,63,3497,1904,163,1430
2020-11-28,Lampung,125,6,71,48,3622,1975,169,1478
2020-11-29,Lampung,56,3,29,24,3678,2004,172,1502
2020-11-30,Lampung,145,1,37,107,3823,2041,173,1609
2020-12-01,Lampung,116,0,50,66,3939,2091,173,1675
2020-12-02,Lampung,54,0,58,-4,3993,2149,173,1671
2020-12-03,Lampung,54,2,50,2,4047,2199,175,1673
2020-12-04,Lampung,81,2,56,23,4128,2255,177,1696
2020-12-05,Lampung,65,2,39,24,4193,2294,179,1720
2020-12-06,Lampung,55,1,92,-38,4248,2386,180,1682
2020-12-07,Lampung,34,1,176,-143,4282,2562,181,1539
2020-12-08,Lampung,64,5,42,17,4346,2604,186,1556
2020-12-09,Lampung,80,3,54,23,4426,2658,189,1579
2020-12-10,Lampung,65,5,61,-1,4491,2719,194,1578
2020-12-11,Lampung,62,4,72,-14,4553,2791,198,1564
2020-12-12,Lampung,66,4,3,59,4619,2794,202,1623
2020-12-13,Lampung,79,3,87,-11,4698,2881,205,1612
2020-12-14,Lampung,78,12,13,53,4776,2894,217,1665
2020-12-15,Lampung,73,4,158,-89,4849,3052,221,1576
2020-12-16,Lampung,78,8,117,-47,4927,3169,229,1529
2020-12-17,Lampung,103,3,147,-47,5030,3316,232,1482
2020-12-18,Lampung,95,1,77,17,5125,3393,233,1499
2020-12-19,Lampung,95,5,51,39,5220,3444,238,1538
2020-12-20,Lampung,112,2,46,64,5332,3490,240,1602
2020-12-21,Lampung,132,0,12,120,5464,3502,240,1722
2020-12-22,Lampung,73,1,48,24,5537,3550,241,1746
2020-12-23,Lampung,111,1,24,86,5648,3574,242,1832
2020-12-24,Lampung,78,1,95,-18,5726,3669,243,1814
2020-12-25,Lampung,65,4,51,10,5791,3720,247,1824
2020-12-26,Lampung,65,3,108,-46,5856,3828,250,1778
2020-12-27,Lampung,91,4,98,-11,5947,3926,254,1767
2020-12-28,Lampung,78,5,73,0,6025,3999,259,1767
2020-12-29,Lampung,102,3,92,7,6127,4091,262,1774
2020-12-30,Lampung,64,7,87,-30,6191,4178,269,1744
2020-12-31,Lampung,85,5,140,-60,6276,4318,274,1684
2021-01-01,Lampung,80,3,197,-120,6356,4515,277,1564
2021-01-02,Lampung,115,0,6,109,6471,4521,277,1673
2021-01-03,Lampung,81,3,42,36,6552,4563,280,1709
2021-01-04,Lampung,62,7,96,-41,6614,4659,287,1668
2021-01-05,Lampung,82,5,66,11,6696,4725,292,1679
2021-01-06,Lampung,87,34,95,-42,6783,4820,326,1637
2021-01-07,Lampung,92,13,53,26,6875,4873,339,1663
2021-01-08,Lampung,122,2,47,73,6997,4920,341,1736
2021-01-09,Lampung,119,6,22,91,7116,4942,347,1827
2021-01-10,Lampung,97,3,46,48,7213,4988,350,1875
2021-01-11,Lampung,135,5,99,31,7348,5087,355,1906
2021-01-12,Lampung,193,13,53,127,7541,5140,368,2033
2021-01-13,Lampung,108,17,102,-11,7649,5242,385,2022
2021-01-14,Lampung,96,13,99,-16,7745,5341,398,2006
2021-01-15,Lampung,166,5,81,80,7911,5422,403,2086
2021-01-16,Lampung,114,8,54,52,8025,5476,411,2138
2021-01-17,Lampung,118,9,52,57,8143,5528,420,2195
2021-01-18,Lampung,85,6,37,42,8228,5565,426,2237
2021-01-19,Lampung,124,7,144,-27,8352,5709,433,2210
2021-01-20,Lampung,174,2,87,85,8526,5796,435,2295
2021-01-21,Lampung,128,5,217,-94,8654,6013,440,2201
2021-01-22,Lampung,120,4,88,28,8774,6101,444,2229
2021-01-23,Lampung,145,27,161,-43,8919,6262,471,2186
2021-01-24,Lampung,165,6,46,113,9084,6308,477,2299
2021-01-25,Lampung,108,3,170,-65,9192,6478,480,2234
2021-01-26,Lampung,126,9,38,79,9318,6516,489,2313
2021-01-27,Lampung,148,3,111,34,9466,6627,492,2347
2021-01-28,Lampung,118,3,116,-1,9584,6743,495,2346
2021-01-29,Lampung,146,4,78,64,9730,6821,499,2410
2021-01-30,Lampung,145,7,77,61,9875,6898,506,2471
2021-01-31,Lampung,134,5,131,-2,10009,7029,511,2469
2021-02-01,Lampung,147,10,206,-69,10156,7235,521,2400
2021-02-02,Lampung,165,8,130,27,10321,7365,529,2427
2021-02-03,Lampung,124,7,167,-50,10445,7532,536,2377
2021-02-04,Lampung,98,6,162,-70,10543,7694,542,2307
2021-02-05,Lampung,114,11,123,-20,10657,7817,553,2287
2021-02-06,Lampung,115,3,165,-53,10772,7982,556,2234
2021-02-07,Lampung,114,2,134,-22,10886,8116,558,2212
2021-02-08,Lampung,61,9,97,-45,10947,8213,567,2167
2021-02-09,Lampung,98,4,174,-80,11045,8387,571,2087
2021-02-10,Lampung,106,8,179,-81,11151,8566,579,2006
2021-02-11,Lampung,66,6,130,-70,11217,8696,585,1936
2021-02-12,Lampung,76,8,144,-76,11293,8840,593,1860
2021-02-13,Lampung,75,6,215,-146,11368,9055,599,1714
2021-02-14,Lampung,89,1,97,-9,11457,9152,600,1705
2021-02-15,Lampung,68,1,94,-27,11525,9246,601,1678
2021-02-16,Lampung,78,1,35,42,11603,9281,602,1720
2021-02-17,Lampung,75,0,44,31,11678,9325,602,1751
2021-02-18,Lampung,67,1,352,-286,11745,9677,603,1465
2021-02-19,Lampung,79,9,267,-197,11824,9944,612,1268
2021-02-20,Lampung,98,1,62,35,11922,10006,613,1303
2021-02-21,Lampung,73,5,132,-64,11995,10138,618,1239
2021-02-22,Lampung,92,7,179,-94,12087,10317,625,1145
2021-02-23,Lampung,94,2,126,-34,12181,10443,627,1111
2021-02-24,Lampung,68,3,93,-28,12249,10536,630,1083
2021-02-25,Lampung,68,2,130,-64,12317,10666,632,1019
2021-02-26,Lampung,68,4,115,-51,12385,10781,636,968
2021-02-27,Lampung,82,1,35,46,12467,10816,637,1014
2021-02-28,Lampung,68,7,95,-34,12535,10911,644,980
2021-03-01,Lampung,73,6,70,-3,12608,10981,650,977
2021-03-02,Lampung,50,8,74,-32,12658,11055,658,945
2021-03-03,Lampung,59,6,69,-16,12717,11124,664,929
2021-03-04,Lampung,56,2,59,-5,12773,11183,666,924
2021-03-05,Lampung,45,4,79,-38,12818,11262,670,886
2021-03-06,Lampung,41,0,69,-28,12859,11331,670,858
2021-03-07,Lampung,48,0,51,-3,12907,11382,670,855
2021-03-08,Lampung,53,2,79,-28,12960,11461,672,827
2021-03-09,Lampung,60,0,65,-5,13020,11526,672,822
2021-03-10,Lampung,58,3,160,-105,13078,11686,675,717
2021-03-11,Lampung,46,5,22,19,13124,11708,680,736
2021-03-12,Lampung,42,8,99,-65,13166,11807,688,671
2021-03-13,Lampung,43,2,41,0,13209,11848,690,671
2021-03-14,Lampung,48,2,30,16,13257,11878,692,687
2021-03-15,Lampung,47,6,37,4,13304,11915,698,691
2021-03-16,Lampung,43,4,47,-8,13347,11962,702,683
2021-03-17,Lampung,41,2,65,-26,13388,12027,704,657
2021-03-18,Lampung,37,8,61,-32,13425,12088,712,625
2021-03-19,Lampung,40,2,59,-21,13465,12147,714,604
2021-03-20,Lampung,54,6,30,18,13519,12177,720,622
2021-03-21,Lampung,58,7,30,21,13577,12207,727,643
2021-03-22,Lampung,36,6,41,-11,13613,12248,733,632
2021-03-23,Lampung,37,2,61,-26,13650,12309,735,606
2021-03-24,Lampung,51,3,34,14,13701,12343,738,620
2021-03-25,Lampung,51,1,63,-13,13752,12406,739,607
2021-03-26,Lampung,43,1,53,-11,13795,12459,740,596
2021-03-27,Lampung,48,4,51,-7,13843,12510,744,589
2021-03-28,Lampung,35,5,47,-17,13878,12557,749,572
2021-03-29,Lampung,61,1,54,6,13939,12611,750,578
2021-03-30,Lampung,51,5,71,-25,13990,12682,755,553
2021-03-31,Lampung,29,2,49,-22,14019,12731,757,531
2021-04-01,Lampung,43,2,38,3,14062,12769,759,534
2021-04-02,Lampung,72,4,33,35,14134,12802,763,569
2021-04-03,Lampung,44,5,70,-31,14178,12872,768,538
2021-04-04,Lampung,28,2,27,-1,14206,12899,770,537
2021-04-05,Lampung,28,2,41,-15,14234,12940,772,522
2021-04-06,Lampung,38,0,25,13,14272,12965,772,535
2021-04-07,Lampung,44,1,29,14,14316,12994,773,549
2021-04-08,Lampung,39,2,32,5,14355,13026,775,554
2021-04-09,Lampung,49,0,16,33,14404,13042,775,587
2021-04-10,Lampung,54,2,22,30,14458,13064,777,617
2021-04-11,Lampung,52,0,42,10,14510,13106,777,627
2021-04-12,Lampung,68,0,16,52,14578,13122,777,679
2021-04-13,Lampung,79,0,4,75,14657,13126,777,754
2021-04-14,Lampung,58,3,57,-2,14715,13183,780,752
2021-04-15,Lampung,48,2,21,25,14763,13204,782,777
2021-04-16,Lampung,67,0,7,60,14830,13211,782,837
2021-04-17,Lampung,70,0,4,66,14900,13215,782,903
2021-04-18,Lampung,88,4,5,79,14988,13220,786,982
2021-04-19,Lampung,91,6,35,50,15079,13255,792,1032
2021-04-20,Lampung,107,3,33,71,15186,13288,795,1103
2021-04-21,Lampung,88,2,40,46,15274,13328,797,1149
2021-04-22,Lampung,63,1,30,32,15337,13358,798,1181
2021-04-23,Lampung,80,2,61,17,15417,13419,800,1198
2021-04-24,Lampung,68,1,26,41,15485,13445,801,1239
2021-04-25,Lampung,81,0,25,56,15566,13470,801,1295
2021-04-26,Lampung,67,7,74,-14,15633,13544,808,1281
2021-04-27,Lampung,69,3,90,-24,15702,13634,811,1257
2021-04-28,Lampung,115,2,156,-43,15817,13790,813,1214
2021-04-29,Lampung,97,2,52,43,15914,13842,815,1257
2021-04-30,Lampung,61,1,49,11,15975,13891,816,1268
2021-05-01,Lampung,66,0,35,31,16041,13926,816,1299
2021-05-02,Lampung,75,0,26,49,16116,13952,816,1348
2021-05-03,Lampung,95,1,60,34,16211,14012,817,1382
2021-05-04,Lampung,52,3,39,10,16263,14051,820,1392
2021-05-05,Lampung,77,1,76,0,16340,14127,821,1392
2021-05-06,Lampung,67,3,36,28,16407,14163,824,1420
2021-05-07,Lampung,53,4,27,22,16460,14190,828,1442
2021-05-08,Lampung,77,2,67,8,16537,14257,830,1450
2021-05-09,Lampung,54,6,46,2,16591,14303,836,1452
2021-05-10,Lampung,44,1,48,-5,16635,14351,837,1447
2021-05-11,Lampung,85,18,217,-150,16720,14568,855,1297
2021-05-12,Lampung,88,5,72,11,16808,14640,860,1308
2021-05-13,Lampung,49,4,25,20,16857,14665,864,1328
2021-05-14,Lampung,29,2,34,-7,16886,14699,866,1321
2021-05-15,Lampung,65,0,15,50,16951,14714,866,1371
2021-05-16,Lampung,58,2,24,32,17009,14738,868,1403
2021-05-17,Lampung,60,5,92,-37,17069,14830,873,1366
2021-05-18,Lampung,55,6,154,-105,17124,14984,879,1261
2021-05-19,Lampung,64,2,18,44,17188,15002,881,1305
2021-05-20,Lampung,69,23,143,-97,17257,15145,904,1208
2021-05-21,Lampung,86,0,101,-15,17343,15246,904,1193
2021-05-22,Lampung,70,6,56,8,17413,15302,910,1201
2021-05-23,Lampung,104,0,29,75,17517,15331,910,1276
2021-05-24,Lampung,94,1,41,52,17611,15372,911,1328
2021-05-25,Lampung,84,3,41,40,17695,15413,914,1368
2021-05-26,Lampung,75,2,57,16,17770,15470,916,1384
2021-05-27,Lampung,56,5,95,-44,17826,15565,921,1340
2021-05-28,Lampung,85,4,61,20,17911,15626,925,1360
2021-05-29,Lampung,98,1,79,18,18009,15705,926,1378
2021-05-30,Lampung,89,1,37,51,18098,15742,927,1429
2021-05-31,Lampung,99,1,76,22,18197,15818,928,1451
2021-06-01,Lampung,97,4,30,63,18294,15848,932,1514
2021-06-02,Lampung,90,3,40,47,18384,15888,935,1561
2021-06-03,Lampung,100,9,33,58,18484,15921,944,1619
2021-06-04,Lampung,74,2,32,40,18558,15953,946,1659
2021-06-05,Lampung,83,2,31,50,18641,15984,948,1709
2021-06-06,Lampung,94,1,28,65,18735,16012,949,1774
2021-06-07,Lampung,119,7,78,34,18854,16090,956,1808
2021-06-08,Lampung,103,7,90,6,18957,16180,963,1814
2021-06-09,Lampung,112,1,24,87,19069,16204,964,1901
2021-06-10,Lampung,97,6,81,10,19166,16285,970,1911
2021-06-11,Lampung,89,4,28,57,19255,16313,974,1968
2021-06-12,Lampung,96,1,60,35,19351,16373,975,2003
2021-06-13,Lampung,113,4,53,56,19464,16426,979,2059
2021-06-14,Lampung,128,4,97,27,19592,16523,983,2086
2021-06-15,Lampung,109,3,62,44,19701,16585,986,2130
2021-06-16,Lampung,62,12,89,-39,19763,16674,998,2091
2021-06-17,Lampung,92,57,720,-685,19855,17394,1055,1406
2021-06-18,Lampung,88,10,215,-137,19943,17609,1065,1269
2021-06-19,Lampung,117,10,204,-97,20060,17813,1075,1172
2021-06-20,Lampung,141,5,107,29,20201,17920,1080,1201
2021-06-21,Lampung,119,2,26,91,20320,17946,1082,1292
2021-06-22,Lampung,72,4,121,-53,20392,18067,1086,1239
2021-06-23,Lampung,142,3,36,103,20534,18103,1089,1342
2021-06-24,Lampung,121,4,37,80,20655,18140,1093,1422
2021-06-25,Lampung,153,1,53,99,20808,18193,1094,1521
2021-06-26,Lampung,148,1,56,91,20956,18249,1095,1612
2021-06-27,Lampung,235,2,120,113,21191,18369,1097,1725
2021-06-28,Lampung,159,11,50,98,21350,18419,1108,1823
2021-06-29,Lampung,125,1,39,85,21475,18458,1109,1908
2021-06-30,Lampung,197,10,96,91,21672,18554,1119,1999
2021-07-01,Lampung,206,2,88,116,21878,18642,1121,2115
2021-07-02,Lampung,285,4,112,169,22163,18754,1125,2284
2021-07-03,Lampung,286,0,70,216,22449,18824,1125,2500
2021-07-04,Lampung,281,4,129,148,22730,18953,1129,2648
2021-07-05,Lampung,306,4,52,250,23036,19005,1133,2898
2021-07-06,Lampung,266,6,41,219,23302,19046,1139,3117
2021-07-07,Lampung,320,1,16,303,23622,19062,1140,3420
2021-07-08,Lampung,373,2,50,321,23995,19112,1142,3741
2021-07-09,Lampung,383,7,76,300,24378,19188,1149,4041
2021-07-10,Lampung,336,19,116,201,24714,19304,1168,4242
2021-07-11,Lampung,326,4,44,278,25040,19348,1172,4520
2021-07-12,Lampung,430,7,198,225,25470,19546,1179,4745
2021-07-13,Lampung,325,40,520,-235,25795,20066,1219,4510
2021-07-14,Lampung,320,0,20,300,26115,20086,1219,4810
2021-07-15,Lampung,349,1,47,301,26464,20133,1220,5111
2021-07-16,Lampung,420,19,404,-3,26884,20537,1239,5108
2021-07-17,Lampung,448,2,77,369,27332,20614,1241,5477
2021-07-18,Lampung,677,12,176,489,28009,20790,1253,5966
2021-07-19,Lampung,650,11,128,511,28659,20918,1264,6477
2021-07-20,Lampung,419,2,106,311,29078,21024,1266,6788
2021-07-21,Lampung,441,15,148,278,29519,21172,1281,7066
2021-07-22,Lampung,424,28,203,193,29943,21375,1309,7259
2021-07-23,Lampung,445,11,105,329,30388,21480,1320,7588
2021-07-24,Lampung,499,5,100,394,30887,21580,1325,7982
2021-07-25,Lampung,399,6,74,319,31286,21654,1331,8301
2021-07-26,Lampung,449,16,139,294,31735,21793,1347,8595
2021-07-27,Lampung,581,255,491,-165,32316,22284,1602,8430
2021-07-28,Lampung,517,180,1447,-1110,32833,23731,1782,7320
2021-07-29,Lampung,687,94,632,-39,33520,24363,1876,7281
2021-07-30,Lampung,569,89,300,180,34089,24663,1965,7461
2021-07-31,Lampung,678,41,275,362,34767,24938,2006,7823
2021-08-01,Lampung,581,75,632,-126,35348,25570,2081,7697
2020-03-29,Kalimantan Barat,7,0,2,5,7,2,0,5
2020-03-30,Kalimantan Barat,1,0,0,1,8,2,0,6
2020-03-31,Kalimantan Barat,0,0,0,0,8,2,0,6
2020-04-01,Kalimantan Barat,1,0,0,1,9,2,0,7
2020-04-02,Kalimantan Barat,0,1,0,-1,9,2,1,6
2020-04-03,Kalimantan Barat,0,0,0,0,9,2,1,6
2020-04-04,Kalimantan Barat,0,0,0,0,9,2,1,6
2020-04-05,Kalimantan Barat,0,0,0,0,9,2,1,6
2020-04-06,Kalimantan Barat,0,0,0,0,9,2,1,6
2020-04-07,Kalimantan Barat,1,0,1,0,10,3,1,6
2020-04-08,Kalimantan Barat,0,0,0,0,10,3,1,6
2020-04-09,Kalimantan Barat,0,0,0,0,10,3,1,6
2020-04-10,Kalimantan Barat,0,0,0,0,10,3,1,6
2020-04-11,Kalimantan Barat,0,0,0,0,10,3,1,6
2020-04-12,Kalimantan Barat,3,0,0,3,13,3,1,9
2020-04-13,Kalimantan Barat,0,0,0,0,13,3,1,9
2020-04-14,Kalimantan Barat,0,0,2,-2,13,5,1,7
2020-04-15,Kalimantan Barat,0,0,0,0,13,5,1,7
2020-04-16,Kalimantan Barat,8,0,0,8,21,5,1,15
2020-04-17,Kalimantan Barat,0,0,0,0,21,5,1,15
2020-04-18,Kalimantan Barat,0,0,0,0,21,5,1,15
2020-04-19,Kalimantan Barat,0,0,0,0,21,5,1,15
2020-04-20,Kalimantan Barat,0,0,0,0,21,5,1,15
2020-04-21,Kalimantan Barat,6,0,1,5,27,6,1,20
2020-04-22,Kalimantan Barat,4,0,1,3,31,7,1,23
2020-04-23,Kalimantan Barat,19,0,0,19,50,7,1,42
2020-04-24,Kalimantan Barat,0,0,0,0,50,7,1,42
2020-04-25,Kalimantan Barat,1,0,0,1,51,7,1,43
2020-04-26,Kalimantan Barat,0,0,0,0,51,7,1,43
2020-04-27,Kalimantan Barat,0,0,0,0,51,7,1,43
2020-04-28,Kalimantan Barat,0,0,0,0,51,7,1,43
2020-04-29,Kalimantan Barat,7,0,0,7,58,7,1,50
2020-04-30,Kalimantan Barat,0,0,0,0,58,7,1,50
2020-05-01,Kalimantan Barat,3,0,0,3,61,7,1,53
2020-05-02,Kalimantan Barat,7,0,0,7,68,7,1,60
2020-05-03,Kalimantan Barat,2,0,0,2,70,7,1,62
2020-05-04,Kalimantan Barat,3,0,0,3,73,7,1,65
2020-05-05,Kalimantan Barat,0,0,0,0,73,7,1,65
2020-05-06,Kalimantan Barat,17,0,3,14,90,10,1,79
2020-05-07,Kalimantan Barat,5,0,0,5,95,10,1,84
2020-05-08,Kalimantan Barat,0,0,0,0,95,10,1,84
2020-05-09,Kalimantan Barat,23,0,0,23,118,10,1,107
2020-05-10,Kalimantan Barat,2,0,0,2,120,10,1,109
2020-05-11,Kalimantan Barat,0,0,0,0,120,10,1,109
2020-05-12,Kalimantan Barat,3,0,9,-6,123,19,1,103
2020-05-13,Kalimantan Barat,6,1,2,3,129,21,2,106
2020-05-14,Kalimantan Barat,0,0,0,0,129,21,2,106
2020-05-15,Kalimantan Barat,0,0,0,0,129,21,2,106
2020-05-16,Kalimantan Barat,2,0,0,2,131,21,2,108
2020-05-17,Kalimantan Barat,1,0,2,-1,132,23,2,107
2020-05-18,Kalimantan Barat,0,0,8,-8,132,31,2,99
2020-05-19,Kalimantan Barat,0,0,0,0,132,31,2,99
2020-05-20,Kalimantan Barat,0,0,0,0,132,31,2,99
2020-05-21,Kalimantan Barat,1,0,5,-4,133,36,2,95
2020-05-22,Kalimantan Barat,7,0,1,6,140,37,2,101
2020-05-23,Kalimantan Barat,28,0,0,28,168,37,2,129
2020-05-24,Kalimantan Barat,0,0,0,0,168,37,2,129
2020-05-25,Kalimantan Barat,7,0,5,2,175,42,2,131
2020-05-26,Kalimantan Barat,1,0,1,0,176,43,2,131
2020-05-27,Kalimantan Barat,7,0,0,7,183,43,2,138
2020-05-28,Kalimantan Barat,1,0,0,1,184,43,2,139
2020-05-29,Kalimantan Barat,0,0,3,-3,184,46,2,136
2020-05-30,Kalimantan Barat,0,0,0,0,184,46,2,136
2020-05-31,Kalimantan Barat,5,0,5,0,189,51,2,136
2020-06-01,Kalimantan Barat,7,0,3,4,196,54,2,140
2020-06-02,Kalimantan Barat,0,0,0,0,196,54,2,140
2020-06-03,Kalimantan Barat,6,0,24,-18,202,78,2,122
2020-06-04,Kalimantan Barat,0,0,15,-15,202,93,2,107
2020-06-05,Kalimantan Barat,3,0,15,-12,205,108,2,95
2020-06-06,Kalimantan Barat,5,0,5,0,210,113,2,95
2020-06-07,Kalimantan Barat,0,0,0,0,210,113,2,95
2020-06-08,Kalimantan Barat,0,0,3,-3,210,116,2,92
2020-06-09,Kalimantan Barat,24,0,1,23,234,117,2,115
2020-06-10,Kalimantan Barat,11,0,20,-9,245,137,2,106
2020-06-11,Kalimantan Barat,0,0,7,-7,245,144,2,99
2020-06-12,Kalimantan Barat,22,0,1,21,267,145,2,120
2020-06-13,Kalimantan Barat,0,0,4,-4,267,149,2,116
2020-06-14,Kalimantan Barat,1,0,9,-8,268,158,2,108
2020-06-15,Kalimantan Barat,0,0,7,-7,268,165,2,101
2020-06-16,Kalimantan Barat,2,0,1,1,270,166,2,102
2020-06-17,Kalimantan Barat,12,0,0,12,282,166,2,114
2020-06-18,Kalimantan Barat,0,0,6,-6,282,172,2,108
2020-06-19,Kalimantan Barat,14,0,13,1,296,185,2,109
2020-06-20,Kalimantan Barat,2,0,9,-7,298,194,2,102
2020-06-21,Kalimantan Barat,0,0,21,-21,298,215,2,81
2020-06-22,Kalimantan Barat,0,0,3,-3,298,218,2,78
2020-06-23,Kalimantan Barat,15,0,4,11,313,222,2,89
2020-06-24,Kalimantan Barat,0,0,5,-5,313,227,2,84
2020-06-25,Kalimantan Barat,0,0,7,-7,313,234,2,77
2020-06-26,Kalimantan Barat,0,0,6,-6,313,240,2,71
2020-06-27,Kalimantan Barat,8,0,10,-2,321,250,2,69
2020-06-28,Kalimantan Barat,0,0,8,-8,321,258,2,61
2020-06-29,Kalimantan Barat,0,0,4,-4,321,262,2,57
2020-06-30,Kalimantan Barat,0,0,5,-5,321,267,2,52
2020-07-01,Kalimantan Barat,15,0,3,12,336,270,2,64
2020-07-02,Kalimantan Barat,0,0,0,0,336,270,2,64
2020-07-03,Kalimantan Barat,0,0,6,-6,336,276,2,58
2020-07-04,Kalimantan Barat,0,0,4,-4,336,280,2,54
2020-07-05,Kalimantan Barat,3,0,19,-16,339,299,2,38
2020-07-06,Kalimantan Barat,0,0,0,0,339,299,2,38
2020-07-07,Kalimantan Barat,5,0,5,0,344,304,2,38
2020-07-08,Kalimantan Barat,0,0,1,-1,344,305,2,37
2020-07-09,Kalimantan Barat,3,0,2,1,347,307,2,38
2020-07-10,Kalimantan Barat,0,0,0,0,347,307,2,38
2020-07-11,Kalimantan Barat,0,0,19,-19,347,326,2,19
2020-07-12,Kalimantan Barat,3,0,0,3,350,326,2,22
2020-07-13,Kalimantan Barat,5,0,1,4,355,327,2,26
2020-07-14,Kalimantan Barat,0,0,12,-12,355,339,2,14
2020-07-15,Kalimantan Barat,0,0,0,0,355,339,2,14
2020-07-16,Kalimantan Barat,4,0,1,3,359,340,2,17
2020-07-17,Kalimantan Barat,0,0,0,0,359,340,2,17
2020-07-18,Kalimantan Barat,0,0,6,-6,359,346,2,11
2020-07-19,Kalimantan Barat,0,0,4,-4,359,350,2,7
2020-07-20,Kalimantan Barat,0,0,0,0,359,350,2,7
2020-07-21,Kalimantan Barat,0,0,0,0,359,350,2,7
2020-07-22,Kalimantan Barat,0,0,4,-4,359,354,2,3
2020-07-23,Kalimantan Barat,0,0,0,0,359,354,2,3
2020-07-24,Kalimantan Barat,0,0,0,0,359,354,2,3
2020-07-25,Kalimantan Barat,6,0,0,6,365,354,2,9
2020-07-26,Kalimantan Barat,0,0,0,0,365,354,2,9
2020-07-27,Kalimantan Barat,0,0,0,0,365,354,2,9
2020-07-28,Kalimantan Barat,16,0,0,16,381,354,2,25
2020-07-29,Kalimantan Barat,0,0,0,0,381,354,2,25
2020-07-30,Kalimantan Barat,0,0,0,0,381,354,2,25
2020-07-31,Kalimantan Barat,6,0,0,6,387,354,2,31
2020-08-01,Kalimantan Barat,0,0,0,0,387,354,2,31
2020-08-02,Kalimantan Barat,0,0,0,0,387,354,2,31
2020-08-03,Kalimantan Barat,0,0,0,0,387,354,2,31
2020-08-04,Kalimantan Barat,0,0,16,-16,387,370,2,15
2020-08-05,Kalimantan Barat,0,0,0,0,387,370,2,15
2020-08-06,Kalimantan Barat,7,0,0,7,394,370,2,22
2020-08-07,Kalimantan Barat,3,0,3,0,397,373,2,22
2020-08-08,Kalimantan Barat,0,0,0,0,397,373,2,22
2020-08-09,Kalimantan Barat,13,0,6,7,410,379,2,29
2020-08-10,Kalimantan Barat,6,0,0,6,416,379,2,35
2020-08-11,Kalimantan Barat,4,0,0,4,420,379,2,39
2020-08-12,Kalimantan Barat,9,0,0,9,429,379,2,48
2020-08-13,Kalimantan Barat,10,0,18,-8,439,397,2,40
2020-08-14,Kalimantan Barat,5,0,1,4,444,398,2,44
2020-08-15,Kalimantan Barat,3,0,6,-3,447,404,2,41
2020-08-16,Kalimantan Barat,0,0,2,-2,447,406,2,39
2020-08-17,Kalimantan Barat,0,0,0,0,447,406,2,39
2020-08-18,Kalimantan Barat,5,0,2,3,452,408,2,42
2020-08-19,Kalimantan Barat,4,0,1,3,456,409,2,45
2020-08-20,Kalimantan Barat,15,0,14,1,471,423,2,46
2020-08-21,Kalimantan Barat,29,0,0,29,500,423,2,75
2020-08-22,Kalimantan Barat,33,0,5,28,533,428,2,103
2020-08-23,Kalimantan Barat,33,0,19,14,566,447,2,117
2020-08-24,Kalimantan Barat,12,0,0,12,578,447,2,129
2020-08-25,Kalimantan Barat,27,0,0,27,605,447,2,156
2020-08-26,Kalimantan Barat,0,0,20,-20,605,467,2,136
2020-08-27,Kalimantan Barat,6,0,41,-35,611,508,2,101
2020-08-28,Kalimantan Barat,0,0,0,0,611,508,2,101
2020-08-29,Kalimantan Barat,16,0,31,-15,627,539,2,86
2020-08-30,Kalimantan Barat,18,1,0,17,645,539,3,103
2020-08-31,Kalimantan Barat,0,0,17,-17,645,556,3,86
2020-09-01,Kalimantan Barat,8,0,0,8,653,556,3,94
2020-09-02,Kalimantan Barat,6,0,21,-15,659,577,3,79
2020-09-03,Kalimantan Barat,15,0,10,5,674,587,3,84
2020-09-04,Kalimantan Barat,11,0,12,-1,685,599,3,83
2020-09-05,Kalimantan Barat,6,1,14,-9,691,613,4,74
2020-09-06,Kalimantan Barat,13,0,0,13,704,613,4,87
2020-09-07,Kalimantan Barat,0,0,0,0,704,613,4,87
2020-09-08,Kalimantan Barat,7,0,5,2,711,618,4,89
2020-09-09,Kalimantan Barat,12,0,2,10,723,620,4,99
2020-09-10,Kalimantan Barat,5,0,0,5,728,620,4,104
2020-09-11,Kalimantan Barat,8,0,23,-15,736,643,4,89
2020-09-12,Kalimantan Barat,11,0,3,8,747,646,4,97
2020-09-13,Kalimantan Barat,7,0,2,5,754,648,4,102
2020-09-14,Kalimantan Barat,26,0,6,20,780,654,4,122
2020-09-15,Kalimantan Barat,4,1,0,3,784,654,5,125
2020-09-16,Kalimantan Barat,19,0,11,8,803,665,5,133
2020-09-17,Kalimantan Barat,22,0,4,18,825,669,5,151
2020-09-18,Kalimantan Barat,15,0,11,4,840,680,5,155
2020-09-19,Kalimantan Barat,21,0,9,12,861,689,5,167
2020-09-20,Kalimantan Barat,6,0,15,-9,867,704,5,158
2020-09-21,Kalimantan Barat,1,0,15,-14,868,719,5,144
2020-09-22,Kalimantan Barat,11,0,0,11,879,719,5,155
2020-09-23,Kalimantan Barat,6,1,2,3,885,721,6,158
2020-09-24,Kalimantan Barat,16,0,7,9,901,728,6,167
2020-09-25,Kalimantan Barat,34,0,40,-6,935,768,6,161
2020-09-26,Kalimantan Barat,11,0,11,0,946,779,6,161
2020-09-27,Kalimantan Barat,11,1,9,1,957,788,7,162
2020-09-28,Kalimantan Barat,0,0,0,0,957,788,7,162
2020-09-29,Kalimantan Barat,17,0,19,-2,974,807,7,160
2020-09-30,Kalimantan Barat,8,0,2,6,982,809,7,166
2020-10-01,Kalimantan Barat,29,0,14,15,1011,823,7,181
2020-10-02,Kalimantan Barat,6,0,18,-12,1017,841,7,169
2020-10-03,Kalimantan Barat,6,0,5,1,1023,846,7,170
2020-10-04,Kalimantan Barat,19,0,19,0,1042,865,7,170
2020-10-05,Kalimantan Barat,2,0,0,2,1044,865,7,172
2020-10-06,Kalimantan Barat,41,0,8,33,1085,873,7,205
2020-10-07,Kalimantan Barat,10,0,4,6,1095,877,7,211
2020-10-08,Kalimantan Barat,13,0,1,12,1108,878,7,223
2020-10-09,Kalimantan Barat,28,0,30,-2,1136,908,7,221
2020-10-10,Kalimantan Barat,80,0,7,73,1216,915,7,294
2020-10-11,Kalimantan Barat,81,0,43,38,1297,958,7,332
2020-10-12,Kalimantan Barat,0,0,0,0,1297,958,7,332
2020-10-13,Kalimantan Barat,14,0,66,-52,1311,1024,7,280
2020-10-14,Kalimantan Barat,17,0,55,-38,1328,1079,7,242
2020-10-15,Kalimantan Barat,29,0,57,-28,1357,1136,7,214
2020-10-16,Kalimantan Barat,25,0,52,-27,1382,1188,7,187
2020-10-17,Kalimantan Barat,31,0,35,-4,1413,1223,7,183
2020-10-18,Kalimantan Barat,15,1,3,11,1428,1226,8,194
2020-10-19,Kalimantan Barat,0,0,0,0,1428,1226,8,194
2020-10-20,Kalimantan Barat,23,0,28,-5,1451,1254,8,189
2020-10-21,Kalimantan Barat,0,0,0,0,1451,1254,8,189
2020-10-22,Kalimantan Barat,46,0,12,34,1497,1266,8,223
2020-10-23,Kalimantan Barat,31,0,15,16,1528,1281,8,239
2020-10-24,Kalimantan Barat,36,0,6,30,1564,1287,8,269
2020-10-25,Kalimantan Barat,0,0,0,0,1564,1287,8,269
2020-10-26,Kalimantan Barat,13,2,12,-1,1577,1299,10,268
2020-10-27,Kalimantan Barat,29,0,6,23,1606,1305,10,291
2020-10-28,Kalimantan Barat,14,4,22,-12,1620,1327,14,279
2020-10-29,Kalimantan Barat,13,1,0,12,1633,1327,15,291
2020-10-30,Kalimantan Barat,17,3,5,9,1650,1332,18,300
2020-10-31,Kalimantan Barat,5,0,5,0,1655,1337,18,300
2020-11-01,Kalimantan Barat,22,1,0,21,1677,1337,19,321
2020-11-02,Kalimantan Barat,0,0,0,0,1677,1337,19,321
2020-11-03,Kalimantan Barat,35,1,3,31,1712,1340,20,352
2020-11-04,Kalimantan Barat,19,0,7,12,1731,1347,20,364
2020-11-05,Kalimantan Barat,60,0,7,53,1791,1354,20,417
2020-11-06,Kalimantan Barat,79,0,49,30,1870,1403,20,447
2020-11-07,Kalimantan Barat,83,0,6,77,1953,1409,20,524
2020-11-08,Kalimantan Barat,36,0,25,11,1989,1434,20,535
2020-11-09,Kalimantan Barat,0,0,1,-1,1989,1435,20,534
2020-11-10,Kalimantan Barat,0,0,0,0,1989,1435,20,534
2020-11-11,Kalimantan Barat,33,0,22,11,2022,1457,20,545
2020-11-12,Kalimantan Barat,13,0,12,1,2035,1469,20,546
2020-11-13,Kalimantan Barat,13,0,15,-2,2048,1484,20,544
2020-11-14,Kalimantan Barat,12,0,15,-3,2060,1499,20,541
2020-11-15,Kalimantan Barat,13,0,13,0,2073,1512,20,541
2020-11-16,Kalimantan Barat,9,0,20,-11,2082,1532,20,530
2020-11-17,Kalimantan Barat,38,0,15,23,2120,1547,20,553
2020-11-18,Kalimantan Barat,39,0,11,28,2159,1558,20,581
2020-11-19,Kalimantan Barat,28,0,10,18,2187,1568,20,599
2020-11-20,Kalimantan Barat,34,0,26,8,2221,1594,20,607
2020-11-21,Kalimantan Barat,10,0,23,-13,2231,1617,20,594
2020-11-22,Kalimantan Barat,16,0,32,-16,2247,1649,20,578
2020-11-23,Kalimantan Barat,10,0,21,-11,2257,1670,20,567
2020-11-24,Kalimantan Barat,31,0,60,-29,2288,1730,20,538
2020-11-25,Kalimantan Barat,24,0,53,-29,2312,1783,20,509
2020-11-26,Kalimantan Barat,10,0,38,-28,2322,1821,20,481
2020-11-27,Kalimantan Barat,29,0,63,-34,2351,1884,20,447
2020-11-28,Kalimantan Barat,27,0,36,-9,2378,1920,20,438
2020-11-29,Kalimantan Barat,27,0,61,-34,2405,1981,20,404
2020-11-30,Kalimantan Barat,0,0,0,0,2405,1981,20,404
2020-12-01,Kalimantan Barat,33,0,55,-22,2438,2036,20,382
2020-12-02,Kalimantan Barat,23,0,56,-33,2461,2092,20,349
2020-12-03,Kalimantan Barat,24,0,59,-35,2485,2151,20,314
2020-12-04,Kalimantan Barat,34,0,57,-23,2519,2208,20,291
2020-12-05,Kalimantan Barat,32,1,24,7,2551,2232,21,298
2020-12-06,Kalimantan Barat,0,0,31,-31,2551,2263,21,267
2020-12-07,Kalimantan Barat,30,1,0,29,2581,2263,22,296
2020-12-08,Kalimantan Barat,25,0,16,9,2606,2279,22,305
2020-12-09,Kalimantan Barat,57,0,40,17,2663,2319,22,322
2020-12-10,Kalimantan Barat,25,0,27,-2,2688,2346,22,320
2020-12-11,Kalimantan Barat,28,0,30,-2,2716,2376,22,318
2020-12-12,Kalimantan Barat,28,0,23,5,2744,2399,22,323
2020-12-13,Kalimantan Barat,21,0,24,-3,2765,2423,22,320
2020-12-14,Kalimantan Barat,11,0,0,11,2776,2423,22,331
2020-12-15,Kalimantan Barat,13,1,29,-17,2789,2452,23,314
2020-12-16,Kalimantan Barat,34,0,24,10,2823,2476,23,324
2020-12-17,Kalimantan Barat,37,0,12,25,2860,2488,23,349
2020-12-18,Kalimantan Barat,31,0,13,18,2891,2501,23,367
2020-12-19,Kalimantan Barat,36,0,15,21,2927,2516,23,388
2020-12-20,Kalimantan Barat,23,0,16,7,2950,2532,23,395
2020-12-21,Kalimantan Barat,0,0,0,0,2950,2532,23,395
2020-12-22,Kalimantan Barat,19,1,23,-5,2969,2555,24,390
2020-12-23,Kalimantan Barat,22,0,24,-2,2991,2579,24,388
2020-12-24,Kalimantan Barat,26,0,24,2,3017,2603,24,390
2020-12-25,Kalimantan Barat,22,0,23,-1,3039,2626,24,389
2020-12-26,Kalimantan Barat,0,0,0,0,3039,2626,24,389
2020-12-27,Kalimantan Barat,17,0,21,-4,3056,2647,24,385
2020-12-28,Kalimantan Barat,0,0,0,0,3056,2647,24,385
2020-12-29,Kalimantan Barat,22,1,24,-3,3078,2671,25,382
2020-12-30,Kalimantan Barat,15,0,37,-22,3093,2708,25,360
2020-12-31,Kalimantan Barat,25,0,33,-8,3118,2741,25,352
2021-01-01,Kalimantan Barat,18,0,60,-42,3136,2801,25,310
2021-01-02,Kalimantan Barat,0,0,0,0,3136,2801,25,310
2021-01-03,Kalimantan Barat,24,0,52,-28,3160,2853,25,282
2021-01-04,Kalimantan Barat,0,0,0,0,3160,2853,25,282
2021-01-05,Kalimantan Barat,29,1,26,2,3189,2879,26,284
2021-01-06,Kalimantan Barat,24,0,38,-14,3213,2917,26,270
2021-01-07,Kalimantan Barat,26,0,35,-9,3239,2952,26,261
2021-01-08,Kalimantan Barat,33,0,28,5,3272,2980,26,266
2021-01-09,Kalimantan Barat,47,0,22,25,3319,3002,26,291
2021-01-10,Kalimantan Barat,29,0,31,-2,3348,3033,26,289
2021-01-11,Kalimantan Barat,0,0,0,0,3348,3033,26,289
2021-01-12,Kalimantan Barat,35,0,29,6,3383,3062,26,295
2021-01-13,Kalimantan Barat,33,0,30,3,3416,3092,26,298
2021-01-14,Kalimantan Barat,25,0,23,2,3441,3115,26,300
2021-01-15,Kalimantan Barat,34,0,25,9,3475,3140,26,309
2021-01-16,Kalimantan Barat,56,0,29,27,3531,3169,26,336
2021-01-17,Kalimantan Barat,26,0,35,-9,3557,3204,26,327
2021-01-18,Kalimantan Barat,0,0,0,0,3557,3204,26,327
2021-01-19,Kalimantan Barat,45,0,33,12,3602,3237,26,339
2021-01-20,Kalimantan Barat,32,0,28,4,3634,3265,26,343
2021-01-21,Kalimantan Barat,25,0,30,-5,3659,3295,26,338
2021-01-22,Kalimantan Barat,49,0,26,23,3708,3321,26,361
2021-01-23,Kalimantan Barat,37,0,20,17,3745,3341,26,378
2021-01-24,Kalimantan Barat,20,0,21,-1,3765,3362,26,377
2021-01-25,Kalimantan Barat,0,1,0,-1,3765,3362,27,376
2021-01-26,Kalimantan Barat,33,0,28,5,3798,3390,27,381
2021-01-27,Kalimantan Barat,31,0,29,2,3829,3419,27,383
2021-01-28,Kalimantan Barat,13,0,20,-7,3842,3439,27,376
2021-01-29,Kalimantan Barat,31,0,16,15,3873,3455,27,391
2021-01-30,Kalimantan Barat,41,1,31,9,3914,3486,28,400
2021-01-31,Kalimantan Barat,18,0,35,-17,3932,3521,28,383
2021-02-01,Kalimantan Barat,0,0,0,0,3932,3521,28,383
2021-02-02,Kalimantan Barat,37,0,34,3,3969,3555,28,386
2021-02-03,Kalimantan Barat,27,0,29,-2,3996,3584,28,384
2021-02-04,Kalimantan Barat,33,0,31,2,4029,3615,28,386
2021-02-05,Kalimantan Barat,25,0,40,-15,4054,3655,28,371
2021-02-06,Kalimantan Barat,42,0,31,11,4096,3686,28,382
2021-02-07,Kalimantan Barat,23,1,39,-17,4119,3725,29,365
2021-02-08,Kalimantan Barat,0,0,0,0,4119,3725,29,365
2021-02-09,Kalimantan Barat,35,1,28,6,4154,3753,30,371
2021-02-10,Kalimantan Barat,19,0,44,-25,4173,3797,30,346
2021-02-11,Kalimantan Barat,27,0,26,1,4200,3823,30,347
2021-02-12,Kalimantan Barat,33,0,27,6,4233,3850,30,353
2021-02-13,Kalimantan Barat,10,0,23,-13,4243,3873,30,340
2021-02-14,Kalimantan Barat,19,0,16,3,4262,3889,30,343
2021-02-15,Kalimantan Barat,0,0,0,0,4262,3889,30,343
2021-02-16,Kalimantan Barat,37,0,0,37,4299,3889,30,380
2021-02-17,Kalimantan Barat,26,0,0,26,4325,3889,30,406
2021-02-18,Kalimantan Barat,32,0,11,21,4357,3900,30,427
2021-02-19,Kalimantan Barat,26,0,99,-73,4383,3999,30,354
2021-02-20,Kalimantan Barat,35,1,16,18,4418,4015,31,372
2021-02-21,Kalimantan Barat,30,0,21,9,4448,4036,31,381
2021-02-22,Kalimantan Barat,0,0,0,0,4448,4036,31,381
2021-02-23,Kalimantan Barat,28,0,41,-13,4476,4077,31,368
2021-02-24,Kalimantan Barat,27,0,17,10,4503,4094,31,378
2021-02-25,Kalimantan Barat,32,0,27,5,4535,4121,31,383
2021-02-26,Kalimantan Barat,39,0,22,17,4574,4143,31,400
2021-02-27,Kalimantan Barat,27,0,25,2,4601,4168,31,402
2021-02-28,Kalimantan Barat,39,0,27,12,4640,4195,31,414
2021-03-01,Kalimantan Barat,0,0,0,0,4640,4195,31,414
2021-03-02,Kalimantan Barat,22,0,25,-3,4662,4220,31,411
2021-03-03,Kalimantan Barat,34,0,42,-8,4696,4262,31,403
2021-03-04,Kalimantan Barat,41,0,21,20,4737,4283,31,423
2021-03-05,Kalimantan Barat,29,0,30,-1,4766,4313,31,422
2021-03-06,Kalimantan Barat,73,0,26,47,4839,4339,31,469
2021-03-07,Kalimantan Barat,67,0,20,47,4906,4359,31,516
2021-03-08,Kalimantan Barat,0,0,0,0,4906,4359,31,516
2021-03-09,Kalimantan Barat,50,0,44,6,4956,4403,31,522
2021-03-10,Kalimantan Barat,43,0,24,19,4999,4427,31,541
2021-03-11,Kalimantan Barat,42,0,24,18,5041,4451,31,559
2021-03-12,Kalimantan Barat,23,0,32,-9,5064,4483,31,550
2021-03-13,Kalimantan Barat,84,0,27,57,5148,4510,31,607
2021-03-14,Kalimantan Barat,97,0,49,48,5245,4559,31,655
2021-03-15,Kalimantan Barat,0,0,0,0,5245,4559,31,655
2021-03-16,Kalimantan Barat,82,0,34,48,5327,4593,31,703
2021-03-17,Kalimantan Barat,79,0,31,48,5406,4624,31,751
2021-03-18,Kalimantan Barat,51,0,46,5,5457,4670,31,756
2021-03-19,Kalimantan Barat,30,0,58,-28,5487,4728,31,728
2021-03-20,Kalimantan Barat,40,1,64,-25,5527,4792,32,703
2021-03-21,Kalimantan Barat,39,0,53,-14,5566,4845,32,689
2021-03-22,Kalimantan Barat,0,0,0,0,5566,4845,32,689
2021-03-23,Kalimantan Barat,39,0,53,-14,5605,4898,32,675
2021-03-24,Kalimantan Barat,42,0,69,-27,5647,4967,32,648
2021-03-25,Kalimantan Barat,32,0,43,-11,5679,5010,32,637
2021-03-26,Kalimantan Barat,54,0,49,5,5733,5059,32,642
2021-03-27,Kalimantan Barat,66,0,51,15,5799,5110,32,657
2021-03-28,Kalimantan Barat,10,0,63,-53,5809,5173,32,604
2021-03-29,Kalimantan Barat,0,0,0,0,5809,5173,32,604
2021-03-30,Kalimantan Barat,40,0,57,-17,5849,5230,32,587
2021-03-31,Kalimantan Barat,53,0,62,-9,5902,5292,32,578
2021-04-01,Kalimantan Barat,39,0,46,-7,5941,5338,32,571
2021-04-02,Kalimantan Barat,53,0,55,-2,5994,5393,32,569
2021-04-03,Kalimantan Barat,49,0,67,-18,6043,5460,32,551
2021-04-04,Kalimantan Barat,48,0,50,-2,6091,5510,32,549
2021-04-05,Kalimantan Barat,0,0,0,0,6091,5510,32,549
2021-04-06,Kalimantan Barat,36,0,47,-11,6127,5557,32,538
2021-04-07,Kalimantan Barat,40,0,55,-15,6167,5612,32,523
2021-04-08,Kalimantan Barat,44,0,51,-7,6211,5663,32,516
2021-04-09,Kalimantan Barat,77,0,44,33,6288,5707,32,549
2021-04-10,Kalimantan Barat,73,0,45,28,6361,5752,32,577
2021-04-11,Kalimantan Barat,52,0,43,9,6413,5795,32,586
2021-04-12,Kalimantan Barat,0,0,0,0,6413,5795,32,586
2021-04-13,Kalimantan Barat,80,0,49,31,6493,5844,32,617
2021-04-14,Kalimantan Barat,92,1,56,35,6585,5900,33,652
2021-04-15,Kalimantan Barat,88,0,51,37,6673,5951,33,689
2021-04-16,Kalimantan Barat,98,0,45,53,6771,5996,33,742
2021-04-17,Kalimantan Barat,97,2,46,49,6868,6042,35,791
2021-04-18,Kalimantan Barat,78,0,42,36,6946,6084,35,827
2021-04-19,Kalimantan Barat,0,0,0,0,6946,6084,35,827
2021-04-20,Kalimantan Barat,77,0,59,18,7023,6143,35,845
2021-04-21,Kalimantan Barat,98,3,60,35,7121,6203,38,880
2021-04-22,Kalimantan Barat,99,2,50,47,7220,6253,40,927
2021-04-23,Kalimantan Barat,92,0,61,31,7312,6314,40,958
2021-04-24,Kalimantan Barat,96,0,76,20,7408,6390,40,978
2021-04-25,Kalimantan Barat,39,0,80,-41,7447,6470,40,937
2021-04-26,Kalimantan Barat,0,1,0,-1,7447,6470,41,936
2021-04-27,Kalimantan Barat,56,0,77,-21,7503,6547,41,915
2021-04-28,Kalimantan Barat,63,0,59,4,7566,6606,41,919
2021-04-29,Kalimantan Barat,99,1,83,15,7665,6689,42,934
2021-04-30,Kalimantan Barat,73,0,70,3,7738,6759,42,937
2021-05-01,Kalimantan Barat,98,0,68,30,7836,6827,42,967
2021-05-02,Kalimantan Barat,95,1,73,21,7931,6900,43,988
2021-05-03,Kalimantan Barat,0,1,0,-1,7931,6900,44,987
2021-05-04,Kalimantan Barat,117,0,99,18,8048,6999,44,1005
2021-05-05,Kalimantan Barat,116,4,100,12,8164,7099,48,1017
2021-05-06,Kalimantan Barat,120,5,89,26,8284,7188,53,1043
2021-05-07,Kalimantan Barat,133,0,95,38,8417,7283,53,1081
2021-05-08,Kalimantan Barat,74,0,49,25,8491,7332,53,1106
2021-05-09,Kalimantan Barat,124,2,121,1,8615,7453,55,1107
2021-05-10,Kalimantan Barat,65,2,87,-24,8680,7540,57,1083
2021-05-11,Kalimantan Barat,88,0,119,-31,8768,7659,57,1052
2021-05-12,Kalimantan Barat,138,3,62,73,8906,7721,60,1125
2021-05-13,Kalimantan Barat,103,3,245,-145,9009,7966,63,980
2021-05-14,Kalimantan Barat,107,1,157,-51,9116,8123,64,929
2021-05-15,Kalimantan Barat,67,0,174,-107,9183,8297,64,822
2021-05-16,Kalimantan Barat,97,1,17,79,9280,8314,65,901
2021-05-17,Kalimantan Barat,72,3,161,-92,9352,8475,68,809
2021-05-18,Kalimantan Barat,133,1,75,57,9485,8550,69,866
2021-05-19,Kalimantan Barat,117,0,214,-97,9602,8764,69,769
2021-05-20,Kalimantan Barat,128,0,42,86,9730,8806,69,855
2021-05-21,Kalimantan Barat,117,0,162,-45,9847,8968,69,810
2021-05-22,Kalimantan Barat,84,8,64,12,9931,9032,77,822
2021-05-23,Kalimantan Barat,118,2,109,7,10049,9141,79,829
2021-05-24,Kalimantan Barat,83,1,98,-16,10132,9239,80,813
2021-05-25,Kalimantan Barat,114,0,37,77,10246,9276,80,890
2021-05-26,Kalimantan Barat,121,3,100,18,10367,9376,83,908
2021-05-27,Kalimantan Barat,119,1,40,78,10486,9416,84,986
2021-05-28,Kalimantan Barat,98,2,192,-96,10584,9608,86,890
2021-05-29,Kalimantan Barat,99,1,111,-13,10683,9719,87,877
2021-05-30,Kalimantan Barat,133,2,62,69,10816,9781,89,946
2021-05-31,Kalimantan Barat,38,3,146,-111,10854,9927,92,835
2021-06-01,Kalimantan Barat,108,0,103,5,10962,10030,92,840
2021-06-02,Kalimantan Barat,105,2,164,-61,11067,10194,94,779
2021-06-03,Kalimantan Barat,86,5,93,-12,11153,10287,99,767
2021-06-04,Kalimantan Barat,123,2,7,114,11276,10294,101,881
2021-06-05,Kalimantan Barat,124,3,270,-149,11400,10564,104,732
2021-06-06,Kalimantan Barat,104,0,0,104,11504,10564,104,836
2021-06-07,Kalimantan Barat,0,0,0,0,11504,10564,104,836
2021-06-08,Kalimantan Barat,95,0,102,-7,11599,10666,104,829
2021-06-09,Kalimantan Barat,158,0,7,151,11757,10673,104,980
2021-06-10,Kalimantan Barat,149,8,124,17,11906,10797,112,997
2021-06-11,Kalimantan Barat,144,0,0,144,12050,10797,112,1141
2021-06-12,Kalimantan Barat,146,2,378,-234,12196,11175,114,907
2021-06-13,Kalimantan Barat,136,0,0,136,12332,11175,114,1043
2021-06-14,Kalimantan Barat,0,0,193,-193,12332,11368,114,850
2021-06-15,Kalimantan Barat,114,0,0,114,12446,11368,114,964
2021-06-16,Kalimantan Barat,121,0,238,-117,12567,11606,114,847
2021-06-17,Kalimantan Barat,144,0,0,144,12711,11606,114,991
2021-06-18,Kalimantan Barat,140,10,0,130,12851,11606,124,1121
2021-06-19,Kalimantan Barat,147,1,296,-150,12998,11902,125,971
2021-06-20,Kalimantan Barat,147,0,0,147,13145,11902,125,1118
2021-06-21,Kalimantan Barat,97,29,147,-79,13242,12049,154,1039
2021-06-22,Kalimantan Barat,125,14,117,-6,13367,12166,168,1033
2021-06-23,Kalimantan Barat,155,0,83,72,13522,12249,168,1105
2021-06-24,Kalimantan Barat,189,32,208,-51,13711,12457,200,1054
2021-06-25,Kalimantan Barat,147,14,153,-20,13858,12610,214,1034
2021-06-26,Kalimantan Barat,129,16,0,113,13987,12610,230,1147
2021-06-27,Kalimantan Barat,146,14,252,-120,14133,12862,244,1027
2021-06-28,Kalimantan Barat,125,15,0,110,14258,12862,259,1137
2021-06-29,Kalimantan Barat,219,5,239,-25,14477,13101,264,1112
2021-06-30,Kalimantan Barat,192,0,123,69,14669,13224,264,1181
2021-07-01,Kalimantan Barat,191,3,121,67,14860,13345,267,1248
2021-07-02,Kalimantan Barat,199,25,137,37,15059,13482,292,1285
2021-07-03,Kalimantan Barat,336,1,137,198,15395,13619,293,1483
2021-07-04,Kalimantan Barat,190,24,17,149,15585,13636,317,1632
2021-07-05,Kalimantan Barat,101,50,205,-154,15686,13841,367,1478
2021-07-06,Kalimantan Barat,259,26,122,111,15945,13963,393,1589
2021-07-07,Kalimantan Barat,282,11,108,163,16227,14071,404,1752
2021-07-08,Kalimantan Barat,288,7,156,125,16515,14227,411,1877
2021-07-09,Kalimantan Barat,296,0,143,153,16811,14370,411,2030
2021-07-10,Kalimantan Barat,298,1,0,297,17109,14370,412,2327
2021-07-11,Kalimantan Barat,241,6,269,-34,17350,14639,418,2293
2021-07-12,Kalimantan Barat,247,24,125,98,17597,14764,442,2391
2021-07-13,Kalimantan Barat,746,13,148,585,18343,14912,455,2976
2021-07-14,Kalimantan Barat,779,2,0,777,19122,14912,457,3753
2021-07-15,Kalimantan Barat,585,0,392,193,19707,15304,457,3946
2021-07-16,Kalimantan Barat,573,0,218,355,20280,15522,457,4301
2021-07-17,Kalimantan Barat,511,14,0,497,20791,15522,471,4798
2021-07-18,Kalimantan Barat,358,4,462,-108,21149,15984,475,4690
2021-07-19,Kalimantan Barat,130,1,0,129,21279,15984,476,4819
2021-07-20,Kalimantan Barat,403,13,430,-40,21682,16414,489,4779
2021-07-21,Kalimantan Barat,186,5,0,181,21868,16414,494,4960
2021-07-22,Kalimantan Barat,475,10,471,-6,22343,16885,504,4954
2021-07-23,Kalimantan Barat,422,14,0,408,22765,16885,518,5362
2021-07-24,Kalimantan Barat,287,9,606,-328,23052,17491,527,5034
2021-07-25,Kalimantan Barat,364,9,423,-68,23416,17914,536,4966
2021-07-26,Kalimantan Barat,132,11,342,-221,23548,18256,547,4745
2021-07-27,Kalimantan Barat,427,14,441,-28,23975,18697,561,4717
2021-07-28,Kalimantan Barat,487,4,418,65,24462,19115,565,4782
2021-07-29,Kalimantan Barat,397,1,367,29,24859,19482,566,4811
2021-07-30,Kalimantan Barat,431,12,360,59,25290,19842,578,4870
2021-07-31,Kalimantan Barat,456,20,315,121,25746,20157,598,4991
2021-08-01,Kalimantan Barat,569,9,511,49,26315,20668,607,5040
2020-03-30,Kalimantan Selatan,5,0,0,5,5,0,0,5
2020-03-31,Kalimantan Selatan,2,0,0,2,7,0,0,7
2020-04-01,Kalimantan Selatan,0,0,0,0,7,0,0,7
2020-04-02,Kalimantan Selatan,0,0,0,0,7,0,0,7
2020-04-03,Kalimantan Selatan,0,0,0,0,7,0,0,7
2020-04-04,Kalimantan Selatan,0,0,0,0,7,0,0,7
2020-04-05,Kalimantan Selatan,8,1,0,7,15,0,1,14
2020-04-06,Kalimantan Selatan,2,0,0,2,17,0,1,16
2020-04-07,Kalimantan Selatan,0,2,0,-2,17,0,3,14
2020-04-08,Kalimantan Selatan,4,0,1,3,21,1,3,17
2020-04-09,Kalimantan Selatan,0,1,2,-3,21,3,4,14
2020-04-10,Kalimantan Selatan,7,0,0,7,28,3,4,21
2020-04-11,Kalimantan Selatan,0,1,0,-1,28,3,5,20
2020-04-12,Kalimantan Selatan,5,0,0,5,33,3,5,25
2020-04-13,Kalimantan Selatan,1,0,1,0,34,4,5,25
2020-04-14,Kalimantan Selatan,3,2,0,1,37,4,7,26
2020-04-15,Kalimantan Selatan,12,0,1,11,49,5,7,37
2020-04-16,Kalimantan Selatan,9,0,4,5,58,9,7,42
2020-04-17,Kalimantan Selatan,15,0,0,15,73,9,7,57
2020-04-18,Kalimantan Selatan,18,0,1,17,91,10,7,74
2020-04-19,Kalimantan Selatan,4,0,0,4,95,10,7,78
2020-04-20,Kalimantan Selatan,0,0,0,0,95,10,7,78
2020-04-21,Kalimantan Selatan,2,0,1,1,97,11,7,79
2020-04-22,Kalimantan Selatan,10,0,0,10,107,11,7,89
2020-04-23,Kalimantan Selatan,7,1,0,6,114,11,8,95
2020-04-24,Kalimantan Selatan,18,0,0,18,132,11,8,113
2020-04-25,Kalimantan Selatan,14,0,4,10,146,15,8,123
2020-04-26,Kalimantan Selatan,0,0,1,-1,146,16,8,122
2020-04-27,Kalimantan Selatan,4,0,0,4,150,16,8,126
2020-04-28,Kalimantan Selatan,0,1,4,-5,150,20,9,121
2020-04-29,Kalimantan Selatan,7,0,0,7,157,20,9,128
2020-04-30,Kalimantan Selatan,13,0,0,13,170,20,9,141
2020-05-01,Kalimantan Selatan,9,0,4,5,179,24,9,146
2020-05-02,Kalimantan Selatan,0,0,0,0,179,24,9,146
2020-05-03,Kalimantan Selatan,16,0,0,16,195,24,9,162
2020-05-04,Kalimantan Selatan,3,0,0,3,198,24,9,165
2020-05-05,Kalimantan Selatan,14,0,0,14,212,24,9,179
2020-05-06,Kalimantan Selatan,13,0,0,13,225,24,9,192
2020-05-07,Kalimantan Selatan,13,0,0,13,238,24,9,205
2020-05-08,Kalimantan Selatan,8,0,0,8,246,24,9,213
2020-05-09,Kalimantan Selatan,7,0,0,7,253,24,9,220
2020-05-10,Kalimantan Selatan,7,0,0,7,260,24,9,227
2020-05-11,Kalimantan Selatan,0,0,0,0,260,24,9,227
2020-05-12,Kalimantan Selatan,14,0,0,14,274,24,9,241
2020-05-13,Kalimantan Selatan,13,0,0,13,287,24,9,254
2020-05-14,Kalimantan Selatan,2,0,0,2,289,24,9,256
2020-05-15,Kalimantan Selatan,67,27,0,40,356,24,36,296
2020-05-16,Kalimantan Selatan,7,0,50,-43,363,74,36,253
2020-05-17,Kalimantan Selatan,2,8,0,-6,365,74,44,247
2020-05-18,Kalimantan Selatan,71,2,0,69,436,74,46,316
2020-05-19,Kalimantan Selatan,46,5,3,38,482,77,51,354
2020-05-20,Kalimantan Selatan,59,4,0,55,541,77,55,409
2020-05-21,Kalimantan Selatan,8,4,1,3,549,78,59,412
2020-05-22,Kalimantan Selatan,21,0,0,21,570,78,59,433
2020-05-23,Kalimantan Selatan,18,2,0,16,588,78,61,449
2020-05-24,Kalimantan Selatan,9,2,3,4,597,81,63,453
2020-05-25,Kalimantan Selatan,3,2,0,1,600,81,65,454
2020-05-26,Kalimantan Selatan,28,8,0,20,628,81,73,474
2020-05-27,Kalimantan Selatan,73,0,0,73,701,81,73,547
2020-05-28,Kalimantan Selatan,114,1,2,111,815,83,74,658
2020-05-29,Kalimantan Selatan,73,5,15,53,888,98,79,711
2020-05-30,Kalimantan Selatan,3,0,2,1,891,100,79,712
2020-05-31,Kalimantan Selatan,26,6,0,20,917,100,85,732
2020-06-01,Kalimantan Selatan,29,1,0,28,946,100,86,760
2020-06-02,Kalimantan Selatan,21,3,2,16,967,102,89,776
2020-06-03,Kalimantan Selatan,64,3,0,61,1031,102,92,837
2020-06-04,Kalimantan Selatan,109,0,3,106,1140,105,92,943
2020-06-05,Kalimantan Selatan,71,2,0,69,1211,105,94,1012
2020-06-06,Kalimantan Selatan,33,2,4,27,1244,109,96,1039
2020-06-07,Kalimantan Selatan,38,3,0,35,1282,109,99,1074
2020-06-08,Kalimantan Selatan,62,0,9,53,1344,118,99,1127
2020-06-09,Kalimantan Selatan,91,8,1,82,1435,119,107,1209
2020-06-10,Kalimantan Selatan,127,4,10,113,1562,129,111,1322
2020-06-11,Kalimantan Selatan,70,4,36,30,1632,165,115,1352
2020-06-12,Kalimantan Selatan,60,3,15,42,1692,180,118,1394
2020-06-13,Kalimantan Selatan,123,6,22,95,1815,202,124,1489
2020-06-14,Kalimantan Selatan,70,6,29,35,1885,231,130,1524
2020-06-15,Kalimantan Selatan,66,4,16,46,1951,247,134,1570
2020-06-16,Kalimantan Selatan,169,6,6,157,2120,253,140,1727
2020-06-17,Kalimantan Selatan,87,9,79,-1,2207,332,149,1726
2020-06-18,Kalimantan Selatan,118,2,14,102,2325,346,151,1828
2020-06-19,Kalimantan Selatan,66,3,14,49,2391,360,154,1877
2020-06-20,Kalimantan Selatan,84,10,25,49,2475,385,164,1926
2020-06-21,Kalimantan Selatan,94,2,10,82,2569,395,166,2008
2020-06-22,Kalimantan Selatan,89,0,10,79,2658,405,166,2087
2020-06-23,Kalimantan Selatan,27,1,28,-2,2685,433,167,2085
2020-06-24,Kalimantan Selatan,90,7,15,68,2775,448,174,2153
2020-06-25,Kalimantan Selatan,59,3,86,-30,2834,534,177,2123
2020-06-26,Kalimantan Selatan,41,0,15,26,2875,549,177,2149
2020-06-27,Kalimantan Selatan,54,4,94,-44,2929,643,181,2105
2020-06-28,Kalimantan Selatan,73,4,80,-11,3002,723,185,2094
2020-06-29,Kalimantan Selatan,38,3,5,30,3040,728,188,2124
2020-06-30,Kalimantan Selatan,108,1,38,69,3148,766,189,2193
2020-07-01,Kalimantan Selatan,75,0,23,52,3223,789,189,2245
2020-07-02,Kalimantan Selatan,113,5,51,57,3336,840,194,2302
2020-07-03,Kalimantan Selatan,110,3,28,79,3446,868,197,2381
2020-07-04,Kalimantan Selatan,73,2,42,29,3519,910,199,2410
2020-07-05,Kalimantan Selatan,44,2,32,10,3563,942,201,2420
2020-07-06,Kalimantan Selatan,64,3,15,46,3627,957,204,2466
2020-07-07,Kalimantan Selatan,67,1,107,-41,3694,1064,205,2425
2020-07-08,Kalimantan Selatan,123,3,62,58,3817,1126,208,2483
2020-07-09,Kalimantan Selatan,106,2,22,82,3923,1148,210,2565
2020-07-10,Kalimantan Selatan,66,0,55,11,3989,1203,210,2576
2020-07-11,Kalimantan Selatan,79,5,75,-1,4068,1278,215,2575
2020-07-12,Kalimantan Selatan,77,5,107,-35,4145,1385,220,2540
2020-07-13,Kalimantan Selatan,73,3,24,46,4218,1409,223,2586
2020-07-14,Kalimantan Selatan,161,2,54,105,4379,1463,225,2691
2020-07-15,Kalimantan Selatan,109,8,41,60,4488,1504,233,2751
2020-07-16,Kalimantan Selatan,133,2,66,65,4621,1570,235,2816
2020-07-17,Kalimantan Selatan,101,7,42,52,4722,1612,242,2868
2020-07-18,Kalimantan Selatan,107,3,88,16,4829,1700,245,2884
2020-07-19,Kalimantan Selatan,110,5,30,75,4939,1730,250,2959
2020-07-20,Kalimantan Selatan,52,6,99,-53,4991,1829,256,2906
2020-07-21,Kalimantan Selatan,92,5,191,-104,5083,2020,261,2802
2020-07-22,Kalimantan Selatan,133,1,134,-2,5216,2154,262,2800
2020-07-23,Kalimantan Selatan,116,0,115,1,5332,2269,262,2801
2020-07-24,Kalimantan Selatan,90,3,271,-184,5422,2540,265,2617
2020-07-25,Kalimantan Selatan,118,5,178,-65,5540,2718,270,2552
2020-07-26,Kalimantan Selatan,115,2,131,-18,5655,2849,272,2534
2020-07-27,Kalimantan Selatan,33,3,67,-37,5688,2916,275,2497
2020-07-28,Kalimantan Selatan,94,4,157,-67,5782,3073,279,2430
2020-07-29,Kalimantan Selatan,101,8,71,22,5883,3144,287,2452
2020-07-30,Kalimantan Selatan,87,1,155,-69,5970,3299,288,2383
2020-07-31,Kalimantan Selatan,128,6,68,54,6098,3367,294,2437
2020-08-01,Kalimantan Selatan,62,0,82,-20,6160,3449,294,2417
2020-08-02,Kalimantan Selatan,32,0,18,14,6192,3467,294,2431
2020-08-03,Kalimantan Selatan,46,2,92,-48,6238,3559,296,2383
2020-08-04,Kalimantan Selatan,119,1,50,68,6357,3609,297,2451
2020-08-05,Kalimantan Selatan,54,0,95,-41,6411,3704,297,2410
2020-08-06,Kalimantan Selatan,67,0,25,42,6478,3729,297,2452
2020-08-07,Kalimantan Selatan,57,3,121,-67,6535,3850,300,2385
2020-08-08,Kalimantan Selatan,82,2,42,38,6617,3892,302,2423
2020-08-09,Kalimantan Selatan,98,3,133,-38,6715,4025,305,2385
2020-08-10,Kalimantan Selatan,50,1,28,21,6765,4053,306,2406
2020-08-11,Kalimantan Selatan,71,1,82,-12,6836,4135,307,2394
2020-08-12,Kalimantan Selatan,53,2,86,-35,6889,4221,309,2359
2020-08-13,Kalimantan Selatan,45,4,26,15,6934,4247,313,2374
2020-08-14,Kalimantan Selatan,55,2,57,-4,6989,4304,315,2370
2020-08-15,Kalimantan Selatan,62,3,36,23,7051,4340,318,2393
2020-08-16,Kalimantan Selatan,100,0,83,17,7151,4423,318,2410
2020-08-17,Kalimantan Selatan,90,6,126,-42,7241,4549,324,2368
2020-08-18,Kalimantan Selatan,40,0,40,0,7281,4589,324,2368
2020-08-19,Kalimantan Selatan,82,1,136,-55,7363,4725,325,2313
2020-08-20,Kalimantan Selatan,181,0,74,107,7544,4799,325,2420
2020-08-21,Kalimantan Selatan,74,2,275,-203,7618,5074,327,2217
2020-08-22,Kalimantan Selatan,78,3,230,-155,7696,5304,330,2062
2020-08-23,Kalimantan Selatan,81,2,77,2,7777,5381,332,2064
2020-08-24,Kalimantan Selatan,61,2,47,12,7838,5428,334,2076
2020-08-25,Kalimantan Selatan,82,4,66,12,7920,5494,338,2088
2020-08-26,Kalimantan Selatan,54,2,141,-89,7974,5635,340,1999
2020-08-27,Kalimantan Selatan,39,2,184,-147,8013,5819,342,1852
2020-08-28,Kalimantan Selatan,68,5,180,-117,8081,5999,347,1735
2020-08-29,Kalimantan Selatan,111,3,149,-41,8192,6148,350,1694
2020-08-30,Kalimantan Selatan,64,2,96,-34,8256,6244,352,1660
2020-08-31,Kalimantan Selatan,32,1,42,-11,8288,6286,353,1649
2020-09-01,Kalimantan Selatan,69,1,102,-34,8357,6388,354,1615
2020-09-02,Kalimantan Selatan,59,4,105,-50,8416,6493,358,1565
2020-09-03,Kalimantan Selatan,111,4,139,-32,8527,6632,362,1533
2020-09-04,Kalimantan Selatan,49,0,37,12,8576,6669,362,1545
2020-09-05,Kalimantan Selatan,81,6,37,38,8657,6706,368,1583
2020-09-06,Kalimantan Selatan,103,1,95,7,8760,6801,369,1590
2020-09-07,Kalimantan Selatan,77,2,49,26,8837,6850,371,1616
2020-09-08,Kalimantan Selatan,66,1,38,27,8903,6888,372,1643
2020-09-09,Kalimantan Selatan,99,1,106,-8,9002,6994,373,1635
2020-09-10,Kalimantan Selatan,77,6,138,-67,9079,7132,379,1568
2020-09-11,Kalimantan Selatan,73,1,101,-29,9152,7233,380,1539
2020-09-12,Kalimantan Selatan,96,5,84,7,9248,7317,385,1546
2020-09-13,Kalimantan Selatan,33,0,78,-45,9281,7395,385,1501
2020-09-14,Kalimantan Selatan,141,3,78,60,9422,7473,388,1561
2020-09-15,Kalimantan Selatan,77,1,56,20,9499,7529,389,1581
2020-09-16,Kalimantan Selatan,11,2,58,-49,9510,7587,391,1532
2020-09-17,Kalimantan Selatan,36,0,37,-1,9546,7624,391,1531
2020-09-18,Kalimantan Selatan,25,2,199,-176,9571,7823,393,1355
2020-09-19,Kalimantan Selatan,76,2,247,-173,9647,8070,395,1182
2020-09-20,Kalimantan Selatan,87,3,59,25,9734,8129,398,1207
2020-09-21,Kalimantan Selatan,82,2,96,-16,9816,8225,400,1191
2020-09-22,Kalimantan Selatan,85,0,40,45,9901,8265,400,1236
2020-09-23,Kalimantan Selatan,82,3,104,-25,9983,8369,403,1211
2020-09-24,Kalimantan Selatan,63,1,81,-19,10046,8450,404,1192
2020-09-25,Kalimantan Selatan,33,4,51,-22,10079,8501,408,1170
2020-09-26,Kalimantan Selatan,40,2,16,22,10119,8517,410,1192
2020-09-27,Kalimantan Selatan,77,1,75,1,10196,8592,411,1193
2020-09-28,Kalimantan Selatan,40,5,89,-54,10236,8681,416,1139
2020-09-29,Kalimantan Selatan,53,2,64,-13,10289,8745,418,1126
2020-09-30,Kalimantan Selatan,59,2,38,19,10348,8783,420,1145
2020-10-01,Kalimantan Selatan,55,0,73,-18,10403,8856,420,1127
2020-10-02,Kalimantan Selatan,75,4,63,8,10478,8919,424,1135
2020-10-03,Kalimantan Selatan,84,2,71,11,10562,8990,426,1146
2020-10-04,Kalimantan Selatan,59,1,97,-39,10621,9087,427,1107
2020-10-05,Kalimantan Selatan,44,1,32,11,10665,9119,428,1118
2020-10-06,Kalimantan Selatan,73,3,107,-37,10738,9226,431,1081
2020-10-07,Kalimantan Selatan,40,1,68,-29,10778,9294,432,1052
2020-10-08,Kalimantan Selatan,42,5,69,-32,10820,9363,437,1020
2020-10-09,Kalimantan Selatan,81,1,142,-62,10901,9505,438,958
2020-10-10,Kalimantan Selatan,53,1,22,30,10954,9527,439,988
2020-10-11,Kalimantan Selatan,75,1,79,-5,11029,9606,440,983
2020-10-12,Kalimantan Selatan,27,1,45,-19,11056,9651,441,964
2020-10-13,Kalimantan Selatan,77,1,111,-35,11133,9762,442,929
2020-10-14,Kalimantan Selatan,55,3,54,-2,11188,9816,445,927
2020-10-15,Kalimantan Selatan,76,1,59,16,11264,9875,446,943
2020-10-16,Kalimantan Selatan,68,2,43,23,11332,9918,448,966
2020-10-17,Kalimantan Selatan,71,2,66,3,11403,9984,450,969
2020-10-18,Kalimantan Selatan,39,2,58,-21,11442,10042,452,948
2020-10-19,Kalimantan Selatan,8,2,33,-27,11450,10075,454,921
2020-10-20,Kalimantan Selatan,42,2,42,-2,11492,10117,456,919
2020-10-21,Kalimantan Selatan,19,3,37,-21,11511,10154,459,898
2020-10-22,Kalimantan Selatan,28,3,42,-17,11539,10196,462,881
2020-10-23,Kalimantan Selatan,48,3,80,-35,11587,10276,465,846
2020-10-24,Kalimantan Selatan,46,3,99,-56,11633,10375,468,790
2020-10-25,Kalimantan Selatan,19,3,52,-36,11652,10427,471,754
2020-10-26,Kalimantan Selatan,2,2,56,-56,11654,10483,473,698
2020-10-27,Kalimantan Selatan,12,3,32,-23,11666,10515,476,675
2020-10-28,Kalimantan Selatan,69,2,80,-13,11735,10595,478,662
2020-10-29,Kalimantan Selatan,32,2,43,-13,11767,10638,480,649
2020-10-30,Kalimantan Selatan,44,1,59,-16,11811,10697,481,633
2020-10-31,Kalimantan Selatan,48,3,78,-33,11859,10775,484,600
2020-11-01,Kalimantan Selatan,25,2,75,-52,11884,10850,486,548
2020-11-02,Kalimantan Selatan,12,0,25,-13,11896,10875,486,535
2020-11-03,Kalimantan Selatan,16,1,53,-38,11912,10928,487,497
2020-11-04,Kalimantan Selatan,22,0,41,-19,11934,10969,487,478
2020-11-05,Kalimantan Selatan,94,1,27,66,12028,10996,488,544
2020-11-06,Kalimantan Selatan,59,2,45,12,12087,11041,490,556
2020-11-07,Kalimantan Selatan,43,2,15,26,12130,11056,492,582
2020-11-08,Kalimantan Selatan,46,2,16,28,12176,11072,494,610
2020-11-09,Kalimantan Selatan,12,1,8,3,12188,11080,495,613
2020-11-10,Kalimantan Selatan,59,0,43,16,12247,11123,495,629
2020-11-11,Kalimantan Selatan,68,2,61,5,12315,11184,497,634
2020-11-12,Kalimantan Selatan,50,2,28,20,12365,11212,499,654
2020-11-13,Kalimantan Selatan,31,1,29,1,12396,11241,500,655
2020-11-14,Kalimantan Selatan,51,1,91,-41,12447,11332,501,614
2020-11-15,Kalimantan Selatan,74,0,35,39,12521,11367,501,653
2020-11-16,Kalimantan Selatan,22,2,46,-26,12543,11413,503,627
2020-11-17,Kalimantan Selatan,14,0,173,-159,12557,11586,503,468
2020-11-18,Kalimantan Selatan,83,1,2,80,12640,11588,504,548
2020-11-19,Kalimantan Selatan,40,3,2,35,12680,11590,507,583
2020-11-20,Kalimantan Selatan,58,3,3,52,12738,11593,510,635
2020-11-21,Kalimantan Selatan,89,1,0,88,12827,11593,511,723
2020-11-22,Kalimantan Selatan,75,3,1,71,12902,11594,514,794
2020-11-23,Kalimantan Selatan,11,0,9,2,12913,11603,514,796
2020-11-24,Kalimantan Selatan,21,2,26,-7,12934,11629,516,789
2020-11-25,Kalimantan Selatan,64,1,29,34,12998,11658,517,823
2020-11-26,Kalimantan Selatan,49,3,16,30,13047,11674,520,853
2020-11-27,Kalimantan Selatan,44,2,39,3,13091,11713,522,856
2020-11-28,Kalimantan Selatan,56,1,18,37,13147,11731,523,893
2020-11-29,Kalimantan Selatan,40,3,14,23,13187,11745,526,916
2020-11-30,Kalimantan Selatan,12,1,32,-21,13199,11777,527,895
2020-12-01,Kalimantan Selatan,82,4,39,39,13281,11816,531,934
2020-12-02,Kalimantan Selatan,33,1,73,-41,13314,11889,532,893
2020-12-03,Kalimantan Selatan,54,2,10,42,13368,11899,534,935
2020-12-04,Kalimantan Selatan,71,2,84,-15,13439,11983,536,920
2020-12-05,Kalimantan Selatan,96,0,13,83,13535,11996,536,1003
2020-12-06,Kalimantan Selatan,70,1,27,42,13605,12023,537,1045
2020-12-07,Kalimantan Selatan,28,1,10,17,13633,12033,538,1062
2020-12-08,Kalimantan Selatan,62,1,31,30,13695,12064,539,1092
2020-12-09,Kalimantan Selatan,83,3,225,-145,13778,12289,542,947
2020-12-10,Kalimantan Selatan,46,2,109,-65,13824,12398,544,882
2020-12-11,Kalimantan Selatan,56,5,51,0,13880,12449,549,882
2020-12-12,Kalimantan Selatan,91,2,117,-28,13971,12566,551,854
2020-12-13,Kalimantan Selatan,104,1,55,48,14075,12621,552,902
2020-12-14,Kalimantan Selatan,48,1,60,-13,14123,12681,553,889
2020-12-15,Kalimantan Selatan,48,2,68,-22,14171,12749,555,867
2020-12-16,Kalimantan Selatan,72,0,66,6,14243,12815,555,873
2020-12-17,Kalimantan Selatan,95,0,94,1,14338,12909,555,874
2020-12-18,Kalimantan Selatan,82,1,123,-42,14420,13032,556,832
2020-12-19,Kalimantan Selatan,78,5,102,-29,14498,13134,561,803
2020-12-20,Kalimantan Selatan,88,2,41,45,14586,13175,563,848
2020-12-21,Kalimantan Selatan,43,3,25,15,14629,13200,566,863
2020-12-22,Kalimantan Selatan,66,2,32,32,14695,13232,568,895
2020-12-23,Kalimantan Selatan,90,2,39,49,14785,13271,570,944
2020-12-24,Kalimantan Selatan,95,3,33,59,14880,13304,573,1003
2020-12-25,Kalimantan Selatan,93,0,75,18,14973,13379,573,1021
2020-12-26,Kalimantan Selatan,63,0,93,-30,15036,13472,573,991
2020-12-27,Kalimantan Selatan,45,2,35,8,15081,13507,575,999
2020-12-28,Kalimantan Selatan,21,0,40,-19,15102,13547,575,980
2020-12-29,Kalimantan Selatan,61,3,99,-41,15163,13646,578,939
2020-12-30,Kalimantan Selatan,74,2,72,0,15237,13718,580,939
2020-12-31,Kalimantan Selatan,66,4,82,-20,15303,13800,584,919
2021-01-01,Kalimantan Selatan,99,0,61,38,15402,13861,584,957
2021-01-02,Kalimantan Selatan,17,2,45,-30,15419,13906,586,927
2021-01-03,Kalimantan Selatan,71,1,80,-10,15490,13986,587,917
2021-01-04,Kalimantan Selatan,20,2,69,-51,15510,14055,589,866
2021-01-05,Kalimantan Selatan,81,1,59,21,15591,14114,590,887
2021-01-06,Kalimantan Selatan,88,2,59,27,15679,14173,592,914
2021-01-07,Kalimantan Selatan,93,0,47,46,15772,14220,592,960
2021-01-08,Kalimantan Selatan,89,1,46,42,15861,14266,593,1002
2021-01-09,Kalimantan Selatan,98,1,61,36,15959,14327,594,1038
2021-01-10,Kalimantan Selatan,120,3,45,72,16079,14372,597,1110
2021-01-11,Kalimantan Selatan,114,2,59,53,16193,14431,599,1163
2021-01-12,Kalimantan Selatan,34,1,91,-58,16227,14522,600,1105
2021-01-13,Kalimantan Selatan,69,2,37,30,16296,14559,602,1135
2021-01-14,Kalimantan Selatan,101,2,75,24,16397,14634,604,1159
2021-01-15,Kalimantan Selatan,107,1,77,29,16504,14711,605,1188
2021-01-16,Kalimantan Selatan,108,3,76,29,16612,14787,608,1217
2021-01-17,Kalimantan Selatan,112,2,62,48,16724,14849,610,1265
2021-01-18,Kalimantan Selatan,13,3,82,-72,16737,14931,613,1193
2021-01-19,Kalimantan Selatan,68,2,42,24,16805,14973,615,1217
2021-01-20,Kalimantan Selatan,32,1,44,-13,16837,15017,616,1204
2021-01-21,Kalimantan Selatan,106,2,77,27,16943,15094,618,1231
2021-01-22,Kalimantan Selatan,107,3,93,11,17050,15187,621,1242
2021-01-23,Kalimantan Selatan,137,2,105,30,17187,15292,623,1272
2021-01-24,Kalimantan Selatan,120,2,87,31,17307,15379,625,1303
2021-01-25,Kalimantan Selatan,133,2,138,-7,17440,15517,627,1296
2021-01-26,Kalimantan Selatan,97,5,75,17,17537,15592,632,1313
2021-01-27,Kalimantan Selatan,62,3,101,-42,17599,15693,635,1271
2021-01-28,Kalimantan Selatan,103,1,49,53,17702,15742,636,1324
2021-01-29,Kalimantan Selatan,120,3,100,17,17822,15842,639,1341
2021-01-30,Kalimantan Selatan,130,2,42,86,17952,15884,641,1427
2021-01-31,Kalimantan Selatan,124,3,88,33,18076,15972,644,1460
2021-02-01,Kalimantan Selatan,74,3,58,13,18150,16030,647,1473
2021-02-02,Kalimantan Selatan,87,2,64,21,18237,16094,649,1494
2021-02-03,Kalimantan Selatan,104,2,45,57,18341,16139,651,1551
2021-02-04,Kalimantan Selatan,111,5,138,-32,18452,16277,656,1519
2021-02-05,Kalimantan Selatan,128,2,64,62,18580,16341,658,1581
2021-02-06,Kalimantan Selatan,140,4,154,-18,18720,16495,662,1563
2021-02-07,Kalimantan Selatan,117,3,56,58,18837,16551,665,1621
2021-02-08,Kalimantan Selatan,80,2,34,44,18917,16585,667,1665
2021-02-09,Kalimantan Selatan,115,3,181,-69,19032,16766,670,1596
2021-02-10,Kalimantan Selatan,145,2,190,-47,19177,16956,672,1549
2021-02-11,Kalimantan Selatan,139,2,108,29,19316,17064,674,1578
2021-02-12,Kalimantan Selatan,136,3,65,68,19452,17129,677,1646
2021-02-13,Kalimantan Selatan,144,0,120,24,19596,17249,677,1670
2021-02-14,Kalimantan Selatan,97,5,92,0,19693,17341,682,1670
2021-02-15,Kalimantan Selatan,146,0,21,125,19839,17362,682,1795
2021-02-16,Kalimantan Selatan,139,0,52,87,19978,17414,682,1882
2021-02-17,Kalimantan Selatan,151,1,8,142,20129,17422,683,2024
2021-02-18,Kalimantan Selatan,120,0,109,11,20249,17531,683,2035
2021-02-19,Kalimantan Selatan,180,12,211,-43,20429,17742,695,1992
2021-02-20,Kalimantan Selatan,183,0,382,-199,20612,18124,695,1793
2021-02-21,Kalimantan Selatan,162,2,153,7,20774,18277,697,1800
2021-02-22,Kalimantan Selatan,107,7,194,-94,20881,18471,704,1706
2021-02-23,Kalimantan Selatan,101,1,117,-17,20982,18588,705,1689
2021-02-24,Kalimantan Selatan,133,3,129,1,21115,18717,708,1690
2021-02-25,Kalimantan Selatan,179,5,93,81,21294,18810,713,1771
2021-02-26,Kalimantan Selatan,186,3,294,-111,21480,19104,716,1660
2021-02-27,Kalimantan Selatan,187,1,128,58,21667,19232,717,1718
2021-02-28,Kalimantan Selatan,170,3,43,124,21837,19275,720,1842
2021-03-01,Kalimantan Selatan,206,1,91,114,22043,19366,721,1956
2021-03-02,Kalimantan Selatan,187,6,102,79,22230,19468,727,2035
2021-03-03,Kalimantan Selatan,179,2,121,56,22409,19589,729,2091
2021-03-04,Kalimantan Selatan,167,5,129,33,22576,19718,734,2124
2021-03-05,Kalimantan Selatan,197,3,242,-48,22773,19960,737,2076
2021-03-06,Kalimantan Selatan,171,6,83,82,22944,20043,743,2158
2021-03-07,Kalimantan Selatan,196,2,136,58,23140,20179,745,2216
2021-03-08,Kalimantan Selatan,160,2,265,-107,23300,20444,747,2109
2021-03-09,Kalimantan Selatan,126,4,131,-9,23426,20575,751,2100
2021-03-10,Kalimantan Selatan,112,4,114,-6,23538,20689,755,2094
2021-03-11,Kalimantan Selatan,196,2,125,69,23734,20814,757,2163
2021-03-12,Kalimantan Selatan,199,3,72,124,23933,20886,760,2287
2021-03-13,Kalimantan Selatan,197,3,146,48,24130,21032,763,2335
2021-03-14,Kalimantan Selatan,204,5,279,-80,24334,21311,768,2255
2021-03-15,Kalimantan Selatan,175,4,142,29,24509,21453,772,2284
2021-03-16,Kalimantan Selatan,191,2,266,-77,24700,21719,774,2207
2021-03-17,Kalimantan Selatan,158,5,130,23,24858,21849,779,2230
2021-03-18,Kalimantan Selatan,118,4,134,-20,24976,21983,783,2210
2021-03-19,Kalimantan Selatan,197,4,157,36,25173,22140,787,2246
2021-03-20,Kalimantan Selatan,215,4,188,23,25388,22328,791,2269
2021-03-21,Kalimantan Selatan,228,0,116,112,25616,22444,791,2381
2021-03-22,Kalimantan Selatan,207,4,91,112,25823,22535,795,2493
2021-03-23,Kalimantan Selatan,140,4,117,19,25963,22652,799,2512
2021-03-24,Kalimantan Selatan,190,5,363,-178,26153,23015,804,2334
2021-03-25,Kalimantan Selatan,236,3,110,123,26389,23125,807,2457
2021-03-26,Kalimantan Selatan,215,3,159,53,26604,23284,810,2510
2021-03-27,Kalimantan Selatan,267,4,164,99,26871,23448,814,2609
2021-03-28,Kalimantan Selatan,248,6,196,46,27119,23644,820,2655
2021-03-29,Kalimantan Selatan,275,6,217,52,27394,23861,826,2707
2021-03-30,Kalimantan Selatan,221,3,82,136,27615,23943,829,2843
2021-03-31,Kalimantan Selatan,267,4,83,180,27882,24026,833,3023
2021-04-01,Kalimantan Selatan,262,4,258,0,28144,24284,837,3023
2021-04-02,Kalimantan Selatan,283,5,141,137,28427,24425,842,3160
2021-04-03,Kalimantan Selatan,154,5,220,-71,28581,24645,847,3089
2021-04-04,Kalimantan Selatan,290,0,258,32,28871,24903,847,3121
2021-04-05,Kalimantan Selatan,153,2,213,-62,29024,25116,849,3059
2021-04-06,Kalimantan Selatan,153,5,222,-74,29177,25338,854,2985
2021-04-07,Kalimantan Selatan,140,3,122,15,29317,25460,857,3000
2021-04-08,Kalimantan Selatan,301,7,498,-204,29618,25958,864,2796
2021-04-09,Kalimantan Selatan,281,5,174,102,29899,26132,869,2898
2021-04-10,Kalimantan Selatan,257,4,225,28,30156,26357,873,2926
2021-04-11,Kalimantan Selatan,241,0,290,-49,30397,26647,873,2877
2021-04-12,Kalimantan Selatan,82,4,184,-106,30479,26831,877,2771
2021-04-13,Kalimantan Selatan,142,5,124,13,30621,26955,882,2784
2021-04-14,Kalimantan Selatan,256,1,154,101,30877,27109,883,2885
2021-04-15,Kalimantan Selatan,221,6,237,-22,31098,27346,889,2863
2021-04-16,Kalimantan Selatan,153,6,215,-68,31251,27561,895,2795
2021-04-17,Kalimantan Selatan,156,2,287,-133,31407,27848,897,2662
2021-04-18,Kalimantan Selatan,186,3,142,41,31593,27990,900,2703
2021-04-19,Kalimantan Selatan,31,2,112,-83,31624,28102,902,2620
2021-04-20,Kalimantan Selatan,147,4,142,1,31771,28244,906,2621
2021-04-21,Kalimantan Selatan,95,5,279,-189,31866,28523,911,2432
2021-04-22,Kalimantan Selatan,206,5,210,-9,32072,28733,916,2423
2021-04-23,Kalimantan Selatan,197,4,327,-134,32269,29060,920,2289
2021-04-24,Kalimantan Selatan,173,5,54,114,32442,29114,925,2403
2021-04-25,Kalimantan Selatan,56,2,62,-8,32498,29176,927,2395
2021-04-26,Kalimantan Selatan,16,3,212,-199,32514,29388,930,2196
2021-04-27,Kalimantan Selatan,98,7,130,-39,32612,29518,937,2157
2021-04-28,Kalimantan Selatan,74,1,97,-24,32686,29615,938,2133
2021-04-29,Kalimantan Selatan,65,3,59,3,32751,29674,941,2136
2021-04-30,Kalimantan Selatan,207,0,166,41,32958,29840,941,2177
2021-05-01,Kalimantan Selatan,88,4,99,-15,33046,29939,945,2162
2021-05-02,Kalimantan Selatan,12,4,62,-54,33058,30001,949,2108
2021-05-03,Kalimantan Selatan,34,1,45,-12,33092,30046,950,2096
2021-05-04,Kalimantan Selatan,56,5,224,-173,33148,30270,955,1923
2021-05-05,Kalimantan Selatan,108,3,211,-106,33256,30481,958,1817
2021-05-06,Kalimantan Selatan,64,2,140,-78,33320,30621,960,1739
2021-05-07,Kalimantan Selatan,144,1,223,-80,33464,30844,961,1659
2021-05-08,Kalimantan Selatan,108,3,92,13,33572,30936,964,1672
2021-05-09,Kalimantan Selatan,64,2,129,-67,33636,31065,966,1605
2021-05-10,Kalimantan Selatan,22,3,63,-44,33658,31128,969,1561
2021-05-11,Kalimantan Selatan,46,2,114,-70,33704,31242,971,1491
2021-05-12,Kalimantan Selatan,85,1,458,-374,33789,31700,972,1117
2021-05-13,Kalimantan Selatan,27,3,100,-76,33816,31800,975,1041
2021-05-14,Kalimantan Selatan,19,1,39,-21,33835,31839,976,1020
2021-05-15,Kalimantan Selatan,1,1,44,-44,33836,31883,977,976
2021-05-16,Kalimantan Selatan,37,4,48,-15,33873,31931,981,961
2021-05-17,Kalimantan Selatan,25,3,77,-55,33898,32008,984,906
2021-05-18,Kalimantan Selatan,42,5,76,-39,33940,32084,989,867
2021-05-19,Kalimantan Selatan,55,3,86,-34,33995,32170,992,833
2021-05-20,Kalimantan Selatan,81,3,47,31,34076,32217,995,864
2021-05-21,Kalimantan Selatan,85,2,64,19,34161,32281,997,883
2021-05-22,Kalimantan Selatan,48,1,27,20,34209,32308,998,903
2021-05-23,Kalimantan Selatan,73,2,57,14,34282,32365,1000,917
2021-05-24,Kalimantan Selatan,29,2,194,-167,34311,32559,1002,750
2021-05-25,Kalimantan Selatan,43,1,65,-23,34354,32624,1003,727
2021-05-26,Kalimantan Selatan,82,3,25,54,34436,32649,1006,781
2021-05-27,Kalimantan Selatan,56,2,47,7,34492,32696,1008,788
2021-05-28,Kalimantan Selatan,68,2,39,27,34560,32735,1010,815
2021-05-29,Kalimantan Selatan,110,2,42,66,34670,32777,1012,881
2021-05-30,Kalimantan Selatan,74,2,45,27,34744,32822,1014,908
2021-05-31,Kalimantan Selatan,15,1,65,-51,34759,32887,1015,857
2021-06-01,Kalimantan Selatan,43,2,41,0,34802,32928,1017,857
2021-06-02,Kalimantan Selatan,12,3,32,-23,34814,32960,1020,834
2021-06-03,Kalimantan Selatan,56,3,42,11,34870,33002,1023,845
2021-06-04,Kalimantan Selatan,53,3,54,-4,34923,33056,1026,841
2021-06-05,Kalimantan Selatan,48,0,41,7,34971,33097,1026,848
2021-06-06,Kalimantan Selatan,72,7,83,-18,35043,33180,1033,830
2021-06-07,Kalimantan Selatan,9,2,33,-26,35052,33213,1035,804
2021-06-08,Kalimantan Selatan,17,2,52,-37,35069,33265,1037,767
2021-06-09,Kalimantan Selatan,28,3,92,-67,35097,33357,1040,700
2021-06-10,Kalimantan Selatan,102,1,164,-63,35199,33521,1041,637
2021-06-11,Kalimantan Selatan,34,0,35,-1,35233,33556,1041,636
2021-06-12,Kalimantan Selatan,23,0,24,-1,35256,33580,1041,635
2021-06-13,Kalimantan Selatan,29,3,30,-4,35285,33610,1044,631
2021-06-14,Kalimantan Selatan,13,2,27,-16,35298,33637,1046,615
2021-06-15,Kalimantan Selatan,21,2,42,-23,35319,33679,1048,592
2021-06-16,Kalimantan Selatan,57,1,55,1,35376,33734,1049,593
2021-06-17,Kalimantan Selatan,93,1,36,56,35469,33770,1050,649
2021-06-18,Kalimantan Selatan,28,0,12,16,35497,33782,1050,665
2021-06-19,Kalimantan Selatan,48,1,31,16,35545,33813,1051,681
2021-06-20,Kalimantan Selatan,20,0,50,-30,35565,33863,1051,651
2021-06-21,Kalimantan Selatan,5,1,29,-25,35570,33892,1052,626
2021-06-22,Kalimantan Selatan,37,1,21,15,35607,33913,1053,641
2021-06-23,Kalimantan Selatan,77,1,86,-10,35684,33999,1054,631
2021-06-24,Kalimantan Selatan,39,3,22,14,35723,34021,1057,645
2021-06-25,Kalimantan Selatan,56,1,21,34,35779,34042,1058,679
2021-06-26,Kalimantan Selatan,89,4,31,54,35868,34073,1062,733
2021-06-27,Kalimantan Selatan,23,0,35,-12,35891,34108,1062,721
2021-06-28,Kalimantan Selatan,48,3,21,24,35939,34129,1065,745
2021-06-29,Kalimantan Selatan,55,1,70,-16,35994,34199,1066,729
2021-06-30,Kalimantan Selatan,82,0,25,57,36076,34224,1066,786
2021-07-01,Kalimantan Selatan,124,1,44,79,36200,34268,1067,865
2021-07-02,Kalimantan Selatan,159,4,67,88,36359,34335,1071,953
2021-07-03,Kalimantan Selatan,77,1,23,53,36436,34358,1072,1006
2021-07-04,Kalimantan Selatan,208,1,134,73,36644,34492,1073,1079
2021-07-05,Kalimantan Selatan,22,2,22,-2,36666,34514,1075,1077
2021-07-06,Kalimantan Selatan,55,5,69,-19,36721,34583,1080,1058
2021-07-07,Kalimantan Selatan,111,5,36,70,36832,34619,1085,1128
2021-07-08,Kalimantan Selatan,144,3,82,59,36976,34701,1088,1187
2021-07-09,Kalimantan Selatan,200,3,73,124,37176,34774,1091,1311
2021-07-10,Kalimantan Selatan,202,6,52,144,37378,34826,1097,1455
2021-07-11,Kalimantan Selatan,120,6,35,79,37498,34861,1103,1534
2021-07-12,Kalimantan Selatan,49,5,64,-20,37547,34925,1108,1514
2021-07-13,Kalimantan Selatan,307,5,82,220,37854,35007,1113,1734
2021-07-14,Kalimantan Selatan,393,5,62,326,38247,35069,1118,2060
2021-07-15,Kalimantan Selatan,493,5,137,351,38740,35206,1123,2411
2021-07-16,Kalimantan Selatan,345,6,134,205,39085,35340,1129,2616
2021-07-17,Kalimantan Selatan,644,6,87,551,39729,35427,1135,3167
2021-07-18,Kalimantan Selatan,299,5,104,190,40028,35531,1140,3357
2021-07-19,Kalimantan Selatan,248,6,33,209,40276,35564,1146,3566
2021-07-20,Kalimantan Selatan,495,6,79,410,40771,35643,1152,3976
2021-07-21,Kalimantan Selatan,229,10,165,54,41000,35808,1162,4030
2021-07-22,Kalimantan Selatan,650,6,149,495,41650,35957,1168,4525
2021-07-23,Kalimantan Selatan,876,8,112,756,42526,36069,1176,5281
2021-07-24,Kalimantan Selatan,690,0,72,618,43216,36141,1176,5899
2021-07-25,Kalimantan Selatan,619,19,166,434,43835,36307,1195,6333
2021-07-26,Kalimantan Selatan,195,5,412,-222,44030,36719,1200,6111
2021-07-27,Kalimantan Selatan,517,37,347,133,44547,37066,1237,6244
2021-07-28,Kalimantan Selatan,862,11,217,634,45409,37283,1248,6878
2021-07-29,Kalimantan Selatan,913,29,375,509,46322,37658,1277,7387
2021-07-30,Kalimantan Selatan,958,13,254,691,47280,37912,1290,8078
2021-07-31,Kalimantan Selatan,720,3,130,587,48000,38042,1293,8665
2021-08-01,Kalimantan Selatan,665,28,415,222,48665,38457,1321,8887
2020-03-26,Kalimantan Tengah,2,0,0,2,2,0,0,2
2020-03-27,Kalimantan Tengah,0,0,0,0,2,0,0,2
2020-03-28,Kalimantan Tengah,1,0,0,1,3,0,0,3
2020-03-29,Kalimantan Tengah,0,0,0,0,3,0,0,3
2020-03-30,Kalimantan Tengah,0,0,0,0,3,0,0,3
2020-03-31,Kalimantan Tengah,4,0,2,2,7,2,0,5
2020-04-01,Kalimantan Tengah,0,0,0,0,7,2,0,5
2020-04-02,Kalimantan Tengah,0,0,0,0,7,2,0,5
2020-04-03,Kalimantan Tengah,2,0,0,2,9,2,0,7
2020-04-04,Kalimantan Tengah,1,0,2,-1,10,4,0,6
2020-04-05,Kalimantan Tengah,0,0,0,0,10,4,0,6
2020-04-06,Kalimantan Tengah,9,0,0,9,19,4,0,15
2020-04-07,Kalimantan Tengah,1,0,2,-1,20,6,0,14
2020-04-08,Kalimantan Tengah,0,1,0,-1,20,6,1,13
2020-04-09,Kalimantan Tengah,0,0,0,0,20,6,1,13
2020-04-10,Kalimantan Tengah,4,0,1,3,24,7,1,16
2020-04-11,Kalimantan Tengah,0,0,0,0,24,7,1,16
2020-04-12,Kalimantan Tengah,0,0,0,0,24,7,1,16
2020-04-13,Kalimantan Tengah,1,0,1,0,25,8,1,16
2020-04-14,Kalimantan Tengah,0,1,0,-1,25,8,2,15
2020-04-15,Kalimantan Tengah,8,0,0,8,33,8,2,23
2020-04-16,Kalimantan Tengah,1,0,0,1,34,8,2,24
2020-04-17,Kalimantan Tengah,1,0,0,1,35,8,2,25
2020-04-18,Kalimantan Tengah,6,1,0,5,41,8,3,30
2020-04-19,Kalimantan Tengah,5,0,0,5,46,8,3,35
2020-04-20,Kalimantan Tengah,14,1,1,12,60,9,4,47
2020-04-21,Kalimantan Tengah,7,1,0,6,67,9,5,53
2020-04-22,Kalimantan Tengah,15,0,0,15,82,9,5,68
2020-04-23,Kalimantan Tengah,1,0,0,1,83,9,5,69
2020-04-24,Kalimantan Tengah,11,0,0,11,94,9,5,80
2020-04-25,Kalimantan Tengah,6,0,0,6,100,9,5,86
2020-04-26,Kalimantan Tengah,4,0,1,3,104,10,5,89
2020-04-27,Kalimantan Tengah,8,0,0,8,112,10,5,97
2020-04-28,Kalimantan Tengah,9,1,2,6,121,12,6,103
2020-04-29,Kalimantan Tengah,6,0,0,6,127,12,6,109
2020-04-30,Kalimantan Tengah,18,0,1,17,145,13,6,126
2020-05-01,Kalimantan Tengah,11,1,2,8,156,15,7,134
2020-05-02,Kalimantan Tengah,1,0,0,1,157,15,7,135
2020-05-03,Kalimantan Tengah,0,0,0,0,157,15,7,135
2020-05-04,Kalimantan Tengah,23,0,1,22,180,16,7,157
2020-05-05,Kalimantan Tengah,1,2,0,-1,181,16,9,156
2020-05-06,Kalimantan Tengah,5,0,13,-8,186,29,9,148
2020-05-07,Kalimantan Tengah,2,1,0,1,188,29,10,149
2020-05-08,Kalimantan Tengah,0,0,1,-1,188,30,10,148
2020-05-09,Kalimantan Tengah,1,0,0,1,189,30,10,149
2020-05-10,Kalimantan Tengah,4,0,0,4,193,30,10,153
2020-05-11,Kalimantan Tengah,7,0,0,7,200,30,10,160
2020-05-12,Kalimantan Tengah,4,0,1,3,204,31,10,163
2020-05-13,Kalimantan Tengah,16,0,1,15,220,32,10,178
2020-05-14,Kalimantan Tengah,3,0,10,-7,223,42,10,171
2020-05-15,Kalimantan Tengah,4,0,7,-3,227,49,10,168
2020-05-16,Kalimantan Tengah,0,0,0,0,227,49,10,168
2020-05-17,Kalimantan Tengah,0,0,0,0,227,49,10,168
2020-05-18,Kalimantan Tengah,0,0,0,0,227,49,10,168
2020-05-19,Kalimantan Tengah,5,0,0,5,232,49,10,173
2020-05-20,Kalimantan Tengah,9,0,18,-9,241,67,10,164
2020-05-21,Kalimantan Tengah,13,0,10,3,254,77,10,167
2020-05-22,Kalimantan Tengah,35,4,15,16,289,92,14,183
2020-05-23,Kalimantan Tengah,2,0,0,2,291,92,14,185
2020-05-24,Kalimantan Tengah,15,0,0,15,306,92,14,200
2020-05-25,Kalimantan Tengah,2,2,21,-21,308,113,16,179
2020-05-26,Kalimantan Tengah,12,0,0,12,320,113,16,191
2020-05-27,Kalimantan Tengah,8,0,0,8,328,113,16,199
2020-05-28,Kalimantan Tengah,6,0,0,6,334,113,16,205
2020-05-29,Kalimantan Tengah,29,0,7,22,363,120,16,227
2020-05-30,Kalimantan Tengah,31,2,6,23,394,126,18,250
2020-05-31,Kalimantan Tengah,12,0,0,12,406,126,18,262
2020-06-01,Kalimantan Tengah,9,0,1,8,415,127,18,270
2020-06-02,Kalimantan Tengah,9,1,17,-9,424,144,19,261
2020-06-03,Kalimantan Tengah,28,4,7,17,452,151,23,278
2020-06-04,Kalimantan Tengah,13,0,0,13,465,151,23,291
2020-06-05,Kalimantan Tengah,15,2,0,13,480,151,25,304
2020-06-06,Kalimantan Tengah,15,0,0,15,495,151,25,319
2020-06-07,Kalimantan Tengah,1,0,10,-9,496,161,25,310
2020-06-08,Kalimantan Tengah,8,2,2,4,504,163,27,314
2020-06-09,Kalimantan Tengah,18,0,0,18,522,163,27,332
2020-06-10,Kalimantan Tengah,15,1,11,3,537,174,28,335
2020-06-11,Kalimantan Tengah,15,0,0,15,552,174,28,350
2020-06-12,Kalimantan Tengah,13,0,4,9,565,178,28,359
2020-06-13,Kalimantan Tengah,21,1,1,19,586,179,29,378
2020-06-14,Kalimantan Tengah,0,3,17,-20,586,196,32,358
2020-06-15,Kalimantan Tengah,45,4,2,39,631,198,36,397
2020-06-16,Kalimantan Tengah,26,0,10,16,657,208,36,413
2020-06-17,Kalimantan Tengah,45,1,1,43,702,209,37,456
2020-06-18,Kalimantan Tengah,36,6,39,-9,738,248,43,447
2020-06-19,Kalimantan Tengah,0,0,0,0,738,248,43,447
2020-06-20,Kalimantan Tengah,26,2,10,14,764,258,45,461
2020-06-21,Kalimantan Tengah,0,0,0,0,764,258,45,461
2020-06-22,Kalimantan Tengah,21,3,7,11,785,265,48,472
2020-06-23,Kalimantan Tengah,11,1,7,3,796,272,49,475
2020-06-24,Kalimantan Tengah,4,0,0,4,800,272,49,479
2020-06-25,Kalimantan Tengah,10,0,0,10,810,272,49,489
2020-06-26,Kalimantan Tengah,7,2,29,-24,817,301,51,465
2020-06-27,Kalimantan Tengah,5,1,0,4,822,301,52,469
2020-06-28,Kalimantan Tengah,12,0,0,12,834,301,52,481
2020-06-29,Kalimantan Tengah,47,0,50,-3,881,351,52,478
2020-06-30,Kalimantan Tengah,13,2,1,10,894,352,54,488
2020-07-01,Kalimantan Tengah,37,0,0,37,931,352,54,525
2020-07-02,Kalimantan Tengah,15,0,0,15,946,352,54,540
2020-07-03,Kalimantan Tengah,50,4,45,1,996,397,58,541
2020-07-04,Kalimantan Tengah,8,2,26,-20,1004,423,60,521
2020-07-05,Kalimantan Tengah,28,0,4,24,1032,427,60,545
2020-07-06,Kalimantan Tengah,8,1,1,6,1040,428,61,551
2020-07-07,Kalimantan Tengah,18,0,19,-1,1058,447,61,550
2020-07-08,Kalimantan Tengah,15,0,6,9,1073,453,61,559
2020-07-09,Kalimantan Tengah,23,3,22,-2,1096,475,64,557
2020-07-10,Kalimantan Tengah,35,0,1,34,1131,476,64,591
2020-07-11,Kalimantan Tengah,26,1,28,-3,1157,504,65,588
2020-07-12,Kalimantan Tengah,39,5,12,22,1196,516,70,610
2020-07-13,Kalimantan Tengah,26,0,3,23,1222,519,70,633
2020-07-14,Kalimantan Tengah,32,1,42,-11,1254,561,71,622
2020-07-15,Kalimantan Tengah,0,0,21,-21,1254,582,71,601
2020-07-16,Kalimantan Tengah,12,1,33,-22,1266,615,72,579
2020-07-17,Kalimantan Tengah,58,2,30,26,1324,645,74,605
2020-07-18,Kalimantan Tengah,0,2,6,-8,1324,651,76,597
2020-07-19,Kalimantan Tengah,74,3,74,-3,1398,725,79,594
2020-07-20,Kalimantan Tengah,0,0,0,0,1398,725,79,594
2020-07-21,Kalimantan Tengah,14,0,30,-16,1412,755,79,578
2020-07-22,Kalimantan Tengah,36,1,150,-115,1448,905,80,463
2020-07-23,Kalimantan Tengah,27,0,25,2,1475,930,80,465
2020-07-24,Kalimantan Tengah,45,0,29,16,1520,959,80,481
2020-07-25,Kalimantan Tengah,67,6,68,-7,1587,1027,86,474
2020-07-26,Kalimantan Tengah,45,0,31,14,1632,1058,86,488
2020-07-27,Kalimantan Tengah,21,1,34,-14,1653,1092,87,474
2020-07-28,Kalimantan Tengah,24,0,24,0,1677,1116,87,474
2020-07-29,Kalimantan Tengah,0,0,1,-1,1677,1117,87,473
2020-07-30,Kalimantan Tengah,24,0,0,24,1701,1117,87,497
2020-07-31,Kalimantan Tengah,28,3,34,-9,1729,1151,90,488
2020-08-01,Kalimantan Tengah,31,0,17,14,1760,1168,90,502
2020-08-02,Kalimantan Tengah,17,0,12,5,1777,1180,90,507
2020-08-03,Kalimantan Tengah,14,0,30,-16,1791,1210,90,491
2020-08-04,Kalimantan Tengah,53,0,31,22,1844,1241,90,513
2020-08-05,Kalimantan Tengah,5,0,27,-22,1849,1268,90,491
2020-08-06,Kalimantan Tengah,25,4,7,14,1874,1275,94,505
2020-08-07,Kalimantan Tengah,37,1,25,11,1911,1300,95,516
2020-08-08,Kalimantan Tengah,66,0,40,26,1977,1340,95,542
2020-08-09,Kalimantan Tengah,30,0,37,-7,2007,1377,95,535
2020-08-10,Kalimantan Tengah,43,0,34,9,2050,1411,95,544
2020-08-11,Kalimantan Tengah,31,1,10,20,2081,1421,96,564
2020-08-12,Kalimantan Tengah,6,0,30,-24,2087,1451,96,540
2020-08-13,Kalimantan Tengah,44,2,71,-29,2131,1522,98,511
2020-08-14,Kalimantan Tengah,20,1,22,-3,2151,1544,99,508
2020-08-15,Kalimantan Tengah,37,0,30,7,2188,1574,99,515
2020-08-16,Kalimantan Tengah,0,0,0,0,2188,1574,99,515
2020-08-17,Kalimantan Tengah,27,0,30,-3,2215,1604,99,512
2020-08-18,Kalimantan Tengah,43,2,71,-30,2258,1675,101,482
2020-08-19,Kalimantan Tengah,0,0,0,0,2258,1675,101,482
2020-08-20,Kalimantan Tengah,33,0,12,21,2291,1687,101,503
2020-08-21,Kalimantan Tengah,23,1,20,2,2314,1707,102,505
2020-08-22,Kalimantan Tengah,34,1,25,8,2348,1732,103,513
2020-08-23,Kalimantan Tengah,62,0,38,24,2410,1770,103,537
2020-08-24,Kalimantan Tengah,17,0,10,7,2427,1780,103,544
2020-08-25,Kalimantan Tengah,11,1,32,-22,2438,1812,104,522
2020-08-26,Kalimantan Tengah,8,0,30,-22,2446,1842,104,500
2020-08-27,Kalimantan Tengah,18,1,24,-7,2464,1866,105,493
2020-08-28,Kalimantan Tengah,0,0,0,0,2464,1866,105,493
2020-08-29,Kalimantan Tengah,18,1,40,-23,2482,1906,106,470
2020-08-30,Kalimantan Tengah,25,1,35,-11,2507,1941,107,459
2020-08-31,Kalimantan Tengah,41,0,22,19,2548,1963,107,478
2020-09-01,Kalimantan Tengah,37,0,20,17,2585,1983,107,495
2020-09-02,Kalimantan Tengah,0,0,0,0,2585,1983,107,495
2020-09-03,Kalimantan Tengah,51,1,85,-35,2636,2068,108,460
2020-09-04,Kalimantan Tengah,53,1,90,-38,2689,2158,109,422
2020-09-05,Kalimantan Tengah,0,0,0,0,2689,2158,109,422
2020-09-06,Kalimantan Tengah,51,1,0,50,2740,2158,110,472
2020-09-07,Kalimantan Tengah,67,2,0,65,2807,2158,112,537
2020-09-08,Kalimantan Tengah,0,0,0,0,2807,2158,112,537
2020-09-09,Kalimantan Tengah,44,1,15,28,2851,2173,113,565
2020-09-10,Kalimantan Tengah,36,1,30,5,2887,2203,114,570
2020-09-11,Kalimantan Tengah,33,0,10,23,2920,2213,114,593
2020-09-12,Kalimantan Tengah,46,1,15,30,2966,2228,115,623
2020-09-13,Kalimantan Tengah,36,1,6,29,3002,2234,116,652
2020-09-14,Kalimantan Tengah,0,0,0,0,3002,2234,116,652
2020-09-15,Kalimantan Tengah,57,1,18,38,3059,2252,117,690
2020-09-16,Kalimantan Tengah,64,3,120,-59,3123,2372,120,631
2020-09-17,Kalimantan Tengah,0,0,0,0,3123,2372,120,631
2020-09-18,Kalimantan Tengah,55,2,78,-25,3178,2450,122,606
2020-09-19,Kalimantan Tengah,50,4,30,16,3228,2480,126,622
2020-09-20,Kalimantan Tengah,44,1,13,30,3272,2493,127,652
2020-09-21,Kalimantan Tengah,28,2,22,4,3300,2515,129,656
2020-09-22,Kalimantan Tengah,0,0,0,0,3300,2515,129,656
2020-09-23,Kalimantan Tengah,92,0,38,54,3392,2553,129,710
2020-09-24,Kalimantan Tengah,39,0,18,21,3431,2571,129,731
2020-09-25,Kalimantan Tengah,43,0,30,13,3474,2601,129,744
2020-09-26,Kalimantan Tengah,0,0,0,0,3474,2601,129,744
2020-09-27,Kalimantan Tengah,11,0,26,-15,3485,2627,129,729
2020-09-28,Kalimantan Tengah,64,1,30,33,3549,2657,130,762
2020-09-29,Kalimantan Tengah,85,0,4,81,3634,2661,130,843
2020-09-30,Kalimantan Tengah,11,2,120,-111,3645,2781,132,732
2020-10-01,Kalimantan Tengah,46,0,15,31,3691,2796,132,763
2020-10-02,Kalimantan Tengah,29,0,33,-4,3720,2829,132,759
2020-10-03,Kalimantan Tengah,38,0,82,-44,3758,2911,132,715
2020-10-04,Kalimantan Tengah,18,1,30,-13,3776,2941,133,702
2020-10-05,Kalimantan Tengah,28,0,38,-10,3804,2979,133,692
2020-10-06,Kalimantan Tengah,14,3,42,-31,3818,3021,136,661
2020-10-07,Kalimantan Tengah,37,1,36,0,3855,3057,137,661
2020-10-08,Kalimantan Tengah,11,1,50,-40,3866,3107,138,621
2020-10-09,Kalimantan Tengah,24,0,8,16,3890,3115,138,637
2020-10-10,Kalimantan Tengah,17,2,18,-3,3907,3133,140,634
2020-10-11,Kalimantan Tengah,34,0,27,7,3941,3160,140,641
2020-10-12,Kalimantan Tengah,26,0,38,-12,3967,3198,140,629
2020-10-13,Kalimantan Tengah,11,1,70,-60,3978,3268,141,569
2020-10-14,Kalimantan Tengah,9,2,31,-24,3987,3299,143,545
2020-10-15,Kalimantan Tengah,27,0,33,-6,4014,3332,143,539
2020-10-16,Kalimantan Tengah,31,1,39,-9,4045,3371,144,530
2020-10-17,Kalimantan Tengah,36,0,32,4,4081,3403,144,534
2020-10-18,Kalimantan Tengah,0,0,0,0,4081,3403,144,534
2020-10-19,Kalimantan Tengah,41,0,46,-5,4122,3449,144,529
2020-10-20,Kalimantan Tengah,27,0,77,-50,4149,3526,144,479
2020-10-21,Kalimantan Tengah,13,0,17,-4,4162,3543,144,475
2020-10-22,Kalimantan Tengah,0,0,0,0,4162,3543,144,475
2020-10-23,Kalimantan Tengah,51,2,55,-6,4213,3598,146,469
2020-10-24,Kalimantan Tengah,20,1,52,-33,4233,3650,147,436
2020-10-25,Kalimantan Tengah,18,0,26,-8,4251,3676,147,428
2020-10-26,Kalimantan Tengah,23,3,34,-14,4274,3710,150,414
2020-10-27,Kalimantan Tengah,10,0,32,-22,4284,3742,150,392
2020-10-28,Kalimantan Tengah,4,0,17,-13,4288,3759,150,379
2020-10-29,Kalimantan Tengah,40,0,27,13,4328,3786,150,392
2020-10-30,Kalimantan Tengah,11,0,36,-25,4339,3822,150,367
2020-10-31,Kalimantan Tengah,5,0,25,-20,4344,3847,150,347
2020-11-01,Kalimantan Tengah,0,0,0,0,4344,3847,150,347
2020-11-02,Kalimantan Tengah,37,2,25,10,4381,3872,152,357
2020-11-03,Kalimantan Tengah,17,1,20,-4,4398,3892,153,353
2020-11-04,Kalimantan Tengah,20,2,16,2,4418,3908,155,355
2020-11-05,Kalimantan Tengah,50,1,18,31,4468,3926,156,386
2020-11-06,Kalimantan Tengah,49,3,30,16,4517,3956,159,402
2020-11-07,Kalimantan Tengah,42,1,10,31,4559,3966,160,433
2020-11-08,Kalimantan Tengah,53,0,6,47,4612,3972,160,480
2020-11-09,Kalimantan Tengah,35,1,19,15,4647,3991,161,495
2020-11-10,Kalimantan Tengah,20,2,25,-7,4667,4016,163,488
2020-11-11,Kalimantan Tengah,45,0,11,34,4712,4027,163,522
2020-11-12,Kalimantan Tengah,89,1,25,63,4801,4052,164,585
2020-11-13,Kalimantan Tengah,89,2,42,45,4890,4094,166,630
2020-11-14,Kalimantan Tengah,36,1,20,15,4926,4114,167,645
2020-11-15,Kalimantan Tengah,50,0,16,34,4976,4130,167,679
2020-11-16,Kalimantan Tengah,0,0,0,0,4976,4130,167,679
2020-11-17,Kalimantan Tengah,65,2,58,5,5041,4188,169,684
2020-11-18,Kalimantan Tengah,45,1,26,18,5086,4214,170,702
2020-11-19,Kalimantan Tengah,20,5,29,-14,5106,4243,175,688
2020-11-20,Kalimantan Tengah,65,1,21,43,5171,4264,176,731
2020-11-21,Kalimantan Tengah,58,1,42,15,5229,4306,177,746
2020-11-22,Kalimantan Tengah,131,3,31,97,5360,4337,180,843
2020-11-23,Kalimantan Tengah,85,3,35,47,5445,4372,183,890
2020-11-24,Kalimantan Tengah,51,0,30,21,5496,4402,183,911
2020-11-25,Kalimantan Tengah,58,0,40,18,5554,4442,183,929
2020-11-26,Kalimantan Tengah,49,3,49,-3,5603,4491,186,926
2020-11-27,Kalimantan Tengah,86,4,57,25,5689,4548,190,951
2020-11-28,Kalimantan Tengah,86,2,46,38,5775,4594,192,989
2020-11-29,Kalimantan Tengah,157,1,47,109,5932,4641,193,1098
2020-11-30,Kalimantan Tengah,0,0,0,0,5932,4641,193,1098
2020-12-01,Kalimantan Tengah,190,0,0,190,6122,4641,193,1288
2020-12-02,Kalimantan Tengah,82,0,0,82,6204,4641,193,1370
2020-12-03,Kalimantan Tengah,157,0,0,157,6361,4641,193,1527
2020-12-04,Kalimantan Tengah,0,0,0,0,6361,4641,193,1527
2020-12-05,Kalimantan Tengah,260,0,100,160,6621,4741,193,1687
2020-12-06,Kalimantan Tengah,0,0,0,0,6621,4741,193,1687
2020-12-07,Kalimantan Tengah,209,0,0,209,6830,4741,193,1896
2020-12-08,Kalimantan Tengah,194,0,0,194,7024,4741,193,2090
2020-12-09,Kalimantan Tengah,229,0,100,129,7253,4841,193,2219
2020-12-10,Kalimantan Tengah,205,0,0,205,7458,4841,193,2424
2020-12-11,Kalimantan Tengah,216,0,0,216,7674,4841,193,2640
2020-12-12,Kalimantan Tengah,116,0,0,116,7790,4841,193,2756
2020-12-13,Kalimantan Tengah,150,2,0,148,7940,4841,195,2904
2020-12-14,Kalimantan Tengah,73,0,0,73,8013,4841,195,2977
2020-12-15,Kalimantan Tengah,106,0,0,106,8119,4841,195,3083
2020-12-16,Kalimantan Tengah,0,0,0,0,8119,4841,195,3083
2020-12-17,Kalimantan Tengah,95,0,100,-5,8214,4941,195,3078
2020-12-18,Kalimantan Tengah,112,1,0,111,8326,4941,196,3189
2020-12-19,Kalimantan Tengah,154,2,3,149,8480,4944,198,3338
2020-12-20,Kalimantan Tengah,137,0,300,-163,8617,5244,198,3175
2020-12-21,Kalimantan Tengah,296,0,0,296,8913,5244,198,3471
2020-12-22,Kalimantan Tengah,142,0,100,42,9055,5344,198,3513
2020-12-23,Kalimantan Tengah,101,0,0,101,9156,5344,198,3614
2020-12-24,Kalimantan Tengah,90,0,0,90,9246,5344,198,3704
2020-12-25,Kalimantan Tengah,88,0,0,88,9334,5344,198,3792
2020-12-26,Kalimantan Tengah,80,0,0,80,9414,5344,198,3872
2020-12-27,Kalimantan Tengah,85,0,398,-313,9499,5742,198,3559
2020-12-28,Kalimantan Tengah,43,0,0,43,9542,5742,198,3602
2020-12-29,Kalimantan Tengah,74,0,0,74,9616,5742,198,3676
2020-12-30,Kalimantan Tengah,56,1,113,-58,9672,5855,199,3618
2020-12-31,Kalimantan Tengah,68,0,600,-532,9740,6455,199,3086
2021-01-01,Kalimantan Tengah,95,0,200,-105,9835,6655,199,2981
2021-01-02,Kalimantan Tengah,59,0,100,-41,9894,6755,199,2940
2021-01-03,Kalimantan Tengah,64,0,200,-136,9958,6955,199,2804
2021-01-04,Kalimantan Tengah,24,0,214,-190,9982,7169,199,2614
2021-01-05,Kalimantan Tengah,60,0,3,57,10042,7172,199,2671
2021-01-06,Kalimantan Tengah,66,0,203,-137,10108,7375,199,2534
2021-01-07,Kalimantan Tengah,76,0,305,-229,10184,7680,199,2305
2021-01-08,Kalimantan Tengah,114,0,123,-9,10298,7803,199,2296
2021-01-09,Kalimantan Tengah,54,0,100,-46,10352,7903,199,2250
2021-01-10,Kalimantan Tengah,94,1,200,-107,10446,8103,200,2143
2021-01-11,Kalimantan Tengah,60,1,107,-48,10506,8210,201,2095
2021-01-12,Kalimantan Tengah,68,0,301,-233,10574,8511,201,1862
2021-01-13,Kalimantan Tengah,74,0,102,-28,10648,8613,201,1834
2021-01-14,Kalimantan Tengah,71,0,0,71,10719,8613,201,1905
2021-01-15,Kalimantan Tengah,84,0,200,-116,10803,8813,201,1789
2021-01-16,Kalimantan Tengah,97,0,199,-102,10900,9012,201,1687
2021-01-17,Kalimantan Tengah,95,1,0,94,10995,9012,202,1781
2021-01-18,Kalimantan Tengah,40,0,98,-58,11035,9110,202,1723
2021-01-19,Kalimantan Tengah,65,0,200,-135,11100,9310,202,1588
2021-01-20,Kalimantan Tengah,62,1,0,61,11162,9310,203,1649
2021-01-21,Kalimantan Tengah,54,0,0,54,11216,9310,203,1703
2021-01-22,Kalimantan Tengah,65,1,0,64,11281,9310,204,1767
2021-01-23,Kalimantan Tengah,86,1,100,-15,11367,9410,205,1752
2021-01-24,Kalimantan Tengah,134,1,58,75,11501,9468,206,1827
2021-01-25,Kalimantan Tengah,45,2,82,-39,11546,9550,208,1788
2021-01-26,Kalimantan Tengah,31,0,137,-106,11577,9687,208,1682
2021-01-27,Kalimantan Tengah,62,1,108,-47,11639,9795,209,1635
2021-01-28,Kalimantan Tengah,62,0,17,45,11701,9812,209,1680
2021-01-29,Kalimantan Tengah,133,2,100,31,11834,9912,211,1711
2021-01-30,Kalimantan Tengah,76,0,147,-71,11910,10059,211,1640
2021-01-31,Kalimantan Tengah,66,0,101,-35,11976,10160,211,1605
2021-02-01,Kalimantan Tengah,62,0,89,-27,12038,10249,211,1578
2021-02-02,Kalimantan Tengah,98,0,100,-2,12136,10349,211,1576
2021-02-03,Kalimantan Tengah,19,95,2,-78,12155,10351,306,1498
2021-02-04,Kalimantan Tengah,50,0,83,-33,12205,10434,306,1465
2021-02-05,Kalimantan Tengah,80,0,101,-21,12285,10535,306,1444
2021-02-06,Kalimantan Tengah,67,0,132,-65,12352,10667,306,1379
2021-02-07,Kalimantan Tengah,61,0,17,44,12413,10684,306,1423
2021-02-08,Kalimantan Tengah,43,1,128,-86,12456,10812,307,1337
2021-02-09,Kalimantan Tengah,32,1,102,-71,12488,10914,308,1266
2021-02-10,Kalimantan Tengah,30,0,100,-70,12518,11014,308,1196
2021-02-11,Kalimantan Tengah,31,1,71,-41,12549,11085,309,1155
2021-02-12,Kalimantan Tengah,78,1,69,8,12627,11154,310,1163
2021-02-13,Kalimantan Tengah,101,0,97,4,12728,11251,310,1167
2021-02-14,Kalimantan Tengah,36,0,101,-65,12764,11352,310,1102
2021-02-15,Kalimantan Tengah,41,0,0,41,12805,11352,310,1143
2021-02-16,Kalimantan Tengah,50,0,89,-39,12855,11441,310,1104
2021-02-17,Kalimantan Tengah,32,0,61,-29,12887,11502,310,1075
2021-02-18,Kalimantan Tengah,86,1,63,22,12973,11565,311,1097
2021-02-19,Kalimantan Tengah,99,2,91,6,13072,11656,313,1103
2021-02-20,Kalimantan Tengah,95,1,48,46,13167,11704,314,1149
2021-02-21,Kalimantan Tengah,148,2,28,118,13315,11732,316,1267
2021-02-22,Kalimantan Tengah,64,1,168,-105,13379,11900,317,1162
2021-02-23,Kalimantan Tengah,75,0,127,-52,13454,12027,317,1110
2021-02-24,Kalimantan Tengah,62,5,71,-14,13516,12098,322,1096
2021-02-25,Kalimantan Tengah,52,2,59,-9,13568,12157,324,1087
2021-02-26,Kalimantan Tengah,112,0,12,100,13680,12169,324,1187
2021-02-27,Kalimantan Tengah,97,1,35,61,13777,12204,325,1248
2021-02-28,Kalimantan Tengah,74,0,61,13,13851,12265,325,1261
2021-03-01,Kalimantan Tengah,73,3,18,52,13924,12283,328,1313
2021-03-02,Kalimantan Tengah,84,0,53,31,14008,12336,328,1344
2021-03-03,Kalimantan Tengah,94,2,34,58,14102,12370,330,1402
2021-03-04,Kalimantan Tengah,68,0,35,33,14170,12405,330,1435
2021-03-05,Kalimantan Tengah,152,5,41,106,14322,12446,335,1541
2021-03-06,Kalimantan Tengah,122,2,84,36,14444,12530,337,1577
2021-03-07,Kalimantan Tengah,118,0,21,97,14562,12551,337,1674
2021-03-08,Kalimantan Tengah,70,4,21,45,14632,12572,341,1719
2021-03-09,Kalimantan Tengah,133,4,81,48,14765,12653,345,1767
2021-03-10,Kalimantan Tengah,94,3,7,84,14859,12660,348,1851
2021-03-11,Kalimantan Tengah,47,8,144,-105,14906,12804,356,1746
2021-03-12,Kalimantan Tengah,62,4,175,-117,14968,12979,360,1629
2021-03-13,Kalimantan Tengah,97,3,13,81,15065,12992,363,1710
2021-03-14,Kalimantan Tengah,125,5,0,120,15190,12992,368,1830
2021-03-15,Kalimantan Tengah,125,2,64,59,15315,13056,370,1889
2021-03-16,Kalimantan Tengah,83,1,22,60,15398,13078,371,1949
2021-03-17,Kalimantan Tengah,153,1,60,92,15551,13138,372,2041
2021-03-18,Kalimantan Tengah,76,3,118,-45,15627,13256,375,1996
2021-03-19,Kalimantan Tengah,113,1,64,48,15740,13320,376,2044
2021-03-20,Kalimantan Tengah,88,1,41,46,15828,13361,377,2090
2021-03-21,Kalimantan Tengah,201,0,8,193,16029,13369,377,2283
2021-03-22,Kalimantan Tengah,87,7,107,-27,16116,13476,384,2256
2021-03-23,Kalimantan Tengah,148,0,32,116,16264,13508,384,2372
2021-03-24,Kalimantan Tengah,161,0,70,91,16425,13578,384,2463
2021-03-25,Kalimantan Tengah,107,0,19,88,16532,13597,384,2551
2021-03-26,Kalimantan Tengah,95,0,90,5,16627,13687,384,2556
2021-03-27,Kalimantan Tengah,183,0,55,128,16810,13742,384,2684
2021-03-28,Kalimantan Tengah,111,0,40,71,16921,13782,384,2755
2021-03-29,Kalimantan Tengah,72,0,47,25,16993,13829,384,2780
2021-03-30,Kalimantan Tengah,79,4,154,-79,17072,13983,388,2701
2021-03-31,Kalimantan Tengah,168,0,63,105,17240,14046,388,2806
2021-04-01,Kalimantan Tengah,63,1,66,-4,17303,14112,389,2802
2021-04-02,Kalimantan Tengah,104,0,72,32,17407,14184,389,2834
2021-04-03,Kalimantan Tengah,90,3,30,57,17497,14214,392,2891
2021-04-04,Kalimantan Tengah,92,2,42,48,17589,14256,394,2939
2021-04-05,Kalimantan Tengah,106,2,142,-38,17695,14398,396,2901
2021-04-06,Kalimantan Tengah,70,0,134,-64,17765,14532,396,2837
2021-04-07,Kalimantan Tengah,81,2,167,-88,17846,14699,398,2749
2021-04-08,Kalimantan Tengah,64,1,8,55,17910,14707,399,2804
2021-04-09,Kalimantan Tengah,111,2,29,80,18021,14736,401,2884
2021-04-10,Kalimantan Tengah,114,5,115,-6,18135,14851,406,2878
2021-04-11,Kalimantan Tengah,143,0,333,-190,18278,15184,406,2688
2021-04-12,Kalimantan Tengah,76,1,139,-64,18354,15323,407,2624
2021-04-13,Kalimantan Tengah,107,0,77,30,18461,15400,407,2654
2021-04-14,Kalimantan Tengah,82,14,540,-472,18543,15940,421,2182
2021-04-15,Kalimantan Tengah,85,1,33,51,18628,15973,422,2233
2021-04-16,Kalimantan Tengah,116,1,58,57,18744,16031,423,2290
2021-04-17,Kalimantan Tengah,117,5,23,89,18861,16054,428,2379
2021-04-18,Kalimantan Tengah,92,2,10,80,18953,16064,430,2459
2021-04-19,Kalimantan Tengah,78,1,178,-101,19031,16242,431,2358
2021-04-20,Kalimantan Tengah,142,1,24,117,19173,16266,432,2475
2021-04-21,Kalimantan Tengah,97,2,61,34,19270,16327,434,2509
2021-04-22,Kalimantan Tengah,71,1,5,65,19341,16332,435,2574
2021-04-23,Kalimantan Tengah,85,0,53,32,19426,16385,435,2606
2021-04-24,Kalimantan Tengah,119,3,56,60,19545,16441,438,2666
2021-04-25,Kalimantan Tengah,81,0,8,73,19626,16449,438,2739
2021-04-26,Kalimantan Tengah,97,1,37,59,19723,16486,439,2798
2021-04-27,Kalimantan Tengah,57,1,21,35,19780,16507,440,2833
2021-04-28,Kalimantan Tengah,118,2,80,36,19898,16587,442,2869
2021-04-29,Kalimantan Tengah,62,4,348,-290,19960,16935,446,2579
2021-04-30,Kalimantan Tengah,111,2,20,89,20071,16955,448,2668
2021-05-01,Kalimantan Tengah,108,1,12,95,20179,16967,449,2763
2021-05-02,Kalimantan Tengah,49,3,13,33,20228,16980,452,2796
2021-05-03,Kalimantan Tengah,74,0,167,-93,20302,17147,452,2703
2021-05-04,Kalimantan Tengah,101,0,243,-142,20403,17390,452,2561
2021-05-05,Kalimantan Tengah,91,1,338,-248,20494,17728,453,2313
2021-05-06,Kalimantan Tengah,74,0,41,33,20568,17769,453,2346
2021-05-07,Kalimantan Tengah,84,0,125,-41,20652,17894,453,2305
2021-05-08,Kalimantan Tengah,125,2,51,72,20777,17945,455,2377
2021-05-09,Kalimantan Tengah,90,0,21,69,20867,17966,455,2446
2021-05-10,Kalimantan Tengah,61,4,149,-92,20928,18115,459,2354
2021-05-11,Kalimantan Tengah,58,9,57,-8,20986,18172,468,2346
2021-05-12,Kalimantan Tengah,79,1,50,28,21065,18222,469,2374
2021-05-13,Kalimantan Tengah,59,0,3,56,21124,18225,469,2430
2021-05-14,Kalimantan Tengah,55,0,3,52,21179,18228,469,2482
2021-05-15,Kalimantan Tengah,27,7,113,-93,21206,18341,476,2389
2021-05-16,Kalimantan Tengah,46,1,39,6,21252,18380,477,2395
2021-05-17,Kalimantan Tengah,57,6,160,-109,21309,18540,483,2286
2021-05-18,Kalimantan Tengah,83,2,52,29,21392,18592,485,2315
2021-05-19,Kalimantan Tengah,82,0,13,69,21474,18605,485,2384
2021-05-20,Kalimantan Tengah,94,0,87,7,21568,18692,485,2391
2021-05-21,Kalimantan Tengah,92,4,68,20,21660,18760,489,2411
2021-05-22,Kalimantan Tengah,96,0,13,83,21756,18773,489,2494
2021-05-23,Kalimantan Tengah,96,0,2,94,21852,18775,489,2588
2021-05-24,Kalimantan Tengah,68,2,84,-18,21920,18859,491,2570
2021-05-25,Kalimantan Tengah,71,2,76,-7,21991,18935,493,2563
2021-05-26,Kalimantan Tengah,91,1,81,9,22082,19016,494,2572
2021-05-27,Kalimantan Tengah,60,3,30,27,22142,19046,497,2599
2021-05-28,Kalimantan Tengah,82,1,11,70,22224,19057,498,2669
2021-05-29,Kalimantan Tengah,155,2,13,140,22379,19070,500,2809
2021-05-30,Kalimantan Tengah,111,2,23,86,22490,19093,502,2895
2021-05-31,Kalimantan Tengah,73,1,116,-44,22563,19209,503,2851
2021-06-01,Kalimantan Tengah,64,0,10,54,22627,19219,503,2905
2021-06-02,Kalimantan Tengah,81,1,157,-77,22708,19376,504,2828
2021-06-03,Kalimantan Tengah,128,7,68,53,22836,19444,511,2881
2021-06-04,Kalimantan Tengah,119,2,31,86,22955,19475,513,2967
2021-06-05,Kalimantan Tengah,90,1,10,79,23045,19485,514,3046
2021-06-06,Kalimantan Tengah,45,2,14,29,23090,19499,516,3075
2021-06-07,Kalimantan Tengah,90,0,17,73,23180,19516,516,3148
2021-06-08,Kalimantan Tengah,127,0,65,62,23307,19581,516,3210
2021-06-09,Kalimantan Tengah,67,2,116,-51,23374,19697,518,3159
2021-06-10,Kalimantan Tengah,106,0,55,51,23480,19752,518,3210
2021-06-11,Kalimantan Tengah,66,2,24,40,23546,19776,520,3250
2021-06-12,Kalimantan Tengah,120,1,25,94,23666,19801,521,3344
2021-06-13,Kalimantan Tengah,97,0,0,97,23763,19801,521,3441
2021-06-14,Kalimantan Tengah,46,1,166,-121,23809,19967,522,3320
2021-06-15,Kalimantan Tengah,95,0,61,34,23904,20028,522,3354
2021-06-16,Kalimantan Tengah,94,1,17,76,23998,20045,523,3430
2021-06-17,Kalimantan Tengah,85,0,12,73,24083,20057,523,3503
2021-06-18,Kalimantan Tengah,119,0,89,30,24202,20146,523,3533
2021-06-19,Kalimantan Tengah,88,1,28,59,24290,20174,524,3592
2021-06-20,Kalimantan Tengah,75,2,12,61,24365,20186,526,3653
2021-06-21,Kalimantan Tengah,70,0,97,-27,24435,20283,526,3626
2021-06-22,Kalimantan Tengah,135,1,17,117,24570,20300,527,3743
2021-06-23,Kalimantan Tengah,96,0,6,90,24666,20306,527,3833
2021-06-24,Kalimantan Tengah,172,1,7,164,24838,20313,528,3997
2021-06-25,Kalimantan Tengah,129,11,52,66,24967,20365,539,4063
2021-06-26,Kalimantan Tengah,174,0,14,160,25141,20379,539,4223
2021-06-27,Kalimantan Tengah,160,2,21,137,25301,20400,541,4360
2021-06-28,Kalimantan Tengah,106,2,78,26,25407,20478,543,4386
2021-06-29,Kalimantan Tengah,146,0,13,133,25553,20491,543,4519
2021-06-30,Kalimantan Tengah,188,1,17,170,25741,20508,544,4689
2021-07-01,Kalimantan Tengah,256,2,64,190,25997,20572,546,4879
2021-07-02,Kalimantan Tengah,210,0,34,176,26207,20606,546,5055
2021-07-03,Kalimantan Tengah,272,2,51,219,26479,20657,548,5274
2021-07-04,Kalimantan Tengah,240,0,99,141,26719,20756,548,5415
2021-07-05,Kalimantan Tengah,139,1,49,89,26858,20805,549,5504
2021-07-06,Kalimantan Tengah,198,1,17,180,27056,20822,550,5684
2021-07-07,Kalimantan Tengah,286,1,38,247,27342,20860,551,5931
2021-07-08,Kalimantan Tengah,250,3,23,224,27592,20883,554,6155
2021-07-09,Kalimantan Tengah,216,0,144,72,27808,21027,554,6227
2021-07-10,Kalimantan Tengah,232,3,84,145,28040,21111,557,6372
2021-07-11,Kalimantan Tengah,261,3,44,214,28301,21155,560,6586
2021-07-12,Kalimantan Tengah,303,1,85,217,28604,21240,561,6803
2021-07-13,Kalimantan Tengah,253,7,93,153,28857,21333,568,6956
2021-07-14,Kalimantan Tengah,281,2,225,54,29138,21558,570,7010
2021-07-15,Kalimantan Tengah,258,0,13,245,29396,21571,570,7255
2021-07-16,Kalimantan Tengah,270,1,71,198,29666,21642,571,7453
2021-07-17,Kalimantan Tengah,376,1,5,370,30042,21647,572,7823
2021-07-18,Kalimantan Tengah,305,11,160,134,30347,21807,583,7957
2021-07-19,Kalimantan Tengah,123,8,140,-25,30470,21947,591,7932
2021-07-20,Kalimantan Tengah,348,1,475,-128,30818,22422,592,7804
2021-07-21,Kalimantan Tengah,244,11,225,8,31062,22647,603,7812
2021-07-22,Kalimantan Tengah,339,8,350,-19,31401,22997,611,7793
2021-07-23,Kalimantan Tengah,348,12,515,-179,31749,23512,623,7614
2021-07-24,Kalimantan Tengah,381,25,456,-100,32130,23968,648,7514
2021-07-25,Kalimantan Tengah,450,2,294,154,32580,24262,650,7668
2021-07-26,Kalimantan Tengah,424,2,607,-185,33004,24869,652,7483
2021-07-27,Kalimantan Tengah,254,14,350,-110,33258,25219,666,7373
2021-07-28,Kalimantan Tengah,416,36,450,-70,33674,25669,702,7303
2021-07-29,Kalimantan Tengah,379,41,425,-87,34053,26094,743,7216
2021-07-30,Kalimantan Tengah,247,101,455,-309,34300,26549,844,6907
2021-07-31,Kalimantan Tengah,446,46,2192,-1792,34746,28741,890,5115
2021-08-01,Kalimantan Tengah,309,11,258,40,35055,28999,901,5155
2020-03-14,Kalimantan Timur,3,0,0,3,3,0,0,3
2020-03-15,Kalimantan Timur,2,0,0,2,5,0,0,5
2020-03-16,Kalimantan Timur,1,0,0,1,6,0,0,6
2020-03-17,Kalimantan Timur,1,0,0,1,7,0,0,7
2020-03-18,Kalimantan Timur,0,0,0,0,7,0,0,7
2020-03-19,Kalimantan Timur,0,0,0,0,7,0,0,7
2020-03-20,Kalimantan Timur,0,0,0,0,7,0,0,7
2020-03-21,Kalimantan Timur,0,0,0,0,7,0,0,7
2020-03-22,Kalimantan Timur,0,0,0,0,7,0,0,7
2020-03-23,Kalimantan Timur,1,0,0,1,8,0,0,8
2020-03-24,Kalimantan Timur,0,0,0,0,8,0,0,8
2020-03-25,Kalimantan Timur,0,0,0,0,8,0,0,8
2020-03-26,Kalimantan Timur,0,0,0,0,8,0,0,8
2020-03-27,Kalimantan Timur,0,0,0,0,8,0,0,8
2020-03-28,Kalimantan Timur,5,0,0,5,13,0,0,13
2020-03-29,Kalimantan Timur,0,0,0,0,13,0,0,13
2020-03-30,Kalimantan Timur,0,0,0,0,13,0,0,13
2020-03-31,Kalimantan Timur,3,1,0,2,16,0,1,15
2020-04-01,Kalimantan Timur,1,0,0,1,17,0,1,16
2020-04-02,Kalimantan Timur,0,0,0,0,17,0,1,16
2020-04-03,Kalimantan Timur,1,0,0,1,18,0,1,17
2020-04-04,Kalimantan Timur,2,0,1,1,20,1,1,18
2020-04-05,Kalimantan Timur,1,0,0,1,21,1,1,19
2020-04-06,Kalimantan Timur,6,0,0,6,27,1,1,25
2020-04-07,Kalimantan Timur,0,0,0,0,27,1,1,25
2020-04-08,Kalimantan Timur,1,0,0,1,28,1,1,26
2020-04-09,Kalimantan Timur,1,0,5,-4,29,6,1,22
2020-04-10,Kalimantan Timur,4,0,0,4,33,6,1,26
2020-04-11,Kalimantan Timur,0,0,0,0,33,6,1,26
2020-04-12,Kalimantan Timur,0,0,0,0,33,6,1,26
2020-04-13,Kalimantan Timur,0,0,0,0,33,6,1,26
2020-04-14,Kalimantan Timur,0,0,0,0,33,6,1,26
2020-04-15,Kalimantan Timur,0,0,0,0,33,6,1,26
2020-04-16,Kalimantan Timur,9,0,5,4,42,11,1,30
2020-04-17,Kalimantan Timur,0,0,1,-1,42,12,1,29
2020-04-18,Kalimantan Timur,10,0,0,10,52,12,1,39
2020-04-19,Kalimantan Timur,5,0,0,5,57,12,1,44
2020-04-20,Kalimantan Timur,4,0,0,4,61,12,1,48
2020-04-21,Kalimantan Timur,5,0,0,5,66,12,1,53
2020-04-22,Kalimantan Timur,1,0,0,1,67,12,1,54
2020-04-23,Kalimantan Timur,5,0,0,5,72,12,1,59
2020-04-24,Kalimantan Timur,11,0,2,9,83,14,1,68
2020-04-25,Kalimantan Timur,12,0,0,12,95,14,1,80
2020-04-26,Kalimantan Timur,8,0,1,7,103,15,1,87
2020-04-27,Kalimantan Timur,2,0,1,1,105,16,1,88
2020-04-28,Kalimantan Timur,8,0,0,8,113,16,1,96
2020-04-29,Kalimantan Timur,4,0,0,4,117,16,1,100
2020-04-30,Kalimantan Timur,15,0,0,15,132,16,1,115
2020-05-01,Kalimantan Timur,3,0,1,2,135,17,1,117
2020-05-02,Kalimantan Timur,18,0,0,18,153,17,1,135
2020-05-03,Kalimantan Timur,8,0,0,8,161,17,1,143
2020-05-04,Kalimantan Timur,5,1,0,4,166,17,2,147
2020-05-05,Kalimantan Timur,1,0,0,1,167,17,2,148
2020-05-06,Kalimantan Timur,14,0,0,14,181,17,2,162
2020-05-07,Kalimantan Timur,0,0,0,0,181,17,2,162
2020-05-08,Kalimantan Timur,27,0,9,18,208,26,2,180
2020-05-09,Kalimantan Timur,5,0,6,-1,213,32,2,179
2020-05-10,Kalimantan Timur,4,0,3,1,217,35,2,180
2020-05-11,Kalimantan Timur,7,1,4,2,224,39,3,182
2020-05-12,Kalimantan Timur,3,0,3,0,227,42,3,182
2020-05-13,Kalimantan Timur,2,0,5,-3,229,47,3,179
2020-05-14,Kalimantan Timur,8,0,11,-3,237,58,3,176
2020-05-15,Kalimantan Timur,13,0,4,9,250,62,3,185
2020-05-16,Kalimantan Timur,2,0,2,0,252,64,3,185
2020-05-17,Kalimantan Timur,1,0,2,-1,253,66,3,184
2020-05-18,Kalimantan Timur,1,0,10,-9,254,76,3,175
2020-05-19,Kalimantan Timur,3,0,5,-2,257,81,3,173
2020-05-20,Kalimantan Timur,6,0,4,2,263,85,3,175
2020-05-21,Kalimantan Timur,2,0,11,-9,265,96,3,166
2020-05-22,Kalimantan Timur,5,0,6,-1,270,102,3,165
2020-05-23,Kalimantan Timur,3,0,3,0,273,105,3,165
2020-05-24,Kalimantan Timur,2,0,0,2,275,105,3,167
2020-05-25,Kalimantan Timur,1,0,16,-15,276,121,3,152
2020-05-26,Kalimantan Timur,1,0,1,0,277,122,3,152
2020-05-27,Kalimantan Timur,3,0,5,-2,280,127,3,150
2020-05-28,Kalimantan Timur,1,0,6,-5,281,133,3,145
2020-05-29,Kalimantan Timur,4,0,9,-5,285,142,3,140
2020-05-30,Kalimantan Timur,6,0,18,-12,291,160,3,128
2020-05-31,Kalimantan Timur,4,0,11,-7,295,171,3,121
2020-06-01,Kalimantan Timur,2,0,3,-1,297,174,3,120
2020-06-02,Kalimantan Timur,1,0,1,0,298,175,3,120
2020-06-03,Kalimantan Timur,12,0,2,10,310,177,3,130
2020-06-04,Kalimantan Timur,6,0,7,-1,316,184,3,129
2020-06-05,Kalimantan Timur,1,0,0,1,317,184,3,130
2020-06-06,Kalimantan Timur,10,0,22,-12,327,206,3,118
2020-06-07,Kalimantan Timur,2,0,4,-2,329,210,3,116
2020-06-08,Kalimantan Timur,9,0,3,6,338,213,3,122
2020-06-09,Kalimantan Timur,13,0,3,10,351,216,3,132
2020-06-10,Kalimantan Timur,11,0,5,6,362,221,3,138
2020-06-11,Kalimantan Timur,3,0,7,-4,365,228,3,134
2020-06-12,Kalimantan Timur,8,1,11,-4,373,239,4,130
2020-06-13,Kalimantan Timur,3,0,10,-7,376,249,4,123
2020-06-14,Kalimantan Timur,2,0,12,-10,378,261,4,113
2020-06-15,Kalimantan Timur,4,0,1,3,382,262,4,116
2020-06-16,Kalimantan Timur,10,0,13,-3,392,275,4,113
2020-06-17,Kalimantan Timur,5,0,17,-12,397,292,4,101
2020-06-18,Kalimantan Timur,8,0,19,-11,405,311,4,90
2020-06-19,Kalimantan Timur,12,0,3,9,417,314,4,99
2020-06-20,Kalimantan Timur,6,0,6,0,423,320,4,99
2020-06-21,Kalimantan Timur,11,1,3,7,434,323,5,106
2020-06-22,Kalimantan Timur,1,0,1,0,435,324,5,106
2020-06-23,Kalimantan Timur,12,0,1,11,447,325,5,117
2020-06-24,Kalimantan Timur,9,1,10,-2,456,335,6,115
2020-06-25,Kalimantan Timur,17,0,21,-4,473,356,6,111
2020-06-26,Kalimantan Timur,10,1,5,4,483,361,7,115
2020-06-27,Kalimantan Timur,11,0,5,6,494,366,7,121
2020-06-28,Kalimantan Timur,9,0,11,-2,503,377,7,119
2020-06-29,Kalimantan Timur,7,0,1,6,510,378,7,125
2020-06-30,Kalimantan Timur,8,0,9,-1,518,387,7,124
2020-07-01,Kalimantan Timur,7,0,15,-8,525,402,7,116
2020-07-02,Kalimantan Timur,6,0,14,-8,531,416,7,108
2020-07-03,Kalimantan Timur,13,1,10,2,544,426,8,110
2020-07-04,Kalimantan Timur,10,0,7,3,554,433,8,113
2020-07-05,Kalimantan Timur,30,0,3,27,584,436,8,140
2020-07-06,Kalimantan Timur,13,1,1,11,597,437,9,151
2020-07-07,Kalimantan Timur,6,2,16,-12,603,453,11,139
2020-07-08,Kalimantan Timur,14,0,9,5,617,462,11,144
2020-07-09,Kalimantan Timur,6,0,7,-1,623,469,11,143
2020-07-10,Kalimantan Timur,19,1,10,8,642,479,12,151
2020-07-11,Kalimantan Timur,31,0,12,19,673,491,12,170
2020-07-12,Kalimantan Timur,17,4,3,10,690,494,16,180
2020-07-13,Kalimantan Timur,5,1,10,-6,695,504,17,174
2020-07-14,Kalimantan Timur,27,0,8,19,722,512,17,193
2020-07-15,Kalimantan Timur,34,0,7,27,756,519,17,220
2020-07-16,Kalimantan Timur,24,0,15,9,780,534,17,229
2020-07-17,Kalimantan Timur,43,0,18,25,823,552,17,254
2020-07-18,Kalimantan Timur,25,0,13,12,848,565,17,266
2020-07-19,Kalimantan Timur,20,1,1,18,868,566,18,284
2020-07-20,Kalimantan Timur,25,1,20,4,893,586,19,288
2020-07-21,Kalimantan Timur,71,0,5,66,964,591,19,354
2020-07-22,Kalimantan Timur,30,3,31,-4,994,622,22,350
2020-07-23,Kalimantan Timur,40,0,50,-10,1034,672,22,340
2020-07-24,Kalimantan Timur,38,2,32,4,1072,704,24,344
2020-07-25,Kalimantan Timur,62,2,24,36,1134,728,26,380
2020-07-26,Kalimantan Timur,32,2,25,5,1166,753,28,385
2020-07-27,Kalimantan Timur,18,0,22,-4,1184,775,28,381
2020-07-28,Kalimantan Timur,66,0,34,32,1250,809,28,413
2020-07-29,Kalimantan Timur,57,0,47,10,1307,856,28,423
2020-07-30,Kalimantan Timur,70,2,30,38,1377,886,30,461
2020-07-31,Kalimantan Timur,49,1,15,33,1426,901,31,494
2020-08-01,Kalimantan Timur,7,1,7,-1,1433,908,32,493
2020-08-02,Kalimantan Timur,83,5,6,72,1516,914,37,565
2020-08-03,Kalimantan Timur,22,4,25,-7,1538,939,41,558
2020-08-04,Kalimantan Timur,60,1,37,22,1598,976,42,580
2020-08-05,Kalimantan Timur,67,0,56,11,1665,1032,42,591
2020-08-06,Kalimantan Timur,36,1,46,-11,1701,1078,43,580
2020-08-07,Kalimantan Timur,98,4,58,36,1799,1136,47,616
2020-08-08,Kalimantan Timur,35,1,28,6,1834,1164,48,622
2020-08-09,Kalimantan Timur,53,4,15,34,1887,1179,52,656
2020-08-10,Kalimantan Timur,45,4,83,-42,1932,1262,56,614
2020-08-11,Kalimantan Timur,128,3,68,57,2060,1330,59,671
2020-08-12,Kalimantan Timur,46,2,51,-7,2106,1381,61,664
2020-08-13,Kalimantan Timur,23,1,30,-8,2129,1411,62,656
2020-08-14,Kalimantan Timur,98,4,67,27,2227,1478,66,683
2020-08-15,Kalimantan Timur,56,1,12,43,2283,1490,67,726
2020-08-16,Kalimantan Timur,85,23,54,8,2368,1544,90,734
2020-08-17,Kalimantan Timur,116,5,66,45,2484,1610,95,779
2020-08-18,Kalimantan Timur,93,1,34,58,2577,1644,96,837
2020-08-19,Kalimantan Timur,91,3,56,32,2668,1700,99,869
2020-08-20,Kalimantan Timur,28,2,21,5,2696,1721,101,874
2020-08-21,Kalimantan Timur,195,5,52,138,2891,1773,106,1012
2020-08-22,Kalimantan Timur,129,1,84,44,3020,1857,107,1056
2020-08-23,Kalimantan Timur,80,15,51,14,3100,1908,122,1070
2020-08-24,Kalimantan Timur,44,3,10,31,3144,1918,125,1101
2020-08-25,Kalimantan Timur,141,9,168,-36,3285,2086,134,1065
2020-08-26,Kalimantan Timur,134,2,76,56,3419,2162,136,1121
2020-08-27,Kalimantan Timur,206,9,52,145,3625,2214,145,1266
2020-08-28,Kalimantan Timur,97,3,44,50,3722,2258,148,1316
2020-08-29,Kalimantan Timur,200,8,42,150,3922,2300,156,1466
2020-08-30,Kalimantan Timur,197,4,18,175,4119,2318,160,1641
2020-08-31,Kalimantan Timur,124,1,72,51,4243,2390,161,1692
2020-09-01,Kalimantan Timur,61,3,17,41,4304,2407,164,1733
2020-09-02,Kalimantan Timur,72,1,68,3,4376,2475,165,1736
2020-09-03,Kalimantan Timur,157,27,77,53,4533,2552,192,1789
2020-09-04,Kalimantan Timur,279,8,89,182,4812,2641,200,1971
2020-09-05,Kalimantan Timur,128,8,136,-16,4940,2777,208,1955
2020-09-06,Kalimantan Timur,186,7,178,1,5126,2955,215,1956
2020-09-07,Kalimantan Timur,62,3,10,49,5188,2965,218,2005
2020-09-08,Kalimantan Timur,87,8,56,23,5275,3021,226,2028
2020-09-09,Kalimantan Timur,80,2,97,-19,5355,3118,228,2009
2020-09-10,Kalimantan Timur,90,3,132,-45,5445,3250,231,1964
2020-09-11,Kalimantan Timur,153,3,101,49,5598,3351,234,2013
2020-09-12,Kalimantan Timur,153,5,100,48,5751,3451,239,2061
2020-09-13,Kalimantan Timur,174,2,143,29,5925,3594,241,2090
2020-09-14,Kalimantan Timur,123,2,181,-60,6048,3775,243,2030
2020-09-15,Kalimantan Timur,51,3,84,-36,6099,3859,246,1994
2020-09-16,Kalimantan Timur,217,5,178,34,6316,4037,251,2028
2020-09-17,Kalimantan Timur,169,5,102,62,6485,4139,256,2090
2020-09-18,Kalimantan Timur,119,7,166,-54,6604,4305,263,2036
2020-09-19,Kalimantan Timur,111,3,88,20,6715,4393,266,2056
2020-09-20,Kalimantan Timur,60,1,60,-1,6775,4453,267,2055
2020-09-21,Kalimantan Timur,178,6,75,97,6953,4528,273,2152
2020-09-22,Kalimantan Timur,114,5,152,-43,7067,4680,278,2109
2020-09-23,Kalimantan Timur,196,4,224,-32,7263,4904,282,2077
2020-09-24,Kalimantan Timur,195,5,123,67,7458,5027,287,2144
2020-09-25,Kalimantan Timur,392,8,55,329,7850,5082,295,2473
2020-09-26,Kalimantan Timur,219,2,98,119,8069,5180,297,2592
2020-09-27,Kalimantan Timur,140,3,144,-7,8209,5324,300,2585
2020-09-28,Kalimantan Timur,114,2,149,-37,8323,5473,302,2548
2020-09-29,Kalimantan Timur,114,12,50,52,8437,5523,314,2600
2020-09-30,Kalimantan Timur,213,19,253,-59,8650,5776,333,2541
2020-10-01,Kalimantan Timur,131,20,108,3,8781,5884,353,2544
2020-10-02,Kalimantan Timur,319,10,84,225,9100,5968,363,2769
2020-10-03,Kalimantan Timur,117,2,150,-35,9217,6118,365,2734
2020-10-04,Kalimantan Timur,228,3,232,-7,9445,6350,368,2727
2020-10-05,Kalimantan Timur,117,9,198,-90,9562,6548,377,2637
2020-10-06,Kalimantan Timur,200,3,150,47,9762,6698,380,2684
2020-10-07,Kalimantan Timur,202,4,109,89,9964,6807,384,2773
2020-10-08,Kalimantan Timur,238,12,236,-10,10202,7043,396,2763
2020-10-09,Kalimantan Timur,135,10,182,-57,10337,7225,406,2706
2020-10-10,Kalimantan Timur,131,6,134,-9,10468,7359,412,2697
2020-10-11,Kalimantan Timur,194,5,210,-21,10662,7569,417,2676
2020-10-12,Kalimantan Timur,66,2,61,3,10728,7630,419,2679
2020-10-13,Kalimantan Timur,108,3,32,73,10836,7662,422,2752
2020-10-14,Kalimantan Timur,210,5,273,-68,11046,7935,427,2684
2020-10-15,Kalimantan Timur,164,7,136,21,11210,8071,434,2705
2020-10-16,Kalimantan Timur,94,3,209,-118,11304,8280,437,2587
2020-10-17,Kalimantan Timur,197,1,272,-76,11501,8552,438,2511
2020-10-18,Kalimantan Timur,382,2,209,171,11883,8761,440,2682
2020-10-19,Kalimantan Timur,85,3,73,9,11968,8834,443,2691
2020-10-20,Kalimantan Timur,68,0,145,-77,12036,8979,443,2614
2020-10-21,Kalimantan Timur,183,6,121,56,12219,9100,449,2670
2020-10-22,Kalimantan Timur,259,8,185,66,12478,9285,457,2736
2020-10-23,Kalimantan Timur,223,2,236,-15,12701,9521,459,2721
2020-10-24,Kalimantan Timur,242,2,172,68,12943,9693,461,2789
2020-10-25,Kalimantan Timur,175,3,153,19,13118,9846,464,2808
2020-10-26,Kalimantan Timur,106,2,128,-24,13224,9974,466,2784
2020-10-27,Kalimantan Timur,123,4,214,-95,13347,10188,470,2689
2020-10-28,Kalimantan Timur,214,1,92,121,13561,10280,471,2810
2020-10-29,Kalimantan Timur,208,6,274,-72,13769,10554,477,2738
2020-10-30,Kalimantan Timur,205,1,254,-50,13974,10808,478,2688
2020-10-31,Kalimantan Timur,116,10,269,-163,14090,11077,488,2525
2020-11-01,Kalimantan Timur,168,5,185,-22,14258,11262,493,2503
2020-11-02,Kalimantan Timur,86,2,251,-167,14344,11513,495,2336
2020-11-03,Kalimantan Timur,152,4,277,-129,14496,11790,499,2207
2020-11-04,Kalimantan Timur,146,1,125,20,14642,11915,500,2227
2020-11-05,Kalimantan Timur,307,1,241,65,14949,12156,501,2292
2020-11-06,Kalimantan Timur,190,1,125,64,15139,12281,502,2356
2020-11-07,Kalimantan Timur,265,3,302,-40,15404,12583,505,2316
2020-11-08,Kalimantan Timur,201,6,213,-18,15605,12796,511,2298
2020-11-09,Kalimantan Timur,75,4,313,-242,15680,13109,515,2056
2020-11-10,Kalimantan Timur,123,4,144,-25,15803,13253,519,2031
2020-11-11,Kalimantan Timur,345,3,124,218,16148,13377,522,2249
2020-11-12,Kalimantan Timur,234,5,246,-17,16382,13623,527,2232
2020-11-13,Kalimantan Timur,277,3,333,-59,16659,13956,530,2173
2020-11-14,Kalimantan Timur,147,7,147,-7,16806,14103,537,2166
2020-11-15,Kalimantan Timur,206,4,298,-96,17012,14401,541,2070
2020-11-16,Kalimantan Timur,158,2,214,-58,17170,14615,543,2012
2020-11-17,Kalimantan Timur,171,0,218,-47,17341,14833,543,1965
2020-11-18,Kalimantan Timur,254,2,85,167,17595,14918,545,2132
2020-11-19,Kalimantan Timur,132,3,26,103,17727,14944,548,2235
2020-11-20,Kalimantan Timur,165,5,42,118,17892,14986,553,2353
2020-11-21,Kalimantan Timur,251,3,184,64,18143,15170,556,2417
2020-11-22,Kalimantan Timur,137,1,189,-53,18280,15359,557,2364
2020-11-23,Kalimantan Timur,132,2,64,66,18412,15423,559,2430
2020-11-24,Kalimantan Timur,90,5,130,-45,18502,15553,564,2385
2020-11-25,Kalimantan Timur,189,1,332,-144,18691,15885,565,2241
2020-11-26,Kalimantan Timur,221,9,124,88,18912,16009,574,2329
2020-11-27,Kalimantan Timur,165,7,183,-25,19077,16192,581,2304
2020-11-28,Kalimantan Timur,220,4,166,50,19297,16358,585,2354
2020-11-29,Kalimantan Timur,203,1,98,104,19500,16456,586,2458
2020-11-30,Kalimantan Timur,117,5,483,-371,19617,16939,591,2087
2020-12-01,Kalimantan Timur,127,1,160,-34,19744,17099,592,2053
2020-12-02,Kalimantan Timur,304,1,142,161,20048,17241,593,2214
2020-12-03,Kalimantan Timur,313,3,185,125,20361,17426,596,2339
2020-12-04,Kalimantan Timur,231,6,132,93,20592,17558,602,2432
2020-12-05,Kalimantan Timur,238,0,170,68,20830,17728,602,2500
2020-12-06,Kalimantan Timur,185,2,160,23,21015,17888,604,2523
2020-12-07,Kalimantan Timur,90,7,182,-99,21105,18070,611,2424
2020-12-08,Kalimantan Timur,257,3,238,16,21362,18308,614,2440
2020-12-09,Kalimantan Timur,279,6,154,119,21641,18462,620,2559
2020-12-10,Kalimantan Timur,109,7,210,-108,21750,18672,627,2451
2020-12-11,Kalimantan Timur,214,4,138,72,21964,18810,631,2523
2020-12-12,Kalimantan Timur,162,4,156,2,22126,18966,635,2525
2020-12-13,Kalimantan Timur,227,4,230,-7,22353,19196,639,2518
2020-12-14,Kalimantan Timur,116,4,189,-77,22469,19385,643,2441
2020-12-15,Kalimantan Timur,392,2,173,217,22861,19558,645,2658
2020-12-16,Kalimantan Timur,280,8,177,95,23141,19735,653,2753
2020-12-17,Kalimantan Timur,236,5,184,47,23377,19919,658,2800
2020-12-18,Kalimantan Timur,282,4,165,113,23659,20084,662,2913
2020-12-19,Kalimantan Timur,268,6,243,19,23927,20327,668,2932
2020-12-20,Kalimantan Timur,155,10,167,-22,24082,20494,678,2910
2020-12-21,Kalimantan Timur,211,5,295,-89,24293,20789,683,2821
2020-12-22,Kalimantan Timur,182,7,91,84,24475,20880,690,2905
2020-12-23,Kalimantan Timur,418,6,187,225,24893,21067,696,3130
2020-12-24,Kalimantan Timur,372,6,212,154,25265,21279,702,3284
2020-12-25,Kalimantan Timur,218,8,179,31,25483,21458,710,3315
2020-12-26,Kalimantan Timur,287,8,193,86,25770,21651,718,3401
2020-12-27,Kalimantan Timur,200,3,267,-70,25970,21918,721,3331
2020-12-28,Kalimantan Timur,109,6,171,-68,26079,22089,727,3263
2020-12-29,Kalimantan Timur,314,4,238,72,26393,22327,731,3335
2020-12-30,Kalimantan Timur,319,7,238,74,26712,22565,738,3409
2020-12-31,Kalimantan Timur,364,5,241,118,27076,22806,743,3527
2021-01-01,Kalimantan Timur,299,12,205,82,27375,23011,755,3609
2021-01-02,Kalimantan Timur,213,4,235,-26,27588,23246,759,3583
2021-01-03,Kalimantan Timur,305,4,218,83,27893,23464,763,3666
2021-01-04,Kalimantan Timur,185,6,192,-13,28078,23656,769,3653
2021-01-05,Kalimantan Timur,281,8,275,-2,28359,23931,777,3651
2021-01-06,Kalimantan Timur,375,5,182,188,28734,24113,782,3839
2021-01-07,Kalimantan Timur,479,7,262,210,29213,24375,789,4049
2021-01-08,Kalimantan Timur,512,8,254,250,29725,24629,797,4299
2021-01-09,Kalimantan Timur,394,7,194,193,30119,24823,804,4492
2021-01-10,Kalimantan Timur,393,4,315,74,30512,25138,808,4566
2021-01-11,Kalimantan Timur,227,11,309,-93,30739,25447,819,4473
2021-01-12,Kalimantan Timur,338,8,337,-7,31077,25784,827,4466
2021-01-13,Kalimantan Timur,507,3,263,241,31584,26047,830,4707
2021-01-14,Kalimantan Timur,407,13,257,137,31991,26304,843,4844
2021-01-15,Kalimantan Timur,598,9,294,295,32589,26598,852,5139
2021-01-16,Kalimantan Timur,570,8,305,257,33159,26903,860,5396
2021-01-17,Kalimantan Timur,455,13,393,49,33614,27296,873,5445
2021-01-18,Kalimantan Timur,354,8,345,1,33968,27641,881,5446
2021-01-19,Kalimantan Timur,463,9,388,66,34431,28029,890,5512
2021-01-20,Kalimantan Timur,543,11,325,207,34974,28354,901,5719
2021-01-21,Kalimantan Timur,496,11,294,191,35470,28648,912,5910
2021-01-22,Kalimantan Timur,580,9,362,209,36050,29010,921,6119
2021-01-23,Kalimantan Timur,609,11,323,275,36659,29333,932,6394
2021-01-24,Kalimantan Timur,432,7,391,34,37091,29724,939,6428
2021-01-25,Kalimantan Timur,325,7,459,-141,37416,30183,946,6287
2021-01-26,Kalimantan Timur,557,10,329,218,37973,30512,956,6505
2021-01-27,Kalimantan Timur,756,6,339,411,38729,30851,962,6916
2021-01-28,Kalimantan Timur,459,6,394,59,39188,31245,968,6975
2021-01-29,Kalimantan Timur,667,8,454,205,39855,31699,976,7180
2021-01-30,Kalimantan Timur,701,11,374,316,40556,32073,987,7496
2021-01-31,Kalimantan Timur,658,9,543,106,41214,32616,996,7602
2021-02-01,Kalimantan Timur,366,14,394,-42,41580,33010,1010,7560
2021-02-02,Kalimantan Timur,443,8,518,-83,42023,33528,1018,7477
2021-02-03,Kalimantan Timur,903,13,498,392,42926,34026,1031,7869
2021-02-04,Kalimantan Timur,732,14,704,14,43658,34730,1045,7883
2021-02-05,Kalimantan Timur,798,11,548,239,44456,35278,1056,8122
2021-02-06,Kalimantan Timur,607,23,492,92,45063,35770,1079,8214
2021-02-07,Kalimantan Timur,501,11,416,74,45564,36186,1090,8288
2021-02-08,Kalimantan Timur,344,10,433,-99,45908,36619,1100,8189
2021-02-09,Kalimantan Timur,550,9,503,38,46458,37122,1109,8227
2021-02-10,Kalimantan Timur,498,13,380,105,46956,37502,1122,8332
2021-02-11,Kalimantan Timur,643,9,791,-157,47599,38293,1131,8175
2021-02-12,Kalimantan Timur,931,13,543,375,48530,38836,1144,8550
2021-02-13,Kalimantan Timur,315,10,485,-180,48845,39321,1154,8370
2021-02-14,Kalimantan Timur,330,16,500,-186,49175,39821,1170,8184
2021-02-15,Kalimantan Timur,362,7,483,-128,49537,40304,1177,8056
2021-02-16,Kalimantan Timur,322,2,208,112,49859,40512,1179,8168
2021-02-17,Kalimantan Timur,452,10,253,189,50311,40765,1189,8357
2021-02-18,Kalimantan Timur,517,11,491,15,50828,41256,1200,8372
2021-02-19,Kalimantan Timur,718,15,549,154,51546,41805,1215,8526
2021-02-20,Kalimantan Timur,553,17,806,-270,52099,42611,1232,8256
2021-02-21,Kalimantan Timur,406,12,602,-208,52505,43213,1244,8048
2021-02-22,Kalimantan Timur,404,14,504,-114,52909,43717,1258,7934
2021-02-23,Kalimantan Timur,431,7,535,-111,53340,44252,1265,7823
2021-02-24,Kalimantan Timur,423,15,537,-129,53763,44789,1280,7694
2021-02-25,Kalimantan Timur,395,10,728,-343,54158,45517,1290,7351
2021-02-26,Kalimantan Timur,485,7,426,52,54643,45943,1297,7403
2021-02-27,Kalimantan Timur,378,7,655,-284,55021,46598,1304,7119
2021-02-28,Kalimantan Timur,373,5,464,-96,55394,47062,1309,7023
2021-03-01,Kalimantan Timur,437,10,498,-71,55831,47560,1319,6952
2021-03-02,Kalimantan Timur,310,12,576,-278,56141,48136,1331,6674
2021-03-03,Kalimantan Timur,348,7,457,-116,56489,48593,1338,6558
2021-03-04,Kalimantan Timur,512,5,406,101,57001,48999,1343,6659
2021-03-05,Kalimantan Timur,294,7,508,-221,57295,49507,1350,6438
2021-03-06,Kalimantan Timur,396,4,468,-76,57691,49975,1354,6362
2021-03-07,Kalimantan Timur,350,9,398,-57,58041,50373,1363,6305
2021-03-08,Kalimantan Timur,142,7,390,-255,58183,50763,1370,6050
2021-03-09,Kalimantan Timur,260,6,433,-179,58443,51196,1376,5871
2021-03-10,Kalimantan Timur,296,8,443,-155,58739,51639,1384,5716
2021-03-11,Kalimantan Timur,438,9,458,-29,59177,52097,1393,5687
2021-03-12,Kalimantan Timur,207,9,356,-158,59384,52453,1402,5529
2021-03-13,Kalimantan Timur,264,2,240,22,59648,52693,1404,5551
2021-03-14,Kalimantan Timur,207,6,354,-153,59855,53047,1410,5398
2021-03-15,Kalimantan Timur,204,4,473,-273,60059,53520,1414,5125
2021-03-16,Kalimantan Timur,246,9,218,19,60305,53738,1423,5144
2021-03-17,Kalimantan Timur,241,2,337,-98,60546,54075,1425,5046
2021-03-18,Kalimantan Timur,329,11,384,-66,60875,54459,1436,4980
2021-03-19,Kalimantan Timur,270,6,279,-15,61145,54738,1442,4965
2021-03-20,Kalimantan Timur,224,7,339,-122,61369,55077,1449,4843
2021-03-21,Kalimantan Timur,218,8,374,-164,61587,55451,1457,4679
2021-03-22,Kalimantan Timur,71,7,409,-345,61658,55860,1464,4334
2021-03-23,Kalimantan Timur,234,2,332,-100,61892,56192,1466,4234
2021-03-24,Kalimantan Timur,275,6,378,-109,62167,56570,1472,4125
2021-03-25,Kalimantan Timur,319,9,427,-117,62486,56997,1481,4008
2021-03-26,Kalimantan Timur,247,6,629,-388,62733,57626,1487,3620
2021-03-27,Kalimantan Timur,196,3,299,-106,62929,57925,1490,3514
2021-03-28,Kalimantan Timur,164,4,366,-206,63093,58291,1494,3308
2021-03-29,Kalimantan Timur,124,3,300,-179,63217,58591,1497,3129
2021-03-30,Kalimantan Timur,246,10,279,-43,63463,58870,1507,3086
2021-03-31,Kalimantan Timur,200,3,161,36,63663,59031,1510,3122
2021-04-01,Kalimantan Timur,214,10,200,4,63877,59231,1520,3126
2021-04-02,Kalimantan Timur,238,5,215,18,64115,59446,1525,3144
2021-04-03,Kalimantan Timur,138,10,173,-45,64253,59619,1535,3099
2021-04-04,Kalimantan Timur,154,6,218,-70,64407,59837,1541,3029
2021-04-05,Kalimantan Timur,90,6,284,-200,64497,60121,1547,2829
2021-04-06,Kalimantan Timur,197,4,182,11,64694,60303,1551,2840
2021-04-07,Kalimantan Timur,163,7,432,-276,64857,60735,1558,2564
2021-04-08,Kalimantan Timur,153,1,197,-45,65010,60932,1559,2519
2021-04-09,Kalimantan Timur,205,1,238,-34,65215,61170,1560,2485
2021-04-10,Kalimantan Timur,187,5,247,-65,65402,61417,1565,2420
2021-04-11,Kalimantan Timur,202,7,251,-56,65604,61668,1572,2364
2021-04-12,Kalimantan Timur,97,7,162,-72,65701,61830,1579,2292
2021-04-13,Kalimantan Timur,158,1,214,-57,65859,62044,1580,2235
2021-04-14,Kalimantan Timur,196,3,185,8,66055,62229,1583,2243
2021-04-15,Kalimantan Timur,185,5,267,-87,66240,62496,1588,2156
2021-04-16,Kalimantan Timur,127,1,238,-112,66367,62734,1589,2044
2021-04-17,Kalimantan Timur,209,4,204,1,66576,62938,1593,2045
2021-04-18,Kalimantan Timur,186,3,198,-15,66762,63136,1596,2030
2021-04-19,Kalimantan Timur,116,7,170,-61,66878,63306,1603,1969
2021-04-20,Kalimantan Timur,149,4,174,-29,67027,63480,1607,1940
2021-04-21,Kalimantan Timur,187,2,145,40,67214,63625,1609,1980
2021-04-22,Kalimantan Timur,180,3,143,34,67394,63768,1612,2014
2021-04-23,Kalimantan Timur,188,3,181,4,67582,63949,1615,2018
2021-04-24,Kalimantan Timur,149,2,246,-99,67731,64195,1617,1919
2021-04-25,Kalimantan Timur,165,2,124,39,67896,64319,1619,1958
2021-04-26,Kalimantan Timur,82,4,186,-108,67978,64505,1623,1850
2021-04-27,Kalimantan Timur,158,6,208,-56,68136,64713,1629,1794
2021-04-28,Kalimantan Timur,186,5,147,34,68322,64860,1634,1828
2021-04-29,Kalimantan Timur,145,4,159,-18,68467,65019,1638,1810
2021-04-30,Kalimantan Timur,161,2,176,-17,68628,65195,1640,1793
2021-05-01,Kalimantan Timur,137,1,192,-56,68765,65387,1641,1737
2021-05-02,Kalimantan Timur,52,5,128,-81,68817,65515,1646,1656
2021-05-03,Kalimantan Timur,84,5,177,-98,68901,65692,1651,1558
2021-05-04,Kalimantan Timur,137,4,107,26,69038,65799,1655,1584
2021-05-05,Kalimantan Timur,137,5,102,30,69175,65901,1660,1614
2021-05-06,Kalimantan Timur,104,3,126,-25,69279,66027,1663,1589
2021-05-07,Kalimantan Timur,105,7,165,-67,69384,66192,1670,1522
2021-05-08,Kalimantan Timur,109,3,208,-102,69493,66400,1673,1420
2021-05-09,Kalimantan Timur,88,2,212,-126,69581,66612,1675,1294
2021-05-10,Kalimantan Timur,92,2,125,-35,69673,66737,1677,1259
2021-05-11,Kalimantan Timur,76,2,109,-35,69749,66846,1679,1224
2021-05-12,Kalimantan Timur,126,1,80,45,69875,66926,1680,1269
2021-05-13,Kalimantan Timur,83,2,84,-3,69958,67010,1682,1266
2021-05-14,Kalimantan Timur,13,1,98,-86,69971,67108,1683,1180
2021-05-15,Kalimantan Timur,52,2,71,-21,70023,67179,1685,1159
2021-05-16,Kalimantan Timur,56,2,97,-43,70079,67276,1687,1116
2021-05-17,Kalimantan Timur,59,4,114,-59,70138,67390,1691,1057
2021-05-18,Kalimantan Timur,138,3,126,9,70276,67516,1694,1066
2021-05-19,Kalimantan Timur,128,2,95,31,70404,67611,1696,1097
2021-05-20,Kalimantan Timur,100,1,91,8,70504,67702,1697,1105
2021-05-21,Kalimantan Timur,87,5,141,-59,70591,67843,1702,1046
2021-05-22,Kalimantan Timur,99,0,72,27,70690,67915,1702,1073
2021-05-23,Kalimantan Timur,103,1,70,32,70793,67985,1703,1105
2021-05-24,Kalimantan Timur,105,1,66,38,70898,68051,1704,1143
2021-05-25,Kalimantan Timur,112,6,53,53,71010,68104,1710,1196
2021-05-26,Kalimantan Timur,82,2,86,-6,71092,68190,1712,1190
2021-05-27,Kalimantan Timur,64,2,116,-54,71156,68306,1714,1136
2021-05-28,Kalimantan Timur,68,3,110,-45,71224,68416,1717,1091
2021-05-29,Kalimantan Timur,146,1,120,25,71370,68536,1718,1116
2021-05-30,Kalimantan Timur,140,3,120,17,71510,68656,1721,1133
2021-05-31,Kalimantan Timur,89,2,177,-90,71599,68833,1723,1043
2021-06-01,Kalimantan Timur,90,0,73,17,71689,68906,1723,1060
2021-06-02,Kalimantan Timur,64,5,106,-47,71753,69012,1728,1013
2021-06-03,Kalimantan Timur,94,1,72,21,71847,69084,1729,1034
2021-06-04,Kalimantan Timur,113,1,79,33,71960,69163,1730,1067
2021-06-05,Kalimantan Timur,79,0,78,1,72039,69241,1730,1068
2021-06-06,Kalimantan Timur,75,6,84,-15,72114,69325,1736,1053
2021-06-07,Kalimantan Timur,40,7,87,-54,72154,69412,1743,999
2021-06-08,Kalimantan Timur,90,3,64,23,72244,69476,1746,1022
2021-06-09,Kalimantan Timur,84,1,105,-22,72328,69581,1747,1000
2021-06-10,Kalimantan Timur,108,3,94,11,72436,69675,1750,1011
2021-06-11,Kalimantan Timur,78,5,76,-3,72514,69751,1755,1008
2021-06-12,Kalimantan Timur,78,1,73,4,72592,69824,1756,1012
2021-06-13,Kalimantan Timur,108,1,69,38,72700,69893,1757,1050
2021-06-14,Kalimantan Timur,62,2,85,-25,72762,69978,1759,1025
2021-06-15,Kalimantan Timur,133,2,118,13,72895,70096,1761,1038
2021-06-16,Kalimantan Timur,145,1,82,62,73040,70178,1762,1100
2021-06-17,Kalimantan Timur,177,2,59,116,73217,70237,1764,1216
2021-06-18,Kalimantan Timur,145,4,90,51,73362,70327,1768,1267
2021-06-19,Kalimantan Timur,152,2,87,63,73514,70414,1770,1330
2021-06-20,Kalimantan Timur,147,4,78,65,73661,70492,1774,1395
2021-06-21,Kalimantan Timur,163,0,82,81,73824,70574,1774,1476
2021-06-22,Kalimantan Timur,245,5,120,120,74069,70694,1779,1596
2021-06-23,Kalimantan Timur,227,4,68,155,74296,70762,1783,1751
2021-06-24,Kalimantan Timur,336,4,76,256,74632,70838,1787,2007
2021-06-25,Kalimantan Timur,352,4,115,233,74984,70953,1791,2240
2021-06-26,Kalimantan Timur,428,6,75,347,75412,71028,1797,2587
2021-06-27,Kalimantan Timur,470,9,94,367,75882,71122,1806,2954
2021-06-28,Kalimantan Timur,382,8,124,250,76264,71246,1814,3204
2021-06-29,Kalimantan Timur,482,13,121,348,76746,71367,1827,3552
2021-06-30,Kalimantan Timur,489,11,92,386,77235,71459,1838,3938
2021-07-01,Kalimantan Timur,595,11,111,473,77830,71570,1849,4411
2021-07-02,Kalimantan Timur,661,10,138,513,78491,71708,1859,4924
2021-07-03,Kalimantan Timur,622,15,297,310,79113,72005,1874,5234
2021-07-04,Kalimantan Timur,738,18,289,431,79851,72294,1892,5665
2021-07-05,Kalimantan Timur,428,19,223,186,80279,72517,1911,5851
2021-07-06,Kalimantan Timur,726,18,234,474,81005,72751,1929,6325
2021-07-07,Kalimantan Timur,757,24,325,408,81762,73076,1953,6733
2021-07-08,Kalimantan Timur,979,30,236,713,82741,73312,1983,7446
2021-07-09,Kalimantan Timur,1020,18,432,570,83761,73744,2001,8016
2021-07-10,Kalimantan Timur,1051,26,440,585,84812,74184,2027,8601
2021-07-11,Kalimantan Timur,1134,53,422,659,85946,74606,2080,9260
2021-07-12,Kalimantan Timur,1014,22,299,693,86960,74905,2102,9953
2021-07-13,Kalimantan Timur,1499,51,496,952,88459,75401,2153,10905
2021-07-14,Kalimantan Timur,1658,40,458,1160,90117,75859,2193,12065
2021-07-15,Kalimantan Timur,1543,48,544,951,91660,76403,2241,13016
2021-07-16,Kalimantan Timur,1724,58,707,959,93384,77110,2299,13975
2021-07-17,Kalimantan Timur,1667,37,669,961,95051,77779,2336,14936
2021-07-18,Kalimantan Timur,1514,47,708,759,96565,78487,2383,15695
2021-07-19,Kalimantan Timur,963,75,771,117,97528,79258,2458,15812
2021-07-20,Kalimantan Timur,1178,75,563,540,98706,79821,2533,16352
2021-07-21,Kalimantan Timur,900,60,486,354,99606,80307,2593,16706
2021-07-22,Kalimantan Timur,1952,75,753,1124,101558,81060,2668,17830
2021-07-23,Kalimantan Timur,1505,63,808,634,103063,81868,2731,18464
2021-07-24,Kalimantan Timur,2106,71,858,1177,105169,82726,2802,19641
2021-07-25,Kalimantan Timur,1693,73,965,655,106862,83691,2875,20296
2021-07-26,Kalimantan Timur,944,62,881,1,107806,84572,2937,20297
2021-07-27,Kalimantan Timur,2009,47,1147,815,109815,85719,2984,21112
2021-07-28,Kalimantan Timur,2129,82,1146,901,111944,86865,3066,22013
2021-07-29,Kalimantan Timur,1540,85,1469,-14,113484,88334,3151,21999
2021-07-30,Kalimantan Timur,2364,63,1412,889,115848,89746,3214,22888
2021-07-31,Kalimantan Timur,1660,69,1143,448,117508,90889,3283,23336
2021-08-01,Kalimantan Timur,1716,78,1727,-89,119224,92616,3361,23247
2020-03-28,kalimantan Utara,2,0,0,2,2,0,0,2
2020-03-29,kalimantan Utara,0,0,0,0,2,0,0,2
2020-03-30,kalimantan Utara,0,0,0,0,2,0,0,2
2020-03-31,kalimantan Utara,0,0,0,0,2,0,0,2
2020-04-01,kalimantan Utara,0,0,0,0,2,0,0,2
2020-04-02,kalimantan Utara,0,0,0,0,2,0,0,2
2020-04-03,kalimantan Utara,6,0,0,6,8,0,0,8
2020-04-04,kalimantan Utara,0,0,0,0,8,0,0,8
2020-04-05,kalimantan Utara,0,0,0,0,8,0,0,8
2020-04-06,kalimantan Utara,7,0,0,7,15,0,0,15
2020-04-07,kalimantan Utara,0,0,0,0,15,0,0,15
2020-04-08,kalimantan Utara,1,0,0,1,16,0,0,16
2020-04-09,kalimantan Utara,0,0,0,0,16,0,0,16
2020-04-10,kalimantan Utara,0,0,0,0,16,0,0,16
2020-04-11,kalimantan Utara,0,1,0,-1,16,0,1,15
2020-04-12,kalimantan Utara,0,0,0,0,16,0,1,15
2020-04-13,kalimantan Utara,0,0,0,0,16,0,1,15
2020-04-14,kalimantan Utara,0,0,0,0,16,0,1,15
2020-04-15,kalimantan Utara,4,0,1,3,20,1,1,18
2020-04-16,kalimantan Utara,8,0,1,7,28,2,1,25
2020-04-17,kalimantan Utara,19,0,0,19,47,2,1,44
2020-04-18,kalimantan Utara,3,0,0,3,50,2,1,47
2020-04-19,kalimantan Utara,19,0,0,19,69,2,1,66
2020-04-20,kalimantan Utara,4,0,0,4,73,2,1,70
2020-04-21,kalimantan Utara,4,0,0,4,77,2,1,74
2020-04-22,kalimantan Utara,0,0,0,0,77,2,1,74
2020-04-23,kalimantan Utara,0,0,0,0,77,2,1,74
2020-04-24,kalimantan Utara,0,0,0,0,77,2,1,74
2020-04-25,kalimantan Utara,6,0,0,6,83,2,1,80
2020-04-26,kalimantan Utara,6,0,0,6,89,2,1,86
2020-04-27,kalimantan Utara,1,0,0,1,90,2,1,87
2020-04-28,kalimantan Utara,2,0,0,2,92,2,1,89
2020-04-29,kalimantan Utara,0,0,2,-2,92,4,1,87
2020-04-30,kalimantan Utara,8,0,0,8,100,4,1,95
2020-05-01,kalimantan Utara,15,0,1,14,115,5,1,109
2020-05-02,kalimantan Utara,7,0,0,7,122,5,1,116
2020-05-03,kalimantan Utara,0,0,0,0,122,5,1,116
2020-05-04,kalimantan Utara,8,0,0,8,130,5,1,124
2020-05-05,kalimantan Utara,1,0,1,0,131,6,1,124
2020-05-06,kalimantan Utara,0,0,0,0,131,6,1,124
2020-05-07,kalimantan Utara,0,0,0,0,131,6,1,124
2020-05-08,kalimantan Utara,0,0,0,0,131,6,1,124
2020-05-09,kalimantan Utara,0,0,0,0,131,6,1,124
2020-05-10,kalimantan Utara,0,0,1,-1,131,7,1,123
2020-05-11,kalimantan Utara,1,0,0,1,132,7,1,124
2020-05-12,kalimantan Utara,0,0,5,-5,132,12,1,119
2020-05-13,kalimantan Utara,6,0,6,0,138,18,1,119
2020-05-14,kalimantan Utara,0,0,2,-2,138,20,1,117
2020-05-15,kalimantan Utara,3,0,9,-6,141,29,1,111
2020-05-16,kalimantan Utara,12,0,12,0,153,41,1,111
2020-05-17,kalimantan Utara,2,0,0,2,155,41,1,113
2020-05-18,kalimantan Utara,0,0,5,-5,155,46,1,108
2020-05-19,kalimantan Utara,5,0,5,0,160,51,1,108
2020-05-20,kalimantan Utara,0,0,0,0,160,51,1,108
2020-05-21,kalimantan Utara,2,0,3,-1,162,54,1,107
2020-05-22,kalimantan Utara,1,0,3,-2,163,57,1,105
2020-05-23,kalimantan Utara,0,0,0,0,163,57,1,105
2020-05-24,kalimantan Utara,1,0,2,-1,164,59,1,104
2020-05-25,kalimantan Utara,0,0,7,-7,164,66,1,97
2020-05-26,kalimantan Utara,0,1,3,-4,164,69,2,93
2020-05-27,kalimantan Utara,1,0,0,1,165,69,2,94
2020-05-28,kalimantan Utara,0,0,1,-1,165,70,2,93
2020-05-29,kalimantan Utara,0,0,2,-2,165,72,2,91
2020-05-30,kalimantan Utara,0,0,0,0,165,72,2,91
2020-05-31,kalimantan Utara,0,0,0,0,165,72,2,91
2020-06-01,kalimantan Utara,0,0,8,-8,165,80,2,83
2020-06-02,kalimantan Utara,0,0,2,-2,165,82,2,81
2020-06-03,kalimantan Utara,0,0,7,-7,165,89,2,74
2020-06-04,kalimantan Utara,0,0,0,0,165,89,2,74
2020-06-05,kalimantan Utara,2,0,5,-3,167,94,2,71
2020-06-06,kalimantan Utara,1,0,14,-13,168,108,2,58
2020-06-07,kalimantan Utara,1,0,11,-10,169,119,2,48
2020-06-08,kalimantan Utara,0,0,10,-10,169,129,2,38
2020-06-09,kalimantan Utara,1,0,1,0,170,130,2,38
2020-06-10,kalimantan Utara,0,0,3,-3,170,133,2,35
2020-06-11,kalimantan Utara,0,0,2,-2,170,135,2,33
2020-06-12,kalimantan Utara,0,0,0,0,170,135,2,33
2020-06-13,kalimantan Utara,0,0,2,-2,170,137,2,31
2020-06-14,kalimantan Utara,0,0,0,0,170,137,2,31
2020-06-15,kalimantan Utara,0,0,0,0,170,137,2,31
2020-06-16,kalimantan Utara,1,0,8,-7,171,145,2,24
2020-06-17,kalimantan Utara,0,0,0,0,171,145,2,24
2020-06-18,kalimantan Utara,0,0,2,-2,171,147,2,22
2020-06-19,kalimantan Utara,2,0,2,0,173,149,2,22
2020-06-20,kalimantan Utara,2,0,0,2,175,149,2,24
2020-06-21,kalimantan Utara,1,0,0,1,176,149,2,25
2020-06-22,kalimantan Utara,1,0,0,1,177,149,2,26
2020-06-23,kalimantan Utara,0,0,0,0,177,149,2,26
2020-06-24,kalimantan Utara,2,0,2,0,179,151,2,26
2020-06-25,kalimantan Utara,9,0,0,9,188,151,2,35
2020-06-26,kalimantan Utara,9,0,0,9,197,151,2,44
2020-06-27,kalimantan Utara,4,0,3,1,201,154,2,45
2020-06-28,kalimantan Utara,0,0,3,-3,201,157,2,42
2020-06-29,kalimantan Utara,3,0,0,3,204,157,2,45
2020-06-30,kalimantan Utara,2,0,2,0,206,159,2,45
2020-07-01,kalimantan Utara,0,0,5,-5,206,164,2,40
2020-07-02,kalimantan Utara,0,0,1,-1,206,165,2,39
2020-07-03,kalimantan Utara,0,0,6,-6,206,171,2,33
2020-07-04,kalimantan Utara,0,0,3,-3,206,174,2,30
2020-07-05,kalimantan Utara,0,0,0,0,206,174,2,30
2020-07-06,kalimantan Utara,0,0,0,0,206,174,2,30
2020-07-07,kalimantan Utara,0,0,3,-3,206,177,2,27
2020-07-08,kalimantan Utara,0,0,1,-1,206,178,2,26
2020-07-09,kalimantan Utara,8,0,9,-1,214,187,2,25
2020-07-10,kalimantan Utara,0,0,1,-1,214,188,2,24
2020-07-11,kalimantan Utara,0,0,0,0,214,188,2,24
2020-07-12,kalimantan Utara,0,0,0,0,214,188,2,24
2020-07-13,kalimantan Utara,1,0,0,1,215,188,2,25
2020-07-14,kalimantan Utara,0,0,0,0,215,188,2,25
2020-07-15,kalimantan Utara,0,0,0,0,215,188,2,25
2020-07-16,kalimantan Utara,0,0,1,-1,215,189,2,24
2020-07-17,kalimantan Utara,1,0,2,-1,216,191,2,23
2020-07-18,kalimantan Utara,0,0,1,-1,216,192,2,22
2020-07-19,kalimantan Utara,0,0,0,0,216,192,2,22
2020-07-20,kalimantan Utara,1,0,17,-16,217,209,2,6
2020-07-21,kalimantan Utara,0,0,0,0,217,209,2,6
2020-07-22,kalimantan Utara,0,0,0,0,217,209,2,6
2020-07-23,kalimantan Utara,1,0,0,1,218,209,2,7
2020-07-24,kalimantan Utara,0,0,2,-2,218,211,2,5
2020-07-25,kalimantan Utara,48,0,1,47,266,212,2,52
2020-07-26,kalimantan Utara,0,0,0,0,266,212,2,52
2020-07-27,kalimantan Utara,0,0,2,-2,266,214,2,50
2020-07-28,kalimantan Utara,2,0,0,2,268,214,2,52
2020-07-29,kalimantan Utara,0,0,0,0,268,214,2,52
2020-07-30,kalimantan Utara,12,0,0,12,280,214,2,64
2020-07-31,kalimantan Utara,3,0,0,3,283,214,2,67
2020-08-01,kalimantan Utara,1,0,0,1,284,214,2,68
2020-08-02,kalimantan Utara,0,0,0,0,284,214,2,68
2020-08-03,kalimantan Utara,0,0,1,-1,284,215,2,67
2020-08-04,kalimantan Utara,3,0,50,-47,287,265,2,20
2020-08-05,kalimantan Utara,0,0,0,0,287,265,2,20
2020-08-06,kalimantan Utara,4,0,0,4,291,265,2,24
2020-08-07,kalimantan Utara,0,0,0,0,291,265,2,24
2020-08-08,kalimantan Utara,1,0,0,1,292,265,2,25
2020-08-09,kalimantan Utara,2,0,1,1,294,266,2,26
2020-08-10,kalimantan Utara,2,0,13,-11,296,279,2,15
2020-08-11,kalimantan Utara,3,0,0,3,299,279,2,18
2020-08-12,kalimantan Utara,4,0,0,4,303,279,2,22
2020-08-13,kalimantan Utara,9,0,7,2,312,286,2,24
2020-08-14,kalimantan Utara,0,0,0,0,312,286,2,24
2020-08-15,kalimantan Utara,13,0,0,13,325,286,2,37
2020-08-16,kalimantan Utara,3,0,0,3,328,286,2,40
2020-08-17,kalimantan Utara,1,0,2,-1,329,288,2,39
2020-08-18,kalimantan Utara,0,0,6,-6,329,294,2,33
2020-08-19,kalimantan Utara,3,0,4,-1,332,298,2,32
2020-08-20,kalimantan Utara,5,0,0,5,337,298,2,37
2020-08-21,kalimantan Utara,2,0,0,2,339,298,2,39
2020-08-22,kalimantan Utara,1,0,9,-8,340,307,2,31
2020-08-23,kalimantan Utara,9,0,4,5,349,311,2,36
2020-08-24,kalimantan Utara,8,0,3,5,357,314,2,41
2020-08-25,kalimantan Utara,3,0,2,1,360,316,2,42
2020-08-26,kalimantan Utara,1,0,2,-1,361,318,2,41
2020-08-27,kalimantan Utara,0,0,2,-2,361,320,2,39
2020-08-28,kalimantan Utara,12,0,3,9,373,323,2,48
2020-08-29,kalimantan Utara,6,0,1,5,379,324,2,53
2020-08-30,kalimantan Utara,3,0,1,2,382,325,2,55
2020-08-31,kalimantan Utara,2,0,4,-2,384,329,2,53
2020-09-01,kalimantan Utara,8,0,6,2,392,335,2,55
2020-09-02,kalimantan Utara,4,0,1,3,396,336,2,58
2020-09-03,kalimantan Utara,26,0,15,11,422,351,2,69
2020-09-04,kalimantan Utara,4,0,5,-1,426,356,2,68
2020-09-05,kalimantan Utara,9,0,3,6,435,359,2,74
2020-09-06,kalimantan Utara,8,0,0,8,443,359,2,82
2020-09-07,kalimantan Utara,5,0,1,4,448,360,2,86
2020-09-08,kalimantan Utara,7,0,7,0,455,367,2,86
2020-09-09,kalimantan Utara,1,0,1,0,456,368,2,86
2020-09-10,kalimantan Utara,2,0,6,-4,458,374,2,82
2020-09-11,kalimantan Utara,2,0,4,-2,460,378,2,80
2020-09-12,kalimantan Utara,5,1,1,3,465,379,3,83
2020-09-13,kalimantan Utara,4,0,6,-2,469,385,3,81
2020-09-14,kalimantan Utara,5,0,9,-4,474,394,3,77
2020-09-15,kalimantan Utara,5,0,0,5,479,394,3,82
2020-09-16,kalimantan Utara,2,0,10,-8,481,404,3,74
2020-09-17,kalimantan Utara,2,0,8,-6,483,412,3,68
2020-09-18,kalimantan Utara,2,0,4,-2,485,416,3,66
2020-09-19,kalimantan Utara,3,0,5,-2,488,421,3,64
2020-09-20,kalimantan Utara,1,0,0,1,489,421,3,65
2020-09-21,kalimantan Utara,3,0,2,1,492,423,3,66
2020-09-22,kalimantan Utara,11,0,6,5,503,429,3,71
2020-09-23,kalimantan Utara,29,0,4,25,532,433,3,96
2020-09-24,kalimantan Utara,18,0,1,17,550,434,3,113
2020-09-25,kalimantan Utara,6,1,14,-9,556,448,4,104
2020-09-26,kalimantan Utara,7,0,0,7,563,448,4,111
2020-09-27,kalimantan Utara,6,0,2,4,569,450,4,115
2020-09-28,kalimantan Utara,4,0,0,4,573,450,4,119
2020-09-29,kalimantan Utara,2,0,1,1,575,451,4,120
2020-09-30,kalimantan Utara,2,0,44,-42,577,495,4,78
2020-10-01,kalimantan Utara,6,0,7,-1,583,502,4,77
2020-10-02,kalimantan Utara,6,0,1,5,589,503,4,82
2020-10-03,kalimantan Utara,7,0,21,-14,596,524,4,68
2020-10-04,kalimantan Utara,7,1,4,2,603,528,5,70
2020-10-05,kalimantan Utara,2,0,3,-1,605,531,5,69
2020-10-06,kalimantan Utara,5,0,19,-14,610,550,5,55
2020-10-07,kalimantan Utara,13,0,3,10,623,553,5,65
2020-10-08,kalimantan Utara,6,0,2,4,629,555,5,69
2020-10-09,kalimantan Utara,3,0,4,-1,632,559,5,68
2020-10-10,kalimantan Utara,5,0,7,-2,637,566,5,66
2020-10-11,kalimantan Utara,8,0,2,6,645,568,5,72
2020-10-12,kalimantan Utara,4,0,0,4,649,568,5,76
2020-10-13,kalimantan Utara,13,0,6,7,662,574,5,83
2020-10-14,kalimantan Utara,11,0,10,1,673,584,5,84
2020-10-15,kalimantan Utara,0,0,4,-4,673,588,5,80
2020-10-16,kalimantan Utara,14,0,5,9,687,593,5,89
2020-10-17,kalimantan Utara,4,0,4,0,691,597,5,89
2020-10-18,kalimantan Utara,23,1,13,9,714,610,6,98
2020-10-19,kalimantan Utara,1,0,9,-8,715,619,6,90
2020-10-20,kalimantan Utara,0,0,0,0,715,619,6,90
2020-10-21,kalimantan Utara,20,1,9,10,735,628,7,100
2020-10-22,kalimantan Utara,17,0,5,12,752,633,7,112
2020-10-23,kalimantan Utara,9,0,12,-3,761,645,7,109
2020-10-24,kalimantan Utara,5,0,9,-4,766,654,7,105
2020-10-25,kalimantan Utara,14,0,8,6,780,662,7,111
2020-10-26,kalimantan Utara,2,0,2,0,782,664,7,111
2020-10-27,kalimantan Utara,9,0,8,1,791,672,7,112
2020-10-28,kalimantan Utara,14,0,7,7,805,679,7,119
2020-10-29,kalimantan Utara,9,0,4,5,814,683,7,124
2020-10-30,kalimantan Utara,7,0,0,7,821,683,7,131
2020-10-31,kalimantan Utara,1,0,18,-17,822,701,7,114
2020-11-01,kalimantan Utara,4,0,15,-11,826,716,7,103
2020-11-02,kalimantan Utara,3,1,6,-4,829,722,8,99
2020-11-03,kalimantan Utara,12,1,7,4,841,729,9,103
2020-11-04,kalimantan Utara,15,0,3,12,856,732,9,115
2020-11-05,kalimantan Utara,16,0,20,-4,872,752,9,111
2020-11-06,kalimantan Utara,7,1,7,-1,879,759,10,110
2020-11-07,kalimantan Utara,11,0,14,-3,890,773,10,107
2020-11-08,kalimantan Utara,3,0,10,-7,893,783,10,100
2020-11-09,kalimantan Utara,4,0,3,1,897,786,10,101
2020-11-10,kalimantan Utara,6,0,7,-1,903,793,10,100
2020-11-11,kalimantan Utara,12,0,9,3,915,802,10,103
2020-11-12,kalimantan Utara,13,1,0,12,928,802,11,115
2020-11-13,kalimantan Utara,6,0,7,-1,934,809,11,114
2020-11-14,kalimantan Utara,24,0,20,4,958,829,11,118
2020-11-15,kalimantan Utara,20,0,14,6,978,843,11,124
2020-11-16,kalimantan Utara,2,0,0,2,980,843,11,126
2020-11-17,kalimantan Utara,15,0,10,5,995,853,11,131
2020-11-18,kalimantan Utara,14,0,0,14,1009,853,11,145
2020-11-19,kalimantan Utara,0,0,3,-3,1009,856,11,142
2020-11-20,kalimantan Utara,48,0,1,47,1057,857,11,189
2020-11-21,kalimantan Utara,31,0,0,31,1088,857,11,220
2020-11-22,kalimantan Utara,48,4,15,29,1136,872,15,249
2020-11-23,kalimantan Utara,10,0,22,-12,1146,894,15,237
2020-11-24,kalimantan Utara,89,0,14,75,1235,908,15,312
2020-11-25,kalimantan Utara,48,0,1,47,1283,909,15,359
2020-11-26,kalimantan Utara,37,1,12,24,1320,921,16,383
2020-11-27,kalimantan Utara,57,1,10,46,1377,931,17,429
2020-11-28,kalimantan Utara,33,0,6,27,1410,937,17,456
2020-11-29,kalimantan Utara,31,0,12,19,1441,949,17,475
2020-11-30,kalimantan Utara,24,1,32,-9,1465,981,18,466
2020-12-01,kalimantan Utara,58,0,14,44,1523,995,18,510
2020-12-02,kalimantan Utara,69,0,21,48,1592,1016,18,558
2020-12-03,kalimantan Utara,30,0,6,24,1622,1022,18,582
2020-12-04,kalimantan Utara,32,0,48,-16,1654,1070,18,566
2020-12-05,kalimantan Utara,61,0,0,61,1715,1070,18,627
2020-12-06,kalimantan Utara,120,1,27,92,1835,1097,19,719
2020-12-07,kalimantan Utara,46,1,1,44,1881,1098,20,763
2020-12-08,kalimantan Utara,36,3,0,33,1917,1098,23,796
2020-12-09,kalimantan Utara,31,0,78,-47,1948,1176,23,749
2020-12-10,kalimantan Utara,58,1,0,57,2006,1176,24,806
2020-12-11,kalimantan Utara,71,1,0,70,2077,1176,25,876
2020-12-12,kalimantan Utara,85,1,15,69,2162,1191,26,945
2020-12-13,kalimantan Utara,44,0,62,-18,2206,1253,26,927
2020-12-14,kalimantan Utara,88,0,45,43,2294,1298,26,970
2020-12-15,kalimantan Utara,74,2,7,65,2368,1305,28,1035
2020-12-16,kalimantan Utara,95,0,8,87,2463,1313,28,1122
2020-12-17,kalimantan Utara,79,0,0,79,2542,1313,28,1201
2020-12-18,kalimantan Utara,85,2,76,7,2627,1389,30,1208
2020-12-19,kalimantan Utara,60,0,101,-41,2687,1490,30,1167
2020-12-20,kalimantan Utara,119,4,37,78,2806,1527,34,1245
2020-12-21,kalimantan Utara,99,0,0,99,2905,1527,34,1344
2020-12-22,kalimantan Utara,44,2,41,1,2949,1568,36,1345
2020-12-23,kalimantan Utara,87,0,0,87,3036,1568,36,1432
2020-12-24,kalimantan Utara,43,0,71,-28,3079,1639,36,1404
2020-12-25,kalimantan Utara,90,0,39,51,3169,1678,36,1455
2020-12-26,kalimantan Utara,56,0,0,56,3225,1678,36,1511
2020-12-27,kalimantan Utara,91,0,0,91,3316,1678,36,1602
2020-12-28,kalimantan Utara,202,4,10,188,3518,1688,40,1790
2020-12-29,kalimantan Utara,166,0,1,165,3684,1689,40,1955
2020-12-30,kalimantan Utara,56,17,330,-291,3740,2019,57,1664
2020-12-31,kalimantan Utara,54,0,27,27,3794,2046,57,1691
2021-01-01,kalimantan Utara,35,1,103,-69,3829,2149,58,1622
2021-01-02,kalimantan Utara,50,0,120,-70,3879,2269,58,1552
2021-01-03,kalimantan Utara,114,0,0,114,3993,2269,58,1666
2021-01-04,kalimantan Utara,166,0,1,165,4159,2270,58,1831
2021-01-05,kalimantan Utara,89,5,1,83,4248,2271,63,1914
2021-01-06,kalimantan Utara,205,0,123,82,4453,2394,63,1996
2021-01-07,kalimantan Utara,178,2,69,107,4631,2463,65,2103
2021-01-08,kalimantan Utara,63,0,1,62,4694,2464,65,2165
2021-01-09,kalimantan Utara,82,0,3,79,4776,2467,65,2244
2021-01-10,kalimantan Utara,67,0,0,67,4843,2467,65,2311
2021-01-11,kalimantan Utara,134,0,1,133,4977,2468,65,2444
2021-01-12,kalimantan Utara,162,0,0,162,5139,2468,65,2606
2021-01-13,kalimantan Utara,134,0,3,131,5273,2471,65,2737
2021-01-14,kalimantan Utara,79,0,0,79,5352,2471,65,2816
2021-01-15,kalimantan Utara,62,0,1,61,5414,2472,65,2877
2021-01-16,kalimantan Utara,191,0,0,191,5605,2472,65,3068
2021-01-17,kalimantan Utara,25,0,1,24,5630,2473,65,3092
2021-01-18,kalimantan Utara,40,0,0,40,5670,2473,65,3132
2021-01-19,kalimantan Utara,188,0,1,187,5858,2474,65,3319
2021-01-20,kalimantan Utara,191,1,0,190,6049,2474,66,3509
2021-01-21,kalimantan Utara,49,0,1,48,6098,2475,66,3557
2021-01-22,kalimantan Utara,84,0,78,6,6182,2553,66,3563
2021-01-23,kalimantan Utara,243,0,0,243,6425,2553,66,3806
2021-01-24,kalimantan Utara,76,0,0,76,6501,2553,66,3882
2021-01-25,kalimantan Utara,84,1,190,-107,6585,2743,67,3775
2021-01-26,kalimantan Utara,110,6,555,-451,6695,3298,73,3324
2021-01-27,kalimantan Utara,61,12,794,-745,6756,4092,85,2579
2021-01-28,kalimantan Utara,45,2,113,-70,6801,4205,87,2509
2021-01-29,kalimantan Utara,23,3,280,-260,6824,4485,90,2249
2021-01-30,kalimantan Utara,201,1,95,105,7025,4580,91,2354
2021-01-31,kalimantan Utara,15,0,0,15,7040,4580,91,2369
2021-02-01,kalimantan Utara,108,8,90,10,7148,4670,99,2379
2021-02-02,kalimantan Utara,114,1,183,-70,7262,4853,100,2309
2021-02-03,kalimantan Utara,278,5,55,218,7540,4908,105,2527
2021-02-04,kalimantan Utara,71,1,42,28,7611,4950,106,2555
2021-02-05,kalimantan Utara,50,1,35,14,7661,4985,107,2569
2021-02-06,kalimantan Utara,188,0,0,188,7849,4985,107,2757
2021-02-07,kalimantan Utara,63,0,0,63,7912,4985,107,2820
2021-02-08,kalimantan Utara,134,0,55,79,8046,5040,107,2899
2021-02-09,kalimantan Utara,104,0,0,104,8150,5040,107,3003
2021-02-10,kalimantan Utara,55,4,28,23,8205,5068,111,3026
2021-02-11,kalimantan Utara,63,0,237,-174,8268,5305,111,2852
2021-02-12,kalimantan Utara,65,6,157,-98,8333,5462,117,2754
2021-02-13,kalimantan Utara,139,0,0,139,8472,5462,117,2893
2021-02-14,kalimantan Utara,79,0,0,79,8551,5462,117,2972
2021-02-15,kalimantan Utara,185,6,63,116,8736,5525,123,3088
2021-02-16,kalimantan Utara,75,0,0,75,8811,5525,123,3163
2021-02-17,kalimantan Utara,60,1,11,48,8871,5536,124,3211
2021-02-18,kalimantan Utara,120,0,1,119,8991,5537,124,3330
2021-02-19,kalimantan Utara,60,0,73,-13,9051,5610,124,3317
2021-02-20,kalimantan Utara,20,0,90,-70,9071,5700,124,3247
2021-02-21,kalimantan Utara,11,0,0,11,9082,5700,124,3258
2021-02-22,kalimantan Utara,95,1,58,36,9177,5758,125,3294
2021-02-23,kalimantan Utara,193,8,362,-177,9370,6120,133,3117
2021-02-24,kalimantan Utara,8,8,923,-923,9378,7043,141,2194
2021-02-25,kalimantan Utara,47,1,117,-71,9425,7160,142,2123
2021-02-26,kalimantan Utara,12,3,49,-40,9437,7209,145,2083
2021-02-27,kalimantan Utara,185,0,1,184,9622,7210,145,2267
2021-02-28,kalimantan Utara,72,0,0,72,9694,7210,145,2339
2021-03-01,kalimantan Utara,112,0,73,39,9806,7283,145,2378
2021-03-02,kalimantan Utara,48,2,207,-161,9854,7490,147,2217
2021-03-03,kalimantan Utara,28,1,2,25,9882,7492,148,2242
2021-03-04,kalimantan Utara,65,1,67,-3,9947,7559,149,2239
2021-03-05,kalimantan Utara,30,2,167,-139,9977,7726,151,2100
2021-03-06,kalimantan Utara,61,0,35,26,10038,7761,151,2126
2021-03-07,kalimantan Utara,29,2,11,16,10067,7772,153,2142
2021-03-08,kalimantan Utara,40,1,160,-121,10107,7932,154,2021
2021-03-09,kalimantan Utara,75,0,122,-47,10182,8054,154,1974
2021-03-10,kalimantan Utara,34,1,214,-181,10216,8268,155,1793
2021-03-11,kalimantan Utara,46,2,102,-58,10262,8370,157,1735
2021-03-12,kalimantan Utara,137,0,357,-220,10399,8727,157,1515
2021-03-13,kalimantan Utara,2,0,43,-41,10401,8770,157,1474
2021-03-14,kalimantan Utara,32,1,5,26,10433,8775,158,1500
2021-03-15,kalimantan Utara,45,0,35,10,10478,8810,158,1510
2021-03-16,kalimantan Utara,37,3,40,-6,10515,8850,161,1504
2021-03-17,kalimantan Utara,69,1,53,15,10584,8903,162,1519
2021-03-18,kalimantan Utara,29,1,29,-1,10613,8932,163,1518
2021-03-19,kalimantan Utara,45,1,41,3,10658,8973,164,1521
2021-03-20,kalimantan Utara,45,0,26,19,10703,8999,164,1540
2021-03-21,kalimantan Utara,21,0,14,7,10724,9013,164,1547
2021-03-22,kalimantan Utara,106,0,8,98,10830,9021,164,1645
2021-03-23,kalimantan Utara,41,2,71,-32,10871,9092,166,1613
2021-03-24,kalimantan Utara,16,0,53,-37,10887,9145,166,1576
2021-03-25,kalimantan Utara,37,1,10,26,10924,9155,167,1602
2021-03-26,kalimantan Utara,48,1,62,-15,10972,9217,168,1587
2021-03-27,kalimantan Utara,27,2,18,7,10999,9235,170,1594
2021-03-28,kalimantan Utara,59,0,31,28,11058,9266,170,1622
2021-03-29,kalimantan Utara,15,1,6,8,11073,9272,171,1630
2021-03-30,kalimantan Utara,34,0,137,-103,11107,9409,171,1527
2021-03-31,kalimantan Utara,25,1,8,16,11132,9417,172,1543
2021-04-01,kalimantan Utara,22,2,25,-5,11154,9442,174,1538
2021-04-02,kalimantan Utara,16,0,38,-22,11170,9480,174,1516
2021-04-03,kalimantan Utara,62,1,31,30,11232,9511,175,1546
2021-04-04,kalimantan Utara,43,0,23,20,11275,9534,175,1566
2021-04-05,kalimantan Utara,7,1,3,3,11282,9537,176,1569
2021-04-06,kalimantan Utara,14,1,65,-52,11296,9602,177,1517
2021-04-07,kalimantan Utara,6,1,38,-33,11302,9640,178,1484
2021-04-08,kalimantan Utara,0,0,0,0,11302,9640,178,1484
2021-04-09,kalimantan Utara,42,1,66,-25,11344,9706,179,1459
2021-04-10,kalimantan Utara,27,0,11,16,11371,9717,179,1475
2021-04-11,kalimantan Utara,10,0,51,-41,11381,9768,179,1434
2021-04-12,kalimantan Utara,17,0,177,-160,11398,9945,179,1274
2021-04-13,kalimantan Utara,14,1,135,-122,11412,10080,180,1152
2021-04-14,kalimantan Utara,17,0,91,-74,11429,10171,180,1078
2021-04-15,kalimantan Utara,28,0,20,8,11457,10191,180,1086
2021-04-16,kalimantan Utara,7,1,10,-4,11464,10201,181,1082
2021-04-17,kalimantan Utara,15,0,21,-6,11479,10222,181,1076
2021-04-18,kalimantan Utara,55,0,14,41,11534,10236,181,1117
2021-04-19,kalimantan Utara,17,1,317,-301,11551,10553,182,816
2021-04-20,kalimantan Utara,24,4,229,-209,11575,10782,186,607
2021-04-21,kalimantan Utara,10,0,76,-66,11585,10858,186,541
2021-04-22,kalimantan Utara,24,0,13,11,11609,10871,186,552
2021-04-23,kalimantan Utara,19,0,14,5,11628,10885,186,557
2021-04-24,kalimantan Utara,11,0,2,9,11639,10887,186,566
2021-04-25,kalimantan Utara,16,0,25,-9,11655,10912,186,557
2021-04-26,kalimantan Utara,23,0,26,-3,11678,10938,186,554
2021-04-27,kalimantan Utara,24,0,40,-16,11702,10978,186,538
2021-04-28,kalimantan Utara,21,0,11,10,11723,10989,186,548
2021-04-29,kalimantan Utara,13,0,7,6,11736,10996,186,554
2021-04-30,kalimantan Utara,9,0,31,-22,11745,11027,186,532
2021-05-01,kalimantan Utara,7,0,7,0,11752,11034,186,532
2021-05-02,kalimantan Utara,34,0,1,33,11786,11035,186,565
2021-05-03,kalimantan Utara,18,0,44,-26,11804,11079,186,539
2021-05-04,kalimantan Utara,17,0,20,-3,11821,11099,186,536
2021-05-05,kalimantan Utara,3,2,13,-12,11824,11112,188,524
2021-05-06,kalimantan Utara,8,0,28,-20,11832,11140,188,504
2021-05-07,kalimantan Utara,16,0,18,-2,11848,11158,188,502
2021-05-08,kalimantan Utara,3,0,6,-3,11851,11164,188,499
2021-05-09,kalimantan Utara,16,0,9,7,11867,11173,188,506
2021-05-10,kalimantan Utara,4,0,28,-24,11871,11201,188,482
2021-05-11,kalimantan Utara,11,0,39,-28,11882,11240,188,454
2021-05-12,kalimantan Utara,0,0,4,-4,11882,11244,188,450
2021-05-13,kalimantan Utara,0,0,9,-9,11882,11253,188,441
2021-05-14,kalimantan Utara,9,0,0,9,11891,11253,188,450
2021-05-15,kalimantan Utara,3,0,7,-4,11894,11260,188,446
2021-05-16,kalimantan Utara,1,0,2,-1,11895,11262,188,445
2021-05-17,kalimantan Utara,4,0,14,-10,11899,11276,188,435
2021-05-18,kalimantan Utara,5,0,36,-31,11904,11312,188,404
2021-05-19,kalimantan Utara,38,0,13,25,11942,11325,188,429
2021-05-20,kalimantan Utara,33,0,3,30,11975,11328,188,459
2021-05-21,kalimantan Utara,30,0,2,28,12005,11330,188,487
2021-05-22,kalimantan Utara,33,0,15,18,12038,11345,188,505
2021-05-23,kalimantan Utara,46,1,10,35,12084,11355,189,540
2021-05-24,kalimantan Utara,52,0,0,52,12136,11355,189,592
2021-05-25,kalimantan Utara,34,1,11,22,12170,11366,190,614
2021-05-26,kalimantan Utara,13,0,1,12,12183,11367,190,626
2021-05-27,kalimantan Utara,4,0,14,-10,12187,11381,190,616
2021-05-28,kalimantan Utara,30,0,8,22,12217,11389,190,638
2021-05-29,kalimantan Utara,17,1,14,2,12234,11403,191,640
2021-05-30,kalimantan Utara,3,0,3,0,12237,11406,191,640
2021-05-31,kalimantan Utara,33,0,3,30,12270,11409,191,670
2021-06-01,kalimantan Utara,25,0,24,1,12295,11433,191,671
2021-06-02,kalimantan Utara,11,0,68,-57,12306,11501,191,614
2021-06-03,kalimantan Utara,17,0,38,-21,12323,11539,191,593
2021-06-04,kalimantan Utara,18,0,37,-19,12341,11576,191,574
2021-06-05,kalimantan Utara,24,0,2,22,12365,11578,191,596
2021-06-06,kalimantan Utara,11,0,47,-36,12376,11625,191,560
2021-06-07,kalimantan Utara,5,0,27,-22,12381,11652,191,538
2021-06-08,kalimantan Utara,9,1,9,-1,12390,11661,192,537
2021-06-09,kalimantan Utara,8,0,47,-39,12398,11708,192,498
2021-06-10,kalimantan Utara,20,0,26,-6,12418,11734,192,492
2021-06-11,kalimantan Utara,10,0,8,2,12428,11742,192,494
2021-06-12,kalimantan Utara,7,0,0,7,12435,11742,192,501
2021-06-13,kalimantan Utara,33,0,36,-3,12468,11778,192,498
2021-06-14,kalimantan Utara,5,0,15,-10,12473,11793,192,488
2021-06-15,kalimantan Utara,26,1,5,20,12499,11798,193,508
2021-06-16,kalimantan Utara,17,0,6,11,12516,11804,193,519
2021-06-17,kalimantan Utara,36,0,3,33,12552,11807,193,552
2021-06-18,kalimantan Utara,53,1,21,31,12605,11828,194,583
2021-06-19,kalimantan Utara,13,0,23,-10,12618,11851,194,573
2021-06-20,kalimantan Utara,40,0,16,24,12658,11867,194,597
2021-06-21,kalimantan Utara,9,1,0,8,12667,11867,195,605
2021-06-22,kalimantan Utara,40,0,5,35,12707,11872,195,640
2021-06-23,kalimantan Utara,84,0,3,81,12791,11875,195,721
2021-06-24,kalimantan Utara,27,1,11,15,12818,11886,196,736
2021-06-25,kalimantan Utara,0,0,0,0,12818,11886,196,736
2021-06-26,kalimantan Utara,0,0,0,0,12818,11886,196,736
2021-06-27,kalimantan Utara,0,0,0,0,12818,11886,196,736
2021-06-28,kalimantan Utara,0,0,0,0,12818,11886,196,736
2021-06-29,kalimantan Utara,73,0,8,65,12891,11894,196,801
2021-06-30,kalimantan Utara,159,4,79,76,13050,11973,200,877
2021-07-01,kalimantan Utara,196,3,88,105,13246,12061,203,982
2021-07-02,kalimantan Utara,107,0,13,94,13353,12074,203,1076
2021-07-03,kalimantan Utara,113,3,60,50,13466,12134,206,1126
2021-07-04,kalimantan Utara,0,0,0,0,13466,12134,206,1126
2021-07-05,kalimantan Utara,147,0,42,105,13613,12176,206,1231
2021-07-06,kalimantan Utara,207,0,69,138,13820,12245,206,1369
2021-07-07,kalimantan Utara,162,1,26,135,13982,12271,207,1504
2021-07-08,kalimantan Utara,124,1,27,96,14106,12298,208,1600
2021-07-09,kalimantan Utara,168,1,20,147,14274,12318,209,1747
2021-07-10,kalimantan Utara,253,3,41,209,14527,12359,212,1956
2021-07-11,kalimantan Utara,282,4,56,222,14809,12415,216,2178
2021-07-12,kalimantan Utara,100,5,43,52,14909,12458,221,2230
2021-07-13,kalimantan Utara,169,2,40,127,15078,12498,223,2357
2021-07-14,kalimantan Utara,251,7,110,134,15329,12608,230,2491
2021-07-15,kalimantan Utara,155,1,108,46,15484,12716,231,2537
2021-07-16,kalimantan Utara,170,3,123,44,15654,12839,234,2581
2021-07-17,kalimantan Utara,348,6,111,231,16002,12950,240,2812
2021-07-18,kalimantan Utara,284,3,173,108,16286,13123,243,2920
2021-07-19,kalimantan Utara,130,6,112,12,16416,13235,249,2932
2021-07-20,kalimantan Utara,286,10,94,182,16702,13329,259,3114
2021-07-21,kalimantan Utara,258,4,50,204,16960,13379,263,3318
2021-07-22,kalimantan Utara,405,7,227,171,17365,13606,270,3489
2021-07-23,kalimantan Utara,460,6,171,283,17825,13777,276,3772
2021-07-24,kalimantan Utara,370,11,107,252,18195,13884,287,4024
2021-07-25,kalimantan Utara,427,3,146,278,18622,14030,290,4302
2021-07-26,kalimantan Utara,210,9,107,94,18832,14137,299,4396
2021-07-27,kalimantan Utara,457,14,368,75,19289,14505,313,4471
2021-07-28,kalimantan Utara,581,13,368,200,19870,14873,326,4671
2021-07-29,kalimantan Utara,493,5,92,396,20363,14965,331,5067
2021-07-30,kalimantan Utara,508,6,307,195,20871,15272,337,5262
2021-07-31,kalimantan Utara,554,11,319,224,21425,15591,348,5486
2021-08-01,kalimantan Utara,527,10,145,372,21952,15736,358,5858
2020-04-10,Gorontalo,1,0,0,1,1,0,0,1
2020-04-11,Gorontalo,0,0,0,0,1,0,0,1
2020-04-12,Gorontalo,0,0,0,0,1,0,0,1
2020-04-13,Gorontalo,0,0,0,0,1,0,0,1
2020-04-14,Gorontalo,0,0,0,0,1,0,0,1
2020-04-15,Gorontalo,0,0,0,0,1,0,0,1
2020-04-16,Gorontalo,3,0,0,3,4,0,0,4
2020-04-17,Gorontalo,0,0,0,0,4,0,0,4
2020-04-18,Gorontalo,0,0,0,0,4,0,0,4
2020-04-19,Gorontalo,0,0,0,0,4,0,0,4
2020-04-20,Gorontalo,0,0,0,0,4,0,0,4
2020-04-21,Gorontalo,3,1,0,2,7,0,1,6
2020-04-22,Gorontalo,0,0,0,0,7,0,1,6
2020-04-23,Gorontalo,0,0,0,0,7,0,1,6
2020-04-24,Gorontalo,5,0,0,5,12,0,1,11
2020-04-25,Gorontalo,2,0,0,2,14,0,1,13
2020-04-26,Gorontalo,0,0,0,0,14,0,1,13
2020-04-27,Gorontalo,0,0,0,0,14,0,1,13
2020-04-28,Gorontalo,1,0,2,-1,15,2,1,12
2020-04-29,Gorontalo,0,0,0,0,15,2,1,12
2020-04-30,Gorontalo,0,0,0,0,15,2,1,12
2020-05-01,Gorontalo,0,0,0,0,15,2,1,12
2020-05-02,Gorontalo,0,0,0,0,15,2,1,12
2020-05-03,Gorontalo,0,0,0,0,15,2,1,12
2020-05-04,Gorontalo,0,0,0,0,15,2,1,12
2020-05-05,Gorontalo,0,0,4,-4,15,6,1,8
2020-05-06,Gorontalo,0,0,1,-1,15,7,1,7
2020-05-07,Gorontalo,4,0,0,4,19,7,1,11
2020-05-08,Gorontalo,0,0,3,-3,19,10,1,8
2020-05-09,Gorontalo,0,0,0,0,19,10,1,8
2020-05-10,Gorontalo,0,0,1,-1,19,11,1,7
2020-05-11,Gorontalo,0,0,0,0,19,11,1,7
2020-05-12,Gorontalo,0,0,0,0,19,11,1,7
2020-05-13,Gorontalo,0,0,1,-1,19,12,1,6
2020-05-14,Gorontalo,2,0,1,1,21,13,1,7
2020-05-15,Gorontalo,1,0,1,0,22,14,1,7
2020-05-16,Gorontalo,1,1,0,0,23,14,2,7
2020-05-17,Gorontalo,1,0,0,1,24,14,2,8
2020-05-18,Gorontalo,4,0,0,4,28,14,2,12
2020-05-19,Gorontalo,0,0,0,0,28,14,2,12
2020-05-20,Gorontalo,0,0,1,-1,28,15,2,11
2020-05-21,Gorontalo,16,0,0,16,44,15,2,27
2020-05-22,Gorontalo,3,0,2,1,47,17,2,28
2020-05-23,Gorontalo,2,0,1,1,49,18,2,29
2020-05-24,Gorontalo,9,0,0,9,58,18,2,38
2020-05-25,Gorontalo,0,0,0,0,58,18,2,38
2020-05-26,Gorontalo,0,0,0,0,58,18,2,38
2020-05-27,Gorontalo,2,0,0,2,60,18,2,40
2020-05-28,Gorontalo,5,1,1,3,65,19,3,43
2020-05-29,Gorontalo,3,0,4,-1,68,23,3,42
2020-05-30,Gorontalo,1,2,0,-1,69,23,5,41
2020-05-31,Gorontalo,25,1,3,21,94,26,6,62
2020-06-01,Gorontalo,0,0,0,0,94,26,6,62
2020-06-02,Gorontalo,14,0,3,11,108,29,6,73
2020-06-03,Gorontalo,10,0,0,10,118,29,6,83
2020-06-04,Gorontalo,3,0,1,2,121,30,6,85
2020-06-05,Gorontalo,0,0,4,-4,121,34,6,81
2020-06-06,Gorontalo,5,0,21,-16,126,55,6,65
2020-06-07,Gorontalo,8,0,4,4,134,59,6,69
2020-06-08,Gorontalo,0,1,4,-5,134,63,7,64
2020-06-09,Gorontalo,5,0,7,-2,139,70,7,62
2020-06-10,Gorontalo,6,0,2,4,145,72,7,66
2020-06-11,Gorontalo,3,0,10,-7,148,82,7,59
2020-06-12,Gorontalo,33,0,1,32,181,83,7,91
2020-06-13,Gorontalo,4,1,0,3,185,83,8,94
2020-06-14,Gorontalo,0,0,8,-8,185,91,8,86
2020-06-15,Gorontalo,23,0,1,22,208,92,8,108
2020-06-16,Gorontalo,6,0,2,4,214,94,8,112
2020-06-17,Gorontalo,0,0,32,-32,214,126,8,80
2020-06-18,Gorontalo,0,0,0,0,214,126,8,80
2020-06-19,Gorontalo,6,0,0,6,220,126,8,86
2020-06-20,Gorontalo,0,0,13,-13,220,139,8,73
2020-06-21,Gorontalo,7,0,1,6,227,140,8,79
2020-06-22,Gorontalo,3,0,5,-2,230,145,8,77
2020-06-23,Gorontalo,1,0,30,-29,231,175,8,48
2020-06-24,Gorontalo,7,0,0,7,238,175,8,55
2020-06-25,Gorontalo,5,0,26,-21,243,201,8,34
2020-06-26,Gorontalo,0,0,0,0,243,201,8,34
2020-06-27,Gorontalo,0,0,0,0,243,201,8,34
2020-06-28,Gorontalo,0,0,0,0,243,201,8,34
2020-06-29,Gorontalo,0,1,12,-13,243,213,9,21
2020-06-30,Gorontalo,6,1,0,5,249,213,10,26
2020-07-01,Gorontalo,0,1,10,-11,249,223,11,15
2020-07-02,Gorontalo,7,0,3,4,256,226,11,19
2020-07-03,Gorontalo,5,0,0,5,261,226,11,24
2020-07-04,Gorontalo,8,0,1,7,269,227,11,31
2020-07-05,Gorontalo,0,0,0,0,269,227,11,31
2020-07-06,Gorontalo,2,2,0,0,271,227,13,31
2020-07-07,Gorontalo,5,2,0,3,276,227,15,34
2020-07-08,Gorontalo,10,2,0,8,286,227,17,42
2020-07-09,Gorontalo,0,0,0,0,286,227,17,42
2020-07-10,Gorontalo,30,0,2,28,316,229,17,70
2020-07-11,Gorontalo,29,0,1,28,345,230,17,98
2020-07-12,Gorontalo,14,0,2,12,359,232,17,110
2020-07-13,Gorontalo,4,3,5,-4,363,237,20,106
2020-07-14,Gorontalo,22,0,7,15,385,244,20,121
2020-07-15,Gorontalo,7,0,13,-6,392,257,20,115
2020-07-16,Gorontalo,24,1,9,14,416,266,21,129
2020-07-17,Gorontalo,9,3,35,-29,425,301,24,100
2020-07-18,Gorontalo,1,2,3,-4,426,304,26,96
2020-07-19,Gorontalo,6,0,7,-1,432,311,26,95
2020-07-20,Gorontalo,105,2,0,103,537,311,28,198
2020-07-21,Gorontalo,79,1,0,78,616,311,29,276
2020-07-22,Gorontalo,0,1,0,-1,616,311,30,275
2020-07-23,Gorontalo,4,1,11,-8,620,322,31,267
2020-07-24,Gorontalo,74,0,11,63,694,333,31,330
2020-07-25,Gorontalo,102,0,13,89,796,346,31,419
2020-07-26,Gorontalo,24,2,35,-13,820,381,33,406
2020-07-27,Gorontalo,31,0,15,16,851,396,33,422
2020-07-28,Gorontalo,4,0,42,-38,855,438,33,384
2020-07-29,Gorontalo,102,0,11,91,957,449,33,475
2020-07-30,Gorontalo,58,0,18,40,1015,467,33,515
2020-07-31,Gorontalo,0,0,76,-76,1015,543,33,439
2020-08-01,Gorontalo,142,1,45,96,1157,588,34,535
2020-08-02,Gorontalo,127,0,61,66,1284,649,34,601
2020-08-03,Gorontalo,38,1,49,-12,1322,698,35,589
2020-08-04,Gorontalo,65,2,63,0,1387,761,37,589
2020-08-05,Gorontalo,40,0,31,9,1427,792,37,598
2020-08-06,Gorontalo,4,0,121,-117,1431,913,37,481
2020-08-07,Gorontalo,38,0,102,-64,1469,1015,37,417
2020-08-08,Gorontalo,80,0,98,-18,1549,1113,37,399
2020-08-09,Gorontalo,7,2,0,5,1556,1113,39,404
2020-08-10,Gorontalo,58,1,19,38,1614,1132,40,442
2020-08-11,Gorontalo,3,0,56,-53,1617,1188,40,389
2020-08-12,Gorontalo,47,1,32,14,1664,1220,41,403
2020-08-13,Gorontalo,8,0,24,-16,1672,1244,41,387
2020-08-14,Gorontalo,3,2,25,-24,1675,1269,43,363
2020-08-15,Gorontalo,40,1,18,21,1715,1287,44,384
2020-08-16,Gorontalo,6,0,16,-10,1721,1303,44,374
2020-08-17,Gorontalo,67,2,4,61,1788,1307,46,435
2020-08-18,Gorontalo,33,0,53,-20,1821,1360,46,415
2020-08-19,Gorontalo,54,0,39,15,1875,1399,46,430
2020-08-20,Gorontalo,0,0,47,-47,1875,1446,46,383
2020-08-21,Gorontalo,12,2,28,-18,1887,1474,48,365
2020-08-22,Gorontalo,0,0,32,-32,1887,1506,48,333
2020-08-23,Gorontalo,72,1,7,64,1959,1513,49,397
2020-08-24,Gorontalo,0,1,50,-51,1959,1563,50,346
2020-08-25,Gorontalo,11,0,0,11,1970,1563,50,357
2020-08-26,Gorontalo,0,0,27,-27,1970,1590,50,330
2020-08-27,Gorontalo,53,0,11,42,2023,1601,50,372
2020-08-28,Gorontalo,12,1,151,-140,2035,1752,51,232
2020-08-29,Gorontalo,6,2,13,-9,2041,1765,53,223
2020-08-30,Gorontalo,0,0,5,-5,2041,1770,53,218
2020-08-31,Gorontalo,0,1,16,-17,2041,1786,54,201
2020-09-01,Gorontalo,34,0,27,7,2075,1813,54,208
2020-09-02,Gorontalo,15,0,17,-2,2090,1830,54,206
2020-09-03,Gorontalo,61,1,16,44,2151,1846,55,250
2020-09-04,Gorontalo,9,0,6,3,2160,1852,55,253
2020-09-05,Gorontalo,22,4,20,-2,2182,1872,59,251
2020-09-06,Gorontalo,4,0,4,0,2186,1876,59,251
2020-09-07,Gorontalo,15,0,26,-11,2201,1902,59,240
2020-09-08,Gorontalo,24,1,11,12,2225,1913,60,252
2020-09-09,Gorontalo,16,0,7,9,2241,1920,60,261
2020-09-10,Gorontalo,28,1,28,-1,2269,1948,61,260
2020-09-11,Gorontalo,2,1,8,-7,2271,1956,62,253
2020-09-12,Gorontalo,11,0,8,3,2282,1964,62,256
2020-09-13,Gorontalo,32,2,4,26,2314,1968,64,282
2020-09-14,Gorontalo,0,2,48,-50,2314,2016,66,232
2020-09-15,Gorontalo,16,0,39,-23,2330,2055,66,209
2020-09-16,Gorontalo,6,0,23,-17,2336,2078,66,192
2020-09-17,Gorontalo,5,0,11,-6,2341,2089,66,186
2020-09-18,Gorontalo,12,2,17,-7,2353,2106,68,179
2020-09-19,Gorontalo,22,0,12,10,2375,2118,68,189
2020-09-20,Gorontalo,60,0,3,57,2435,2121,68,246
2020-09-21,Gorontalo,2,0,20,-18,2437,2141,68,228
2020-09-22,Gorontalo,4,2,11,-9,2441,2152,70,219
2020-09-23,Gorontalo,48,2,15,31,2489,2167,72,250
2020-09-24,Gorontalo,0,0,21,-21,2489,2188,72,229
2020-09-25,Gorontalo,45,2,9,34,2534,2197,74,263
2020-09-26,Gorontalo,5,0,6,-1,2539,2203,74,262
2020-09-27,Gorontalo,33,0,12,21,2572,2215,74,283
2020-09-28,Gorontalo,87,0,10,77,2659,2225,74,360
2020-09-29,Gorontalo,12,0,16,-4,2671,2241,74,356
2020-09-30,Gorontalo,82,1,20,61,2753,2261,75,417
2020-10-01,Gorontalo,6,0,35,-29,2759,2296,75,388
2020-10-02,Gorontalo,16,0,21,-5,2775,2317,75,383
2020-10-03,Gorontalo,0,0,9,-9,2775,2326,75,374
2020-10-04,Gorontalo,41,0,31,10,2816,2357,75,384
2020-10-05,Gorontalo,23,1,33,-11,2839,2390,76,373
2020-10-06,Gorontalo,0,0,27,-27,2839,2417,76,346
2020-10-07,Gorontalo,83,0,24,59,2922,2441,76,405
2020-10-08,Gorontalo,9,1,0,8,2931,2441,77,413
2020-10-09,Gorontalo,2,0,106,-104,2933,2547,77,309
2020-10-10,Gorontalo,7,0,28,-21,2940,2575,77,288
2020-10-11,Gorontalo,7,0,36,-29,2947,2611,77,259
2020-10-12,Gorontalo,2,0,46,-44,2949,2657,77,215
2020-10-13,Gorontalo,0,0,36,-36,2949,2693,77,179
2020-10-14,Gorontalo,10,0,16,-6,2959,2709,77,173
2020-10-15,Gorontalo,1,1,48,-48,2960,2757,78,125
2020-10-16,Gorontalo,4,0,0,4,2964,2757,78,129
2020-10-17,Gorontalo,0,0,17,-17,2964,2774,78,112
2020-10-18,Gorontalo,3,0,0,3,2967,2774,78,115
2020-10-19,Gorontalo,2,0,22,-20,2969,2796,78,95
2020-10-20,Gorontalo,0,1,1,-2,2969,2797,79,93
2020-10-21,Gorontalo,3,1,4,-2,2972,2801,80,91
2020-10-22,Gorontalo,3,0,13,-10,2975,2814,80,81
2020-10-23,Gorontalo,0,0,0,0,2975,2814,80,81
2020-10-24,Gorontalo,7,0,2,5,2982,2816,80,86
2020-10-25,Gorontalo,19,4,18,-3,3001,2834,84,83
2020-10-26,Gorontalo,2,0,3,-1,3003,2837,84,82
2020-10-27,Gorontalo,2,0,1,1,3005,2838,84,83
2020-10-28,Gorontalo,2,0,0,2,3007,2838,84,85
2020-10-29,Gorontalo,0,0,6,-6,3007,2844,84,79
2020-10-30,Gorontalo,10,0,2,8,3017,2846,84,87
2020-10-31,Gorontalo,0,0,5,-5,3017,2851,84,82
2020-11-01,Gorontalo,4,0,1,3,3021,2852,84,85
2020-11-02,Gorontalo,0,0,6,-6,3021,2858,84,79
2020-11-03,Gorontalo,10,1,2,7,3031,2860,85,86
2020-11-04,Gorontalo,0,0,5,-5,3031,2865,85,81
2020-11-05,Gorontalo,0,0,0,0,3031,2865,85,81
2020-11-06,Gorontalo,1,0,5,-4,3032,2870,85,77
2020-11-07,Gorontalo,5,0,0,5,3037,2870,85,82
2020-11-08,Gorontalo,8,0,1,7,3045,2871,85,89
2020-11-09,Gorontalo,4,0,3,1,3049,2874,85,90
2020-11-10,Gorontalo,0,0,3,-3,3049,2877,85,87
2020-11-11,Gorontalo,0,0,0,0,3049,2877,85,87
2020-11-12,Gorontalo,5,0,14,-9,3054,2891,85,78
2020-11-13,Gorontalo,0,0,1,-1,3054,2892,85,77
2020-11-14,Gorontalo,0,2,1,-3,3054,2893,87,74
2020-11-15,Gorontalo,0,0,1,-1,3054,2894,87,73
2020-11-16,Gorontalo,0,1,4,-5,3054,2898,88,68
2020-11-17,Gorontalo,0,0,7,-7,3054,2905,88,61
2020-11-18,Gorontalo,3,0,3,0,3057,2908,88,61
2020-11-19,Gorontalo,0,0,0,0,3057,2908,88,61
2020-11-20,Gorontalo,0,0,0,0,3057,2908,88,61
2020-11-21,Gorontalo,0,0,2,-2,3057,2910,88,59
2020-11-22,Gorontalo,5,0,0,5,3062,2910,88,64
2020-11-23,Gorontalo,1,0,48,-47,3063,2958,88,17
2020-11-24,Gorontalo,2,0,0,2,3065,2958,88,19
2020-11-25,Gorontalo,0,0,0,0,3065,2958,88,19
2020-11-26,Gorontalo,8,0,0,8,3073,2958,88,27
2020-11-27,Gorontalo,0,0,0,0,3073,2958,88,27
2020-11-28,Gorontalo,18,1,7,10,3091,2965,89,37
2020-11-29,Gorontalo,19,2,1,16,3110,2966,91,53
2020-11-30,Gorontalo,0,0,3,-3,3110,2969,91,50
2020-12-01,Gorontalo,0,0,0,0,3110,2969,91,50
2020-12-02,Gorontalo,29,0,0,29,3139,2969,91,79
2020-12-03,Gorontalo,18,0,3,15,3157,2972,91,94
2020-12-04,Gorontalo,15,0,11,4,3172,2983,91,98
2020-12-05,Gorontalo,0,0,24,-24,3172,3007,91,74
2020-12-06,Gorontalo,91,1,2,88,3263,3009,92,162
2020-12-07,Gorontalo,0,0,11,-11,3263,3020,92,151
2020-12-08,Gorontalo,3,0,4,-1,3266,3024,92,150
2020-12-09,Gorontalo,24,3,60,-39,3290,3084,95,111
2020-12-10,Gorontalo,0,0,32,-32,3290,3116,95,79
2020-12-11,Gorontalo,5,0,10,-5,3295,3126,95,74
2020-12-12,Gorontalo,11,0,6,5,3306,3132,95,79
2020-12-13,Gorontalo,0,0,5,-5,3306,3137,95,74
2020-12-14,Gorontalo,15,0,6,9,3321,3143,95,83
2020-12-15,Gorontalo,1,0,2,-1,3322,3145,95,82
2020-12-16,Gorontalo,20,1,6,13,3342,3151,96,95
2020-12-17,Gorontalo,12,0,27,-15,3354,3178,96,80
2020-12-18,Gorontalo,11,0,0,11,3365,3178,96,91
2020-12-19,Gorontalo,0,0,1,-1,3365,3179,96,90
2020-12-20,Gorontalo,3,0,4,-1,3368,3183,96,89
2020-12-21,Gorontalo,0,0,3,-3,3368,3186,96,86
2020-12-22,Gorontalo,47,1,3,43,3415,3189,97,129
2020-12-23,Gorontalo,50,2,0,48,3465,3189,99,177
2020-12-24,Gorontalo,30,2,9,19,3495,3198,101,196
2020-12-25,Gorontalo,64,0,7,57,3559,3205,101,253
2020-12-26,Gorontalo,44,0,1,43,3603,3206,101,296
2020-12-27,Gorontalo,0,0,38,-38,3603,3244,101,258
2020-12-28,Gorontalo,73,0,3,70,3676,3247,101,328
2020-12-29,Gorontalo,12,0,16,-4,3688,3263,101,324
2020-12-30,Gorontalo,7,0,20,-13,3695,3283,101,311
2020-12-31,Gorontalo,146,3,25,118,3841,3308,104,429
2021-01-01,Gorontalo,25,0,16,9,3866,3324,104,438
2021-01-02,Gorontalo,0,0,30,-30,3866,3354,104,408
2021-01-03,Gorontalo,1,0,35,-34,3867,3389,104,374
2021-01-04,Gorontalo,13,0,16,-3,3880,3405,104,371
2021-01-05,Gorontalo,8,0,33,-25,3888,3438,104,346
2021-01-06,Gorontalo,0,0,22,-22,3888,3460,104,324
2021-01-07,Gorontalo,46,0,67,-21,3934,3527,104,303
2021-01-08,Gorontalo,15,1,32,-18,3949,3559,105,285
2021-01-09,Gorontalo,12,0,4,8,3961,3563,105,293
2021-01-10,Gorontalo,8,1,44,-37,3969,3607,106,256
2021-01-11,Gorontalo,11,0,21,-10,3980,3628,106,246
2021-01-12,Gorontalo,31,0,10,21,4011,3638,106,267
2021-01-13,Gorontalo,0,0,24,-24,4011,3662,106,243
2021-01-14,Gorontalo,43,0,24,19,4054,3686,106,262
2021-01-15,Gorontalo,3,0,4,-1,4057,3690,106,261
2021-01-16,Gorontalo,8,0,0,8,4065,3690,106,269
2021-01-17,Gorontalo,9,0,0,9,4074,3690,106,278
2021-01-18,Gorontalo,6,1,151,-146,4080,3841,107,132
2021-01-19,Gorontalo,28,0,27,1,4108,3868,107,133
2021-01-20,Gorontalo,14,1,9,4,4122,3877,108,137
2021-01-21,Gorontalo,7,0,2,5,4129,3879,108,142
2021-01-22,Gorontalo,13,0,7,6,4142,3886,108,148
2021-01-23,Gorontalo,16,2,3,11,4158,3889,110,159
2021-01-24,Gorontalo,3,0,0,3,4161,3889,110,162
2021-01-25,Gorontalo,7,0,25,-18,4168,3914,110,144
2021-01-26,Gorontalo,4,2,7,-5,4172,3921,112,139
2021-01-27,Gorontalo,1,1,7,-7,4173,3928,113,132
2021-01-28,Gorontalo,55,1,3,51,4228,3931,114,183
2021-01-29,Gorontalo,16,1,15,0,4244,3946,115,183
2021-01-30,Gorontalo,39,0,14,25,4283,3960,115,208
2021-01-31,Gorontalo,25,0,2,23,4308,3962,115,231
2021-02-01,Gorontalo,3,2,9,-8,4311,3971,117,223
2021-02-02,Gorontalo,59,2,9,48,4370,3980,119,271
2021-02-03,Gorontalo,30,0,6,24,4400,3986,119,295
2021-02-04,Gorontalo,23,1,12,10,4423,3998,120,305
2021-02-05,Gorontalo,14,0,3,11,4437,4001,120,316
2021-02-06,Gorontalo,11,1,14,-4,4448,4015,121,312
2021-02-07,Gorontalo,22,1,20,1,4470,4035,122,313
2021-02-08,Gorontalo,0,0,17,-17,4470,4052,122,296
2021-02-09,Gorontalo,31,0,17,14,4501,4069,122,310
2021-02-10,Gorontalo,26,0,21,5,4527,4090,122,315
2021-02-11,Gorontalo,14,0,62,-48,4541,4152,122,267
2021-02-12,Gorontalo,29,1,9,19,4570,4161,123,286
2021-02-13,Gorontalo,4,0,27,-23,4574,4188,123,263
2021-02-14,Gorontalo,19,0,11,8,4593,4199,123,271
2021-02-15,Gorontalo,19,1,10,8,4612,4209,124,279
2021-02-16,Gorontalo,22,0,3,19,4634,4212,124,298
2021-02-17,Gorontalo,4,0,3,1,4638,4215,124,299
2021-02-18,Gorontalo,10,2,11,-3,4648,4226,126,296
2021-02-19,Gorontalo,47,0,13,34,4695,4239,126,330
2021-02-20,Gorontalo,6,0,12,-6,4701,4251,126,324
2021-02-21,Gorontalo,18,2,9,7,4719,4260,128,331
2021-02-22,Gorontalo,2,0,17,-15,4721,4277,128,316
2021-02-23,Gorontalo,10,3,12,-5,4731,4289,131,311
2021-02-24,Gorontalo,2,0,9,-7,4733,4298,131,304
2021-02-25,Gorontalo,22,2,22,-2,4755,4320,133,302
2021-02-26,Gorontalo,19,0,17,2,4774,4337,133,304
2021-02-27,Gorontalo,2,2,11,-11,4776,4348,135,293
2021-02-28,Gorontalo,18,0,10,8,4794,4358,135,301
2021-03-01,Gorontalo,4,1,20,-17,4798,4378,136,284
2021-03-02,Gorontalo,4,0,16,-12,4802,4394,136,272
2021-03-03,Gorontalo,17,0,6,11,4819,4400,136,283
2021-03-04,Gorontalo,23,0,7,16,4842,4407,136,299
2021-03-05,Gorontalo,9,0,17,-8,4851,4424,136,291
2021-03-06,Gorontalo,13,1,10,2,4864,4434,137,293
2021-03-07,Gorontalo,2,1,0,1,4866,4434,138,294
2021-03-08,Gorontalo,0,0,4,-4,4866,4438,138,290
2021-03-09,Gorontalo,0,0,21,-21,4866,4459,138,269
2021-03-10,Gorontalo,14,0,2,12,4880,4461,138,281
2021-03-11,Gorontalo,0,1,3,-4,4880,4464,139,277
2021-03-12,Gorontalo,23,0,27,-4,4903,4491,139,273
2021-03-13,Gorontalo,51,1,23,27,4954,4514,140,300
2021-03-14,Gorontalo,7,0,3,4,4961,4517,140,304
2021-03-15,Gorontalo,3,0,6,-3,4964,4523,140,301
2021-03-16,Gorontalo,3,1,5,-3,4967,4528,141,298
2021-03-17,Gorontalo,16,0,11,5,4983,4539,141,303
2021-03-18,Gorontalo,34,0,155,-121,5017,4694,141,182
2021-03-19,Gorontalo,3,0,12,-9,5020,4706,141,173
2021-03-20,Gorontalo,17,0,5,12,5037,4711,141,185
2021-03-21,Gorontalo,2,1,2,-1,5039,4713,142,184
2021-03-22,Gorontalo,2,0,16,-14,5041,4729,142,170
2021-03-23,Gorontalo,34,0,27,7,5075,4756,142,177
2021-03-24,Gorontalo,0,2,2,-4,5075,4758,144,173
2021-03-25,Gorontalo,7,0,8,-1,5082,4766,144,172
2021-03-26,Gorontalo,21,0,13,8,5103,4779,144,180
2021-03-27,Gorontalo,8,1,8,-1,5111,4787,145,179
2021-03-28,Gorontalo,8,0,0,8,5119,4787,145,187
2021-03-29,Gorontalo,2,0,14,-12,5121,4801,145,175
2021-03-30,Gorontalo,10,1,24,-15,5131,4825,146,160
2021-03-31,Gorontalo,8,0,10,-2,5139,4835,146,158
2021-04-01,Gorontalo,23,1,2,20,5162,4837,147,178
2021-04-02,Gorontalo,10,0,2,8,5172,4839,147,186
2021-04-03,Gorontalo,19,0,3,16,5191,4842,147,202
2021-04-04,Gorontalo,11,1,7,3,5202,4849,148,205
2021-04-05,Gorontalo,0,1,11,-12,5202,4860,149,193
2021-04-06,Gorontalo,7,1,8,-2,5209,4868,150,191
2021-04-07,Gorontalo,16,0,4,12,5225,4872,150,203
2021-04-08,Gorontalo,0,0,3,-3,5225,4875,150,200
2021-04-09,Gorontalo,15,0,5,10,5240,4880,150,210
2021-04-10,Gorontalo,7,0,1,6,5247,4881,150,216
2021-04-11,Gorontalo,10,0,0,10,5257,4881,150,226
2021-04-12,Gorontalo,1,0,8,-7,5258,4889,150,219
2021-04-13,Gorontalo,16,3,26,-13,5274,4915,153,206
2021-04-14,Gorontalo,7,3,13,-9,5281,4928,156,197
2021-04-15,Gorontalo,16,1,12,3,5297,4940,157,200
2021-04-16,Gorontalo,7,0,0,7,5304,4940,157,207
2021-04-17,Gorontalo,12,1,20,-9,5316,4960,158,198
2021-04-18,Gorontalo,7,0,7,0,5323,4967,158,198
2021-04-19,Gorontalo,0,1,7,-8,5323,4974,159,190
2021-04-20,Gorontalo,9,1,2,6,5332,4976,160,196
2021-04-21,Gorontalo,0,1,4,-5,5332,4980,161,191
2021-04-22,Gorontalo,6,0,2,4,5338,4982,161,195
2021-04-23,Gorontalo,2,0,2,0,5340,4984,161,195
2021-04-24,Gorontalo,6,0,2,4,5346,4986,161,199
2021-04-25,Gorontalo,0,0,0,0,5346,4986,161,199
2021-04-26,Gorontalo,9,0,3,6,5355,4989,161,205
2021-04-27,Gorontalo,0,0,0,0,5355,4989,161,205
2021-04-28,Gorontalo,19,0,30,-11,5374,5019,161,194
2021-04-29,Gorontalo,12,0,1,11,5386,5020,161,205
2021-04-30,Gorontalo,8,0,10,-2,5394,5030,161,203
2021-05-01,Gorontalo,6,4,49,-47,5400,5079,165,156
2021-05-02,Gorontalo,0,1,2,-3,5400,5081,166,153
2021-05-03,Gorontalo,3,2,3,-2,5403,5084,168,151
2021-05-04,Gorontalo,4,0,4,0,5407,5088,168,151
2021-05-05,Gorontalo,4,0,13,-9,5411,5101,168,142
2021-05-06,Gorontalo,11,0,4,7,5422,5105,168,149
2021-05-07,Gorontalo,0,1,2,-3,5422,5107,169,146
2021-05-08,Gorontalo,2,0,0,2,5424,5107,169,148
2021-05-09,Gorontalo,0,1,1,-2,5424,5108,170,146
2021-05-10,Gorontalo,0,0,3,-3,5424,5111,170,143
2021-05-11,Gorontalo,7,0,3,4,5431,5114,170,147
2021-05-12,Gorontalo,0,0,0,0,5431,5114,170,147
2021-05-13,Gorontalo,1,0,0,1,5432,5114,170,148
2021-05-14,Gorontalo,1,0,2,-1,5433,5116,170,147
2021-05-15,Gorontalo,0,0,2,-2,5433,5118,170,145
2021-05-16,Gorontalo,3,0,0,3,5436,5118,170,148
2021-05-17,Gorontalo,2,0,8,-6,5438,5126,170,142
2021-05-18,Gorontalo,6,0,0,6,5444,5126,170,148
2021-05-19,Gorontalo,5,0,1,4,5449,5127,170,152
2021-05-20,Gorontalo,0,0,0,0,5449,5127,170,152
2021-05-21,Gorontalo,5,0,0,5,5454,5127,170,157
2021-05-22,Gorontalo,3,0,0,3,5457,5127,170,160
2021-05-23,Gorontalo,5,0,0,5,5462,5127,170,165
2021-05-24,Gorontalo,2,0,3,-1,5464,5130,170,164
2021-05-25,Gorontalo,8,0,3,5,5472,5133,170,169
2021-05-26,Gorontalo,1,0,1,0,5473,5134,170,169
2021-05-27,Gorontalo,11,0,0,11,5484,5134,170,180
2021-05-28,Gorontalo,1,0,0,1,5485,5134,170,181
2021-05-29,Gorontalo,6,2,102,-98,5491,5236,172,83
2021-05-30,Gorontalo,11,0,0,11,5502,5236,172,94
2021-05-31,Gorontalo,4,0,4,0,5506,5240,172,94
2021-06-01,Gorontalo,0,0,0,0,5506,5240,172,94
2021-06-02,Gorontalo,4,0,9,-5,5510,5249,172,89
2021-06-03,Gorontalo,0,0,11,-11,5510,5260,172,78
2021-06-04,Gorontalo,2,0,2,0,5512,5262,172,78
2021-06-05,Gorontalo,1,0,4,-3,5513,5266,172,75
2021-06-06,Gorontalo,10,0,3,7,5523,5269,172,82
2021-06-07,Gorontalo,0,0,2,-2,5523,5271,172,80
2021-06-08,Gorontalo,0,0,2,-2,5523,5273,172,78
2021-06-09,Gorontalo,6,1,2,3,5529,5275,173,81
2021-06-10,Gorontalo,15,0,0,15,5544,5275,173,96
2021-06-11,Gorontalo,5,0,0,5,5549,5275,173,101
2021-06-12,Gorontalo,4,3,53,-52,5553,5328,176,49
2021-06-13,Gorontalo,4,2,7,-5,5557,5335,178,44
2021-06-14,Gorontalo,0,2,1,-3,5557,5336,180,41
2021-06-15,Gorontalo,18,0,0,18,5575,5336,180,59
2021-06-16,Gorontalo,2,0,0,2,5577,5336,180,61
2021-06-17,Gorontalo,0,0,1,-1,5577,5337,180,60
2021-06-18,Gorontalo,28,0,0,28,5605,5337,180,88
2021-06-19,Gorontalo,9,0,0,9,5614,5337,180,97
2021-06-20,Gorontalo,10,0,0,10,5624,5337,180,107
2021-06-21,Gorontalo,66,0,0,66,5690,5337,180,173
2021-06-22,Gorontalo,0,0,1,-1,5690,5338,180,172
2021-06-23,Gorontalo,33,0,1,32,5723,5339,180,204
2021-06-24,Gorontalo,0,0,0,0,5723,5339,180,204
2021-06-25,Gorontalo,19,0,1,18,5742,5340,180,222
2021-06-26,Gorontalo,41,1,13,27,5783,5353,181,249
2021-06-27,Gorontalo,36,0,14,22,5819,5367,181,271
2021-06-28,Gorontalo,18,0,5,13,5837,5372,181,284
2021-06-29,Gorontalo,10,1,40,-31,5847,5412,182,253
2021-06-30,Gorontalo,0,0,3,-3,5847,5415,182,250
2021-07-01,Gorontalo,27,0,26,1,5874,5441,182,251
2021-07-02,Gorontalo,25,3,22,0,5899,5463,185,251
2021-07-03,Gorontalo,14,0,27,-13,5913,5490,185,238
2021-07-04,Gorontalo,0,0,22,-22,5913,5512,185,216
2021-07-05,Gorontalo,76,0,18,58,5989,5530,185,274
2021-07-06,Gorontalo,37,0,3,34,6026,5533,185,308
2021-07-07,Gorontalo,86,1,15,70,6112,5548,186,378
2021-07-08,Gorontalo,41,0,7,34,6153,5555,186,412
2021-07-09,Gorontalo,11,1,26,-16,6164,5581,187,396
2021-07-10,Gorontalo,25,1,28,-4,6189,5609,188,392
2021-07-11,Gorontalo,0,0,9,-9,6189,5618,188,383
2021-07-12,Gorontalo,121,1,0,120,6310,5618,189,503
2021-07-13,Gorontalo,56,3,21,32,6366,5639,192,535
2021-07-14,Gorontalo,56,1,68,-13,6422,5707,193,522
2021-07-15,Gorontalo,63,0,17,46,6485,5724,193,568
2021-07-16,Gorontalo,153,3,35,115,6638,5759,196,683
2021-07-17,Gorontalo,53,1,25,27,6691,5784,197,710
2021-07-18,Gorontalo,102,0,31,71,6793,5815,197,781
2021-07-19,Gorontalo,134,0,5,129,6927,5820,197,910
2021-07-20,Gorontalo,22,0,102,-80,6949,5922,197,830
2021-07-21,Gorontalo,58,0,30,28,7007,5952,197,858
2021-07-22,Gorontalo,76,7,54,15,7083,6006,204,873
2021-07-23,Gorontalo,20,1,33,-14,7103,6039,205,859
2021-07-24,Gorontalo,74,1,20,53,7177,6059,206,912
2021-07-25,Gorontalo,34,1,33,0,7211,6092,207,912
2021-07-26,Gorontalo,49,0,45,4,7260,6137,207,916
2021-07-27,Gorontalo,87,5,119,-37,7347,6256,212,879
2021-07-28,Gorontalo,194,1,24,169,7541,6280,213,1048
2021-07-29,Gorontalo,78,2,130,-54,7619,6410,215,994
2021-07-30,Gorontalo,186,0,32,154,7805,6442,215,1148
2021-07-31,Gorontalo,119,13,128,-22,7924,6570,228,1126
2021-08-01,Gorontalo,200,3,29,168,8124,6599,231,1294
2020-03-28,Sulawesi Barat,1,0,0,1,1,0,0,1
2020-03-29,Sulawesi Barat,0,0,0,0,1,0,0,1
2020-03-30,Sulawesi Barat,0,0,0,0,1,0,0,1
2020-03-31,Sulawesi Barat,0,0,0,0,1,0,0,1
2020-04-01,Sulawesi Barat,0,0,0,0,1,0,0,1
2020-04-02,Sulawesi Barat,0,0,0,0,1,0,0,1
2020-04-03,Sulawesi Barat,1,0,0,1,2,0,0,2
2020-04-04,Sulawesi Barat,0,0,0,0,2,0,0,2
2020-04-05,Sulawesi Barat,0,0,0,0,2,0,0,2
2020-04-06,Sulawesi Barat,0,0,0,0,2,0,0,2
2020-04-07,Sulawesi Barat,0,0,0,0,2,0,0,2
2020-04-08,Sulawesi Barat,0,0,0,0,2,0,0,2
2020-04-09,Sulawesi Barat,0,0,0,0,2,0,0,2
2020-04-10,Sulawesi Barat,1,0,0,1,3,0,0,3
2020-04-11,Sulawesi Barat,2,1,1,0,5,1,1,3
2020-04-12,Sulawesi Barat,0,0,0,0,5,1,1,3
2020-04-13,Sulawesi Barat,0,0,0,0,5,1,1,3
2020-04-14,Sulawesi Barat,0,0,0,0,5,1,1,3
2020-04-15,Sulawesi Barat,2,0,0,2,7,1,1,5
2020-04-16,Sulawesi Barat,0,0,0,0,7,1,1,5
2020-04-17,Sulawesi Barat,0,0,0,0,7,1,1,5
2020-04-18,Sulawesi Barat,0,0,0,0,7,1,1,5
2020-04-19,Sulawesi Barat,0,0,0,0,7,1,1,5
2020-04-20,Sulawesi Barat,0,0,0,0,7,1,1,5
2020-04-21,Sulawesi Barat,0,0,0,0,7,1,1,5
2020-04-22,Sulawesi Barat,1,0,0,1,8,1,1,6
2020-04-23,Sulawesi Barat,0,0,0,0,8,1,1,6
2020-04-24,Sulawesi Barat,25,0,0,25,33,1,1,31
2020-04-25,Sulawesi Barat,2,0,0,2,35,1,1,33
2020-04-26,Sulawesi Barat,0,0,0,0,35,1,1,33
2020-04-27,Sulawesi Barat,0,0,0,0,35,1,1,33
2020-04-28,Sulawesi Barat,2,0,2,0,37,3,1,33
2020-04-29,Sulawesi Barat,1,0,1,0,38,4,1,33
2020-04-30,Sulawesi Barat,4,0,0,4,42,4,1,37
2020-05-01,Sulawesi Barat,1,0,1,0,43,5,1,37
2020-05-02,Sulawesi Barat,1,0,0,1,44,5,1,38
2020-05-03,Sulawesi Barat,0,0,0,0,44,5,1,38
2020-05-04,Sulawesi Barat,0,0,0,0,44,5,1,38
2020-05-05,Sulawesi Barat,14,1,0,13,58,5,2,51
2020-05-06,Sulawesi Barat,0,0,0,0,58,5,2,51
2020-05-07,Sulawesi Barat,0,0,0,0,58,5,2,51
2020-05-08,Sulawesi Barat,2,0,0,2,60,5,2,53
2020-05-09,Sulawesi Barat,2,0,0,2,62,5,2,55
2020-05-10,Sulawesi Barat,0,0,0,0,62,5,2,55
2020-05-11,Sulawesi Barat,0,0,0,0,62,5,2,55
2020-05-12,Sulawesi Barat,5,0,2,3,67,7,2,58
2020-05-13,Sulawesi Barat,6,0,0,6,73,7,2,64
2020-05-14,Sulawesi Barat,1,0,13,-12,74,20,2,52
2020-05-15,Sulawesi Barat,0,0,2,-2,74,22,2,50
2020-05-16,Sulawesi Barat,1,0,1,0,75,23,2,50
2020-05-17,Sulawesi Barat,0,0,0,0,75,23,2,50
2020-05-18,Sulawesi Barat,0,0,0,0,75,23,2,50
2020-05-19,Sulawesi Barat,2,0,2,0,77,25,2,50
2020-05-20,Sulawesi Barat,1,0,0,1,78,25,2,51
2020-05-21,Sulawesi Barat,8,0,0,8,86,25,2,59
2020-05-22,Sulawesi Barat,0,0,1,-1,86,26,2,58
2020-05-23,Sulawesi Barat,0,0,1,-1,86,27,2,57
2020-05-24,Sulawesi Barat,0,0,0,0,86,27,2,57
2020-05-25,Sulawesi Barat,0,0,0,0,86,27,2,57
2020-05-26,Sulawesi Barat,1,0,2,-1,87,29,2,56
2020-05-27,Sulawesi Barat,1,0,3,-2,88,32,2,54
2020-05-28,Sulawesi Barat,0,0,2,-2,88,34,2,52
2020-05-29,Sulawesi Barat,0,0,0,0,88,34,2,52
2020-05-30,Sulawesi Barat,0,0,0,0,88,34,2,52
2020-05-31,Sulawesi Barat,4,0,7,-3,92,41,2,49
2020-06-01,Sulawesi Barat,0,0,0,0,92,41,2,49
2020-06-02,Sulawesi Barat,0,0,8,-8,92,49,2,41
2020-06-03,Sulawesi Barat,0,0,0,0,92,49,2,41
2020-06-04,Sulawesi Barat,0,0,0,0,92,49,2,41
2020-06-05,Sulawesi Barat,0,0,1,-1,92,50,2,40
2020-06-06,Sulawesi Barat,0,0,8,-8,92,58,2,32
2020-06-07,Sulawesi Barat,2,0,3,-1,94,61,2,31
2020-06-08,Sulawesi Barat,0,0,1,-1,94,62,2,30
2020-06-09,Sulawesi Barat,0,0,1,-1,94,63,2,29
2020-06-10,Sulawesi Barat,1,0,0,1,95,63,2,30
2020-06-11,Sulawesi Barat,1,0,3,-2,96,66,2,28
2020-06-12,Sulawesi Barat,1,0,0,1,97,66,2,29
2020-06-13,Sulawesi Barat,0,0,4,-4,97,70,2,25
2020-06-14,Sulawesi Barat,1,0,1,0,98,71,2,25
2020-06-15,Sulawesi Barat,0,0,0,0,98,71,2,25
2020-06-16,Sulawesi Barat,0,0,0,0,98,71,2,25
2020-06-17,Sulawesi Barat,1,0,5,-4,99,76,2,21
2020-06-18,Sulawesi Barat,5,0,0,5,104,76,2,26
2020-06-19,Sulawesi Barat,0,0,1,-1,104,77,2,25
2020-06-20,Sulawesi Barat,0,0,0,0,104,77,2,25
2020-06-21,Sulawesi Barat,0,0,0,0,104,77,2,25
2020-06-22,Sulawesi Barat,0,0,0,0,104,77,2,25
2020-06-23,Sulawesi Barat,0,0,1,-1,104,78,2,24
2020-06-24,Sulawesi Barat,1,0,0,1,105,78,2,25
2020-06-25,Sulawesi Barat,1,0,1,0,106,79,2,25
2020-06-26,Sulawesi Barat,3,0,0,3,109,79,2,28
2020-06-27,Sulawesi Barat,4,0,4,0,113,83,2,28
2020-06-28,Sulawesi Barat,1,0,0,1,114,83,2,29
2020-06-29,Sulawesi Barat,0,0,0,0,114,83,2,29
2020-06-30,Sulawesi Barat,1,0,1,0,115,84,2,29
2020-07-01,Sulawesi Barat,2,0,0,2,117,84,2,31
2020-07-02,Sulawesi Barat,2,0,1,1,119,85,2,32
2020-07-03,Sulawesi Barat,1,0,0,1,120,85,2,33
2020-07-04,Sulawesi Barat,4,0,0,4,124,85,2,37
2020-07-05,Sulawesi Barat,0,0,0,0,124,85,2,37
2020-07-06,Sulawesi Barat,0,0,4,-4,124,89,2,33
2020-07-07,Sulawesi Barat,3,0,0,3,127,89,2,36
2020-07-08,Sulawesi Barat,2,0,1,1,129,90,2,37
2020-07-09,Sulawesi Barat,1,0,0,1,130,90,2,38
2020-07-10,Sulawesi Barat,5,1,1,3,135,91,3,41
2020-07-11,Sulawesi Barat,3,0,1,2,138,92,3,43
2020-07-12,Sulawesi Barat,4,0,3,1,142,95,3,44
2020-07-13,Sulawesi Barat,1,0,0,1,143,95,3,45
2020-07-14,Sulawesi Barat,3,0,3,0,146,98,3,45
2020-07-15,Sulawesi Barat,6,0,0,6,152,98,3,51
2020-07-16,Sulawesi Barat,2,0,4,-2,154,102,3,49
2020-07-17,Sulawesi Barat,0,0,1,-1,154,103,3,48
2020-07-18,Sulawesi Barat,4,0,1,3,158,104,3,51
2020-07-19,Sulawesi Barat,1,0,1,0,159,105,3,51
2020-07-20,Sulawesi Barat,7,0,9,-2,166,114,3,49
2020-07-21,Sulawesi Barat,1,0,0,1,167,114,3,50
2020-07-22,Sulawesi Barat,2,0,0,2,169,114,3,52
2020-07-23,Sulawesi Barat,2,0,3,-1,171,117,3,51
2020-07-24,Sulawesi Barat,4,0,0,4,175,117,3,55
2020-07-25,Sulawesi Barat,12,0,2,10,187,119,3,65
2020-07-26,Sulawesi Barat,5,0,0,5,192,119,3,70
2020-07-27,Sulawesi Barat,1,0,0,1,193,119,3,71
2020-07-28,Sulawesi Barat,2,0,0,2,195,119,3,73
2020-07-29,Sulawesi Barat,6,0,6,0,201,125,3,73
2020-07-30,Sulawesi Barat,22,1,7,14,223,132,4,87
2020-07-31,Sulawesi Barat,7,0,8,-1,230,140,4,86
2020-08-01,Sulawesi Barat,2,0,0,2,232,140,4,88
2020-08-02,Sulawesi Barat,6,0,4,2,238,144,4,90
2020-08-03,Sulawesi Barat,1,1,3,-3,239,147,5,87
2020-08-04,Sulawesi Barat,3,0,3,0,242,150,5,87
2020-08-05,Sulawesi Barat,3,0,1,2,245,151,5,89
2020-08-06,Sulawesi Barat,20,0,0,20,265,151,5,109
2020-08-07,Sulawesi Barat,2,0,7,-5,267,158,5,104
2020-08-08,Sulawesi Barat,8,0,7,1,275,165,5,105
2020-08-09,Sulawesi Barat,0,0,7,-7,275,172,5,98
2020-08-10,Sulawesi Barat,0,0,0,0,275,172,5,98
2020-08-11,Sulawesi Barat,7,0,6,1,282,178,5,99
2020-08-12,Sulawesi Barat,0,1,0,-1,282,178,6,98
2020-08-13,Sulawesi Barat,5,1,9,-5,287,187,7,93
2020-08-14,Sulawesi Barat,12,0,4,8,299,191,7,101
2020-08-15,Sulawesi Barat,7,0,12,-5,306,203,7,96
2020-08-16,Sulawesi Barat,1,0,8,-7,307,211,7,89
2020-08-17,Sulawesi Barat,12,0,0,12,319,211,7,101
2020-08-18,Sulawesi Barat,1,0,6,-5,320,217,7,96
2020-08-19,Sulawesi Barat,2,0,1,1,322,218,7,97
2020-08-20,Sulawesi Barat,1,0,9,-8,323,227,7,89
2020-08-21,Sulawesi Barat,8,0,0,8,331,227,7,97
2020-08-22,Sulawesi Barat,16,0,3,13,347,230,7,110
2020-08-23,Sulawesi Barat,5,0,7,-2,352,237,7,108
2020-08-24,Sulawesi Barat,1,0,0,1,353,237,7,109
2020-08-25,Sulawesi Barat,7,0,3,4,360,240,7,113
2020-08-26,Sulawesi Barat,2,0,4,-2,362,244,7,111
2020-08-27,Sulawesi Barat,6,0,4,2,368,248,7,113
2020-08-28,Sulawesi Barat,16,0,13,3,384,261,7,116
2020-08-29,Sulawesi Barat,4,0,2,2,388,263,7,118
2020-08-30,Sulawesi Barat,5,0,7,-2,393,270,7,116
2020-08-31,Sulawesi Barat,2,0,0,2,395,270,7,118
2020-09-01,Sulawesi Barat,1,0,7,-6,396,277,7,112
2020-09-02,Sulawesi Barat,0,0,1,-1,396,278,7,111
2020-09-03,Sulawesi Barat,6,0,2,4,402,280,7,115
2020-09-04,Sulawesi Barat,0,0,3,-3,402,283,7,112
2020-09-05,Sulawesi Barat,17,0,10,7,419,293,7,119
2020-09-06,Sulawesi Barat,0,0,6,-6,419,299,7,113
2020-09-07,Sulawesi Barat,0,0,3,-3,419,302,7,110
2020-09-08,Sulawesi Barat,16,0,4,12,435,306,7,122
2020-09-09,Sulawesi Barat,15,0,12,3,450,318,7,125
2020-09-10,Sulawesi Barat,6,0,8,-2,456,326,7,123
2020-09-11,Sulawesi Barat,3,0,5,-2,459,331,7,121
2020-09-12,Sulawesi Barat,3,0,7,-4,462,338,7,117
2020-09-13,Sulawesi Barat,8,0,3,5,470,341,7,122
2020-09-14,Sulawesi Barat,1,0,1,0,471,342,7,122
2020-09-15,Sulawesi Barat,4,0,5,-1,475,347,7,121
2020-09-16,Sulawesi Barat,2,0,2,0,477,349,7,121
2020-09-17,Sulawesi Barat,5,0,11,-6,482,360,7,115
2020-09-18,Sulawesi Barat,2,0,4,-2,484,364,7,113
2020-09-19,Sulawesi Barat,1,0,5,-4,485,369,7,109
2020-09-20,Sulawesi Barat,19,0,9,10,504,378,7,119
2020-09-21,Sulawesi Barat,1,0,0,1,505,378,7,120
2020-09-22,Sulawesi Barat,25,0,2,23,530,380,7,143
2020-09-23,Sulawesi Barat,10,0,5,5,540,385,7,148
2020-09-24,Sulawesi Barat,6,2,10,-6,546,395,9,142
2020-09-25,Sulawesi Barat,21,2,12,7,567,407,11,149
2020-09-26,Sulawesi Barat,4,0,1,3,571,408,11,152
2020-09-27,Sulawesi Barat,46,0,8,38,617,416,11,190
2020-09-28,Sulawesi Barat,0,0,0,0,617,416,11,190
2020-09-29,Sulawesi Barat,156,0,1,155,773,417,11,345
2020-09-30,Sulawesi Barat,21,0,7,14,794,424,11,359
2020-10-01,Sulawesi Barat,10,0,0,10,804,424,11,369
2020-10-02,Sulawesi Barat,5,0,4,1,809,428,11,370
2020-10-03,Sulawesi Barat,11,0,22,-11,820,450,11,359
2020-10-04,Sulawesi Barat,9,0,15,-6,829,465,11,353
2020-10-05,Sulawesi Barat,1,0,4,-3,830,469,11,350
2020-10-06,Sulawesi Barat,12,0,5,7,842,474,11,357
2020-10-07,Sulawesi Barat,20,0,4,16,862,478,11,373
2020-10-08,Sulawesi Barat,6,0,6,0,868,484,11,373
2020-10-09,Sulawesi Barat,10,0,8,2,878,492,11,375
2020-10-10,Sulawesi Barat,1,0,148,-147,879,640,11,228
2020-10-11,Sulawesi Barat,15,0,13,2,894,653,11,230
2020-10-12,Sulawesi Barat,0,0,0,0,894,653,11,230
2020-10-13,Sulawesi Barat,23,1,7,15,917,660,12,245
2020-10-14,Sulawesi Barat,15,0,26,-11,932,686,12,234
2020-10-15,Sulawesi Barat,7,0,7,0,939,693,12,234
2020-10-16,Sulawesi Barat,5,0,7,-2,944,700,12,232
2020-10-17,Sulawesi Barat,5,0,4,1,949,704,12,233
2020-10-18,Sulawesi Barat,3,0,13,-10,952,717,12,223
2020-10-19,Sulawesi Barat,0,0,0,0,952,717,12,223
2020-10-20,Sulawesi Barat,15,0,7,8,967,724,12,231
2020-10-21,Sulawesi Barat,4,0,10,-6,971,734,12,225
2020-10-22,Sulawesi Barat,0,0,8,-8,971,742,12,217
2020-10-23,Sulawesi Barat,0,0,2,-2,971,744,12,215
2020-10-24,Sulawesi Barat,7,0,19,-12,978,763,12,203
2020-10-25,Sulawesi Barat,9,0,21,-12,987,784,12,191
2020-10-26,Sulawesi Barat,1,0,0,1,988,784,12,192
2020-10-27,Sulawesi Barat,9,0,32,-23,997,816,12,169
2020-10-28,Sulawesi Barat,3,2,0,1,1000,816,14,170
2020-10-29,Sulawesi Barat,0,0,0,0,1000,816,14,170
2020-10-30,Sulawesi Barat,27,0,7,20,1027,823,14,190
2020-10-31,Sulawesi Barat,2,0,3,-1,1029,826,14,189
2020-11-01,Sulawesi Barat,7,0,14,-7,1036,840,14,182
2020-11-02,Sulawesi Barat,0,0,1,-1,1036,841,14,181
2020-11-03,Sulawesi Barat,5,1,0,4,1041,841,15,185
2020-11-04,Sulawesi Barat,1,0,1,0,1042,842,15,185
2020-11-05,Sulawesi Barat,10,0,20,-10,1052,862,15,175
2020-11-06,Sulawesi Barat,12,0,1,11,1064,863,15,186
2020-11-07,Sulawesi Barat,162,1,10,151,1226,873,16,337
2020-11-08,Sulawesi Barat,9,0,2,7,1235,875,16,344
2020-11-09,Sulawesi Barat,35,0,1,34,1270,876,16,378
2020-11-10,Sulawesi Barat,0,0,2,-2,1270,878,16,376
2020-11-11,Sulawesi Barat,13,0,2,11,1283,880,16,387
2020-11-12,Sulawesi Barat,12,1,14,-3,1295,894,17,384
2020-11-13,Sulawesi Barat,4,0,15,-11,1299,909,17,373
2020-11-14,Sulawesi Barat,8,0,16,-8,1307,925,17,365
2020-11-15,Sulawesi Barat,3,0,21,-18,1310,946,17,347
2020-11-16,Sulawesi Barat,5,0,6,-1,1315,952,17,346
2020-11-17,Sulawesi Barat,6,0,3,3,1321,955,17,349
2020-11-18,Sulawesi Barat,2,1,1,0,1323,956,18,349
2020-11-19,Sulawesi Barat,29,0,11,18,1352,967,18,367
2020-11-20,Sulawesi Barat,6,1,12,-7,1358,979,19,360
2020-11-21,Sulawesi Barat,6,1,6,-1,1364,985,20,359
2020-11-22,Sulawesi Barat,9,0,10,-1,1373,995,20,358
2020-11-23,Sulawesi Barat,2,0,13,-11,1375,1008,20,347
2020-11-24,Sulawesi Barat,2,0,1,1,1377,1009,20,348
2020-11-25,Sulawesi Barat,2,0,216,-214,1379,1225,20,134
2020-11-26,Sulawesi Barat,25,1,15,9,1404,1240,21,143
2020-11-27,Sulawesi Barat,22,0,4,18,1426,1244,21,161
2020-11-28,Sulawesi Barat,30,0,12,18,1456,1256,21,179
2020-11-29,Sulawesi Barat,7,0,7,0,1463,1263,21,179
2020-11-30,Sulawesi Barat,7,0,18,-11,1470,1281,21,168
2020-12-01,Sulawesi Barat,3,0,15,-12,1473,1296,21,156
2020-12-02,Sulawesi Barat,0,1,5,-6,1473,1301,22,150
2020-12-03,Sulawesi Barat,2,0,14,-12,1475,1315,22,138
2020-12-04,Sulawesi Barat,21,0,8,13,1496,1323,22,151
2020-12-05,Sulawesi Barat,16,2,22,-8,1512,1345,24,143
2020-12-06,Sulawesi Barat,3,0,3,0,1515,1348,24,143
2020-12-07,Sulawesi Barat,2,0,4,-2,1517,1352,24,141
2020-12-08,Sulawesi Barat,9,1,8,0,1526,1360,25,141
2020-12-09,Sulawesi Barat,8,0,5,3,1534,1365,25,144
2020-12-10,Sulawesi Barat,7,1,1,5,1541,1366,26,149
2020-12-11,Sulawesi Barat,3,0,3,0,1544,1369,26,149
2020-12-12,Sulawesi Barat,10,0,5,5,1554,1374,26,154
2020-12-13,Sulawesi Barat,29,0,5,24,1583,1379,26,178
2020-12-14,Sulawesi Barat,3,0,1,2,1586,1380,26,180
2020-12-15,Sulawesi Barat,21,0,6,15,1607,1386,26,195
2020-12-16,Sulawesi Barat,10,0,19,-9,1617,1405,26,186
2020-12-17,Sulawesi Barat,27,0,13,14,1644,1418,26,200
2020-12-18,Sulawesi Barat,6,0,9,-3,1650,1427,26,197
2020-12-19,Sulawesi Barat,39,0,1,38,1689,1428,26,235
2020-12-20,Sulawesi Barat,18,0,22,-4,1707,1450,26,231
2020-12-21,Sulawesi Barat,10,0,0,10,1717,1450,26,241
2020-12-22,Sulawesi Barat,12,0,9,3,1729,1459,26,244
2020-12-23,Sulawesi Barat,30,1,5,24,1759,1464,27,268
2020-12-24,Sulawesi Barat,63,3,15,45,1822,1479,30,313
2020-12-25,Sulawesi Barat,7,0,2,5,1829,1481,30,318
2020-12-26,Sulawesi Barat,15,1,31,-17,1844,1512,31,301
2020-12-27,Sulawesi Barat,24,1,11,12,1868,1523,32,313
2020-12-28,Sulawesi Barat,9,1,1,7,1877,1524,33,320
2020-12-29,Sulawesi Barat,19,1,11,7,1896,1535,34,327
2020-12-30,Sulawesi Barat,18,0,6,12,1914,1541,34,339
2020-12-31,Sulawesi Barat,27,0,10,17,1941,1551,34,356
2021-01-01,Sulawesi Barat,13,2,1,10,1954,1552,36,366
2021-01-02,Sulawesi Barat,6,0,1,5,1960,1553,36,371
2021-01-03,Sulawesi Barat,24,0,13,11,1984,1566,36,382
2021-01-04,Sulawesi Barat,22,2,0,20,2006,1566,38,402
2021-01-05,Sulawesi Barat,4,1,4,-1,2010,1570,39,401
2021-01-06,Sulawesi Barat,10,1,9,0,2020,1579,40,401
2021-01-07,Sulawesi Barat,33,4,21,8,2053,1600,44,409
2021-01-08,Sulawesi Barat,47,1,19,27,2100,1619,45,436
2021-01-09,Sulawesi Barat,86,1,11,74,2186,1630,46,510
2021-01-10,Sulawesi Barat,99,2,23,74,2285,1653,48,584
2021-01-11,Sulawesi Barat,11,1,11,-1,2296,1664,49,583
2021-01-12,Sulawesi Barat,72,4,20,48,2368,1684,53,631
2021-01-13,Sulawesi Barat,18,1,5,12,2386,1689,54,643
2021-01-14,Sulawesi Barat,143,3,3,137,2529,1692,57,780
2021-01-15,Sulawesi Barat,2,0,1,1,2531,1693,57,781
2021-01-16,Sulawesi Barat,0,0,0,0,2531,1693,57,781
2021-01-17,Sulawesi Barat,0,1,12,-13,2531,1705,58,768
2021-01-18,Sulawesi Barat,0,0,12,-12,2531,1717,58,756
2021-01-19,Sulawesi Barat,16,0,0,16,2547,1717,58,772
2021-01-20,Sulawesi Barat,2,1,17,-16,2549,1734,59,756
2021-01-21,Sulawesi Barat,241,4,4,233,2790,1738,63,989
2021-01-22,Sulawesi Barat,104,1,81,22,2894,1819,64,1011
2021-01-23,Sulawesi Barat,203,2,13,188,3097,1832,66,1199
2021-01-24,Sulawesi Barat,68,0,29,39,3165,1861,66,1238
2021-01-25,Sulawesi Barat,47,0,21,26,3212,1882,66,1264
2021-01-26,Sulawesi Barat,61,2,9,50,3273,1891,68,1314
2021-01-27,Sulawesi Barat,57,3,15,39,3330,1906,71,1353
2021-01-28,Sulawesi Barat,108,2,27,79,3438,1933,73,1432
2021-01-29,Sulawesi Barat,79,1,32,46,3517,1965,74,1478
2021-01-30,Sulawesi Barat,116,3,26,87,3633,1991,77,1565
2021-01-31,Sulawesi Barat,99,3,111,-15,3732,2102,80,1550
2021-02-01,Sulawesi Barat,48,2,32,14,3780,2134,82,1564
2021-02-02,Sulawesi Barat,113,1,28,84,3893,2162,83,1648
2021-02-03,Sulawesi Barat,190,0,93,97,4083,2255,83,1745
2021-02-04,Sulawesi Barat,101,0,20,81,4184,2275,83,1826
2021-02-05,Sulawesi Barat,48,0,0,48,4232,2275,83,1874
2021-02-06,Sulawesi Barat,148,1,140,7,4380,2415,84,1881
2021-02-07,Sulawesi Barat,88,2,59,27,4468,2474,86,1908
2021-02-08,Sulawesi Barat,31,1,22,8,4499,2496,87,1916
2021-02-09,Sulawesi Barat,179,0,49,130,4678,2545,87,2046
2021-02-10,Sulawesi Barat,23,0,34,-11,4701,2579,87,2035
2021-02-11,Sulawesi Barat,27,1,60,-34,4728,2639,88,2001
2021-02-12,Sulawesi Barat,39,1,45,-7,4767,2684,89,1994
2021-02-13,Sulawesi Barat,95,1,102,-8,4862,2786,90,1986
2021-02-14,Sulawesi Barat,7,2,113,-108,4869,2899,92,1878
2021-02-15,Sulawesi Barat,14,0,12,2,4883,2911,92,1880
2021-02-16,Sulawesi Barat,38,1,30,7,4921,2941,93,1887
2021-02-17,Sulawesi Barat,73,1,36,36,4994,2977,94,1923
2021-02-18,Sulawesi Barat,31,0,39,-8,5025,3016,94,1915
2021-02-19,Sulawesi Barat,17,2,328,-313,5042,3344,96,1602
2021-02-20,Sulawesi Barat,29,2,56,-29,5071,3400,98,1573
2021-02-21,Sulawesi Barat,14,1,25,-12,5085,3425,99,1561
2021-02-22,Sulawesi Barat,6,0,26,-20,5091,3451,99,1541
2021-02-23,Sulawesi Barat,89,0,57,32,5180,3508,99,1573
2021-02-24,Sulawesi Barat,10,0,49,-39,5190,3557,99,1534
2021-02-25,Sulawesi Barat,7,2,30,-25,5197,3587,101,1509
2021-02-26,Sulawesi Barat,17,1,77,-61,5214,3664,102,1448
2021-02-27,Sulawesi Barat,6,0,43,-37,5220,3707,102,1411
2021-02-28,Sulawesi Barat,3,1,128,-126,5223,3835,103,1285
2021-03-01,Sulawesi Barat,11,1,104,-94,5234,3939,104,1191
2021-03-02,Sulawesi Barat,32,0,99,-67,5266,4038,104,1124
2021-03-03,Sulawesi Barat,2,1,51,-50,5268,4089,105,1074
2021-03-04,Sulawesi Barat,3,1,43,-41,5271,4132,106,1033
2021-03-05,Sulawesi Barat,14,0,52,-38,5285,4184,106,995
2021-03-06,Sulawesi Barat,4,2,87,-85,5289,4271,108,910
2021-03-07,Sulawesi Barat,7,1,31,-25,5296,4302,109,885
2021-03-08,Sulawesi Barat,3,0,24,-21,5299,4326,109,864
2021-03-09,Sulawesi Barat,6,0,10,-4,5305,4336,109,860
2021-03-10,Sulawesi Barat,0,0,28,-28,5305,4364,109,832
2021-03-11,Sulawesi Barat,8,0,8,0,5313,4372,109,832
2021-03-12,Sulawesi Barat,4,0,71,-67,5317,4443,109,765
2021-03-13,Sulawesi Barat,9,1,91,-83,5326,4534,110,682
2021-03-14,Sulawesi Barat,3,0,43,-40,5329,4577,110,642
2021-03-15,Sulawesi Barat,3,0,7,-4,5332,4584,110,638
2021-03-16,Sulawesi Barat,2,0,75,-73,5334,4659,110,565
2021-03-17,Sulawesi Barat,3,0,23,-20,5337,4682,110,545
2021-03-18,Sulawesi Barat,1,0,17,-16,5338,4699,110,529
2021-03-19,Sulawesi Barat,14,0,31,-17,5352,4730,110,512
2021-03-20,Sulawesi Barat,0,0,81,-81,5352,4811,110,431
2021-03-21,Sulawesi Barat,3,0,51,-48,5355,4862,110,383
2021-03-22,Sulawesi Barat,2,0,71,-69,5357,4933,110,314
2021-03-23,Sulawesi Barat,0,0,42,-42,5357,4975,110,272
2021-03-24,Sulawesi Barat,1,2,5,-6,5358,4980,112,266
2021-03-25,Sulawesi Barat,1,0,25,-24,5359,5005,112,242
2021-03-26,Sulawesi Barat,0,0,46,-46,5359,5051,112,196
2021-03-27,Sulawesi Barat,1,0,7,-6,5360,5058,112,190
2021-03-28,Sulawesi Barat,3,0,2,1,5363,5060,112,191
2021-03-29,Sulawesi Barat,1,0,49,-48,5364,5109,112,143
2021-03-30,Sulawesi Barat,0,0,7,-7,5364,5116,112,136
2021-03-31,Sulawesi Barat,1,1,3,-3,5365,5119,113,133
2021-04-01,Sulawesi Barat,1,0,4,-3,5366,5123,113,130
2021-04-02,Sulawesi Barat,3,0,4,-1,5369,5127,113,129
2021-04-03,Sulawesi Barat,1,0,0,1,5370,5127,113,130
2021-04-04,Sulawesi Barat,3,0,0,3,5373,5127,113,133
2021-04-05,Sulawesi Barat,0,0,9,-9,5373,5136,113,124
2021-04-06,Sulawesi Barat,1,1,11,-11,5374,5147,114,113
2021-04-07,Sulawesi Barat,1,0,29,-28,5375,5176,114,85
2021-04-08,Sulawesi Barat,3,0,29,-26,5378,5205,114,59
2021-04-09,Sulawesi Barat,6,0,6,0,5384,5211,114,59
2021-04-10,Sulawesi Barat,3,0,0,3,5387,5211,114,62
2021-04-11,Sulawesi Barat,0,0,1,-1,5387,5212,114,61
2021-04-12,Sulawesi Barat,3,1,1,1,5390,5213,115,62
2021-04-13,Sulawesi Barat,6,0,2,4,5396,5215,115,66
2021-04-14,Sulawesi Barat,1,1,0,0,5397,5215,116,66
2021-04-15,Sulawesi Barat,1,0,1,0,5398,5216,116,66
2021-04-16,Sulawesi Barat,4,1,5,-2,5402,5221,117,64
2021-04-17,Sulawesi Barat,1,0,1,0,5403,5222,117,64
2021-04-18,Sulawesi Barat,1,0,4,-3,5404,5226,117,61
2021-04-19,Sulawesi Barat,4,0,0,4,5408,5226,117,65
2021-04-20,Sulawesi Barat,6,0,1,5,5414,5227,117,70
2021-04-21,Sulawesi Barat,10,0,0,10,5424,5227,117,80
2021-04-22,Sulawesi Barat,7,0,1,6,5431,5228,117,86
2021-04-23,Sulawesi Barat,2,0,4,-2,5433,5232,117,84
2021-04-24,Sulawesi Barat,3,0,1,2,5436,5233,117,86
2021-04-25,Sulawesi Barat,6,0,9,-3,5442,5242,117,83
2021-04-26,Sulawesi Barat,0,1,1,-2,5442,5243,118,81
2021-04-27,Sulawesi Barat,1,0,8,-7,5443,5251,118,74
2021-04-28,Sulawesi Barat,4,0,1,3,5447,5252,118,77
2021-04-29,Sulawesi Barat,0,0,0,0,5447,5252,118,77
2021-04-30,Sulawesi Barat,0,0,1,-1,5447,5253,118,76
2021-05-01,Sulawesi Barat,3,0,0,3,5450,5253,118,79
2021-05-02,Sulawesi Barat,22,1,6,15,5472,5259,119,94
2021-05-03,Sulawesi Barat,2,0,4,-2,5474,5263,119,92
2021-05-04,Sulawesi Barat,0,0,7,-7,5474,5270,119,85
2021-05-05,Sulawesi Barat,1,0,3,-2,5475,5273,119,83
2021-05-06,Sulawesi Barat,0,0,8,-8,5475,5281,119,75
2021-05-07,Sulawesi Barat,1,0,2,-1,5476,5283,119,74
2021-05-08,Sulawesi Barat,0,0,2,-2,5476,5285,119,72
2021-05-09,Sulawesi Barat,3,0,7,-4,5479,5292,119,68
2021-05-10,Sulawesi Barat,2,0,2,0,5481,5294,119,68
2021-05-11,Sulawesi Barat,3,0,0,3,5484,5294,119,71
2021-05-12,Sulawesi Barat,2,1,1,0,5486,5295,120,71
2021-05-13,Sulawesi Barat,0,0,0,0,5486,5295,120,71
2021-05-14,Sulawesi Barat,0,0,0,0,5486,5295,120,71
2021-05-15,Sulawesi Barat,5,0,20,-15,5491,5315,120,56
2021-05-16,Sulawesi Barat,0,0,0,0,5491,5315,120,56
2021-05-17,Sulawesi Barat,3,0,3,0,5494,5318,120,56
2021-05-18,Sulawesi Barat,2,0,13,-11,5496,5331,120,45
2021-05-19,Sulawesi Barat,0,0,0,0,5496,5331,120,45
2021-05-20,Sulawesi Barat,0,0,1,-1,5496,5332,120,44
2021-05-21,Sulawesi Barat,1,0,6,-5,5497,5338,120,39
2021-05-22,Sulawesi Barat,1,0,3,-2,5498,5341,120,37
2021-05-23,Sulawesi Barat,0,0,3,-3,5498,5344,120,34
2021-05-24,Sulawesi Barat,0,0,3,-3,5498,5347,120,31
2021-05-25,Sulawesi Barat,0,0,7,-7,5498,5354,120,24
2021-05-26,Sulawesi Barat,0,0,0,0,5498,5354,120,24
2021-05-27,Sulawesi Barat,0,0,0,0,5498,5354,120,24
2021-05-28,Sulawesi Barat,3,0,1,2,5501,5355,120,26
2021-05-29,Sulawesi Barat,0,0,1,-1,5501,5356,120,25
2021-05-30,Sulawesi Barat,0,0,4,-4,5501,5360,120,21
2021-05-31,Sulawesi Barat,0,0,0,0,5501,5360,120,21
2021-06-01,Sulawesi Barat,0,0,0,0,5501,5360,120,21
2021-06-02,Sulawesi Barat,8,1,1,6,5509,5361,121,27
2021-06-03,Sulawesi Barat,9,0,0,9,5518,5361,121,36
2021-06-04,Sulawesi Barat,49,0,4,45,5567,5365,121,81
2021-06-05,Sulawesi Barat,10,0,0,10,5577,5365,121,91
2021-06-06,Sulawesi Barat,2,0,0,2,5579,5365,121,93
2021-06-07,Sulawesi Barat,0,0,1,-1,5579,5366,121,92
2021-06-08,Sulawesi Barat,1,0,2,-1,5580,5368,121,91
2021-06-09,Sulawesi Barat,13,0,0,13,5593,5368,121,104
2021-06-10,Sulawesi Barat,5,0,7,-2,5598,5375,121,102
2021-06-11,Sulawesi Barat,2,0,1,1,5600,5376,121,103
2021-06-12,Sulawesi Barat,13,0,7,6,5613,5383,121,109
2021-06-13,Sulawesi Barat,0,0,19,-19,5613,5402,121,90
2021-06-14,Sulawesi Barat,2,0,3,-1,5615,5405,121,89
2021-06-15,Sulawesi Barat,4,0,0,4,5619,5405,121,93
2021-06-16,Sulawesi Barat,2,0,1,1,5621,5406,121,94
2021-06-17,Sulawesi Barat,6,0,10,-4,5627,5416,121,90
2021-06-18,Sulawesi Barat,4,0,21,-17,5631,5437,121,73
2021-06-19,Sulawesi Barat,5,0,4,1,5636,5441,121,74
2021-06-20,Sulawesi Barat,26,0,4,22,5662,5445,121,96
2021-06-21,Sulawesi Barat,2,0,0,2,5664,5445,121,98
2021-06-22,Sulawesi Barat,3,0,0,3,5667,5445,121,101
2021-06-23,Sulawesi Barat,47,0,12,35,5714,5457,121,136
2021-06-24,Sulawesi Barat,13,0,1,12,5727,5458,121,148
2021-06-25,Sulawesi Barat,5,0,1,4,5732,5459,121,152
2021-06-26,Sulawesi Barat,2,0,1,1,5734,5460,121,153
2021-06-27,Sulawesi Barat,32,0,0,32,5766,5460,121,185
2021-06-28,Sulawesi Barat,19,0,4,15,5785,5464,121,200
2021-06-29,Sulawesi Barat,8,1,11,-4,5793,5475,122,196
2021-06-30,Sulawesi Barat,39,0,23,16,5832,5498,122,212
2021-07-01,Sulawesi Barat,101,0,7,94,5933,5505,122,306
2021-07-02,Sulawesi Barat,26,0,16,10,5959,5521,122,316
2021-07-03,Sulawesi Barat,20,0,6,14,5979,5527,122,330
2021-07-04,Sulawesi Barat,64,1,14,49,6043,5541,123,379
2021-07-05,Sulawesi Barat,22,1,1,20,6065,5542,124,399
2021-07-06,Sulawesi Barat,45,1,0,44,6110,5542,125,443
2021-07-07,Sulawesi Barat,62,1,26,35,6172,5568,126,478
2021-07-08,Sulawesi Barat,45,1,4,40,6217,5572,127,518
2021-07-09,Sulawesi Barat,34,0,23,11,6251,5595,127,529
2021-07-10,Sulawesi Barat,63,2,36,25,6314,5631,129,554
2021-07-11,Sulawesi Barat,80,1,23,56,6394,5654,130,610
2021-07-12,Sulawesi Barat,3,1,15,-13,6397,5669,131,597
2021-07-13,Sulawesi Barat,72,1,38,33,6469,5707,132,630
2021-07-14,Sulawesi Barat,33,3,8,22,6502,5715,135,652
2021-07-15,Sulawesi Barat,118,0,39,79,6620,5754,135,731
2021-07-16,Sulawesi Barat,134,1,25,108,6754,5779,136,839
2021-07-17,Sulawesi Barat,75,0,32,43,6829,5811,136,882
2021-07-18,Sulawesi Barat,90,1,30,59,6919,5841,137,941
2021-07-19,Sulawesi Barat,62,3,37,22,6981,5878,140,963
2021-07-20,Sulawesi Barat,132,3,65,64,7113,5943,143,1027
2021-07-21,Sulawesi Barat,71,1,79,-9,7184,6022,144,1018
2021-07-22,Sulawesi Barat,151,3,68,80,7335,6090,147,1098
2021-07-23,Sulawesi Barat,77,2,45,30,7412,6135,149,1128
2021-07-24,Sulawesi Barat,141,2,34,105,7553,6169,151,1233
2021-07-25,Sulawesi Barat,102,0,60,42,7655,6229,151,1275
2021-07-26,Sulawesi Barat,100,4,64,32,7755,6293,155,1307
2021-07-27,Sulawesi Barat,146,2,112,32,7901,6405,157,1339
2021-07-28,Sulawesi Barat,79,1,53,25,7980,6458,158,1364
2021-07-29,Sulawesi Barat,99,3,72,24,8079,6530,161,1388
2021-07-30,Sulawesi Barat,123,5,60,58,8202,6590,166,1446
2021-07-31,Sulawesi Barat,169,4,75,90,8371,6665,170,1536
2021-08-01,Sulawesi Barat,154,3,63,88,8525,6728,173,1624
2020-03-19,Sulawesi Selatan,2,0,0,2,2,0,0,2
2020-03-20,Sulawesi Selatan,0,0,0,0,2,0,0,2
2020-03-21,Sulawesi Selatan,0,0,0,0,2,0,0,2
2020-03-22,Sulawesi Selatan,0,0,0,0,2,0,0,2
2020-03-23,Sulawesi Selatan,0,1,0,-1,2,0,1,1
2020-03-24,Sulawesi Selatan,2,0,0,2,4,0,1,3
2020-03-25,Sulawesi Selatan,9,0,0,9,13,0,1,12
2020-03-26,Sulawesi Selatan,14,0,0,14,27,0,1,26
2020-03-27,Sulawesi Selatan,2,0,0,2,29,0,1,28
2020-03-28,Sulawesi Selatan,3,0,0,3,32,0,1,31
2020-03-29,Sulawesi Selatan,15,0,0,15,47,0,1,46
2020-03-30,Sulawesi Selatan,4,2,0,2,51,0,3,48
2020-03-31,Sulawesi Selatan,0,1,0,-1,51,0,4,47
2020-04-01,Sulawesi Selatan,14,0,0,14,65,0,4,61
2020-04-02,Sulawesi Selatan,0,2,4,-6,65,4,6,55
2020-04-03,Sulawesi Selatan,15,0,0,15,80,4,6,70
2020-04-04,Sulawesi Selatan,0,2,5,-7,80,9,8,63
2020-04-05,Sulawesi Selatan,2,2,11,-11,82,20,10,52
2020-04-06,Sulawesi Selatan,29,0,0,29,111,20,10,81
2020-04-07,Sulawesi Selatan,10,0,2,8,121,22,10,89
2020-04-08,Sulawesi Selatan,5,1,2,2,126,24,11,91
2020-04-09,Sulawesi Selatan,6,0,0,6,132,24,11,97
2020-04-10,Sulawesi Selatan,33,1,0,32,165,24,12,129
2020-04-11,Sulawesi Selatan,11,6,0,5,176,24,18,134
2020-04-12,Sulawesi Selatan,45,0,0,45,221,24,18,179
2020-04-13,Sulawesi Selatan,0,1,6,-7,221,30,19,172
2020-04-14,Sulawesi Selatan,8,3,4,1,229,34,22,173
2020-04-15,Sulawesi Selatan,10,1,9,0,239,43,23,173
2020-04-16,Sulawesi Selatan,27,2,0,25,266,43,25,198
2020-04-17,Sulawesi Selatan,65,2,2,61,331,45,27,259
2020-04-18,Sulawesi Selatan,10,2,5,3,341,50,29,262
2020-04-19,Sulawesi Selatan,27,1,10,16,368,60,30,278
2020-04-20,Sulawesi Selatan,0,1,9,-10,368,69,31,268
2020-04-21,Sulawesi Selatan,6,2,0,4,374,69,33,272
2020-04-22,Sulawesi Selatan,13,0,5,8,387,74,33,280
2020-04-23,Sulawesi Selatan,10,0,5,5,397,79,33,285
2020-04-24,Sulawesi Selatan,22,0,1,21,419,80,33,306
2020-04-25,Sulawesi Selatan,13,1,1,11,432,81,34,317
2020-04-26,Sulawesi Selatan,8,1,18,-11,440,99,35,306
2020-04-27,Sulawesi Selatan,0,0,7,-7,440,106,35,299
2020-04-28,Sulawesi Selatan,13,0,2,11,453,108,35,310
2020-04-29,Sulawesi Selatan,12,0,10,2,465,118,35,312
2020-04-30,Sulawesi Selatan,26,0,4,22,491,122,35,334
2020-05-01,Sulawesi Selatan,56,0,13,43,547,135,35,377
2020-05-02,Sulawesi Selatan,30,3,10,17,577,145,38,394
2020-05-03,Sulawesi Selatan,24,0,6,18,601,151,38,412
2020-05-04,Sulawesi Selatan,6,0,48,-42,607,199,38,370
2020-05-05,Sulawesi Selatan,33,2,27,4,640,226,40,374
2020-05-06,Sulawesi Selatan,25,3,7,15,665,233,43,389
2020-05-07,Sulawesi Selatan,19,1,3,15,684,236,44,404
2020-05-08,Sulawesi Selatan,24,2,13,9,708,249,46,413
2020-05-09,Sulawesi Selatan,2,0,9,-7,710,258,46,406
2020-05-10,Sulawesi Selatan,12,2,6,4,722,264,48,410
2020-05-11,Sulawesi Selatan,0,1,11,-12,722,275,49,398
2020-05-12,Sulawesi Selatan,26,0,7,19,748,282,49,417
2020-05-13,Sulawesi Selatan,54,0,5,49,802,287,49,466
2020-05-14,Sulawesi Selatan,36,0,5,31,838,292,49,497
2020-05-15,Sulawesi Selatan,33,0,0,33,871,292,49,530
2020-05-16,Sulawesi Selatan,46,1,19,26,917,311,50,556
2020-05-17,Sulawesi Selatan,34,0,7,27,951,318,50,583
2020-05-18,Sulawesi Selatan,66,2,18,46,1017,336,52,629
2020-05-19,Sulawesi Selatan,47,0,22,25,1064,358,52,654
2020-05-20,Sulawesi Selatan,36,1,9,26,1100,367,53,680
2020-05-21,Sulawesi Selatan,33,3,31,-1,1133,398,56,679
2020-05-22,Sulawesi Selatan,71,2,19,50,1204,417,58,729
2020-05-23,Sulawesi Selatan,57,0,6,51,1261,423,58,780
2020-05-24,Sulawesi Selatan,32,2,33,-3,1293,456,60,777
2020-05-25,Sulawesi Selatan,22,3,6,13,1315,462,63,790
2020-05-26,Sulawesi Selatan,34,2,37,-5,1349,499,65,785
2020-05-27,Sulawesi Selatan,28,0,19,9,1377,518,65,794
2020-05-28,Sulawesi Selatan,45,0,2,43,1422,520,65,837
2020-05-29,Sulawesi Selatan,41,3,12,26,1463,532,68,863
2020-05-30,Sulawesi Selatan,40,1,31,8,1503,563,69,871
2020-05-31,Sulawesi Selatan,32,2,32,-2,1535,595,71,869
2020-06-01,Sulawesi Selatan,45,1,30,14,1580,625,72,883
2020-06-02,Sulawesi Selatan,42,0,0,42,1622,625,72,925
2020-06-03,Sulawesi Selatan,37,0,11,26,1659,636,72,951
2020-06-04,Sulawesi Selatan,54,4,3,47,1713,639,76,998
2020-06-05,Sulawesi Selatan,53,14,34,5,1766,673,90,1003
2020-06-06,Sulawesi Selatan,65,0,0,65,1831,673,90,1068
2020-06-07,Sulawesi Selatan,64,0,0,64,1895,673,90,1132
2020-06-08,Sulawesi Selatan,109,0,0,109,2004,673,90,1241
2020-06-09,Sulawesi Selatan,175,3,30,142,2179,703,93,1383
2020-06-10,Sulawesi Selatan,182,1,53,128,2361,756,94,1511
2020-06-11,Sulawesi Selatan,130,0,0,130,2491,756,94,1641
2020-06-12,Sulawesi Selatan,61,12,73,-24,2552,829,106,1617
2020-06-13,Sulawesi Selatan,126,0,36,90,2678,865,106,1707
2020-06-14,Sulawesi Selatan,137,3,36,98,2815,901,109,1805
2020-06-15,Sulawesi Selatan,103,8,142,-47,2918,1043,117,1758
2020-06-16,Sulawesi Selatan,167,0,43,124,3085,1086,117,1882
2020-06-17,Sulawesi Selatan,89,0,16,73,3174,1102,117,1955
2020-06-18,Sulawesi Selatan,165,0,23,142,3339,1125,117,2097
2020-06-19,Sulawesi Selatan,207,0,44,163,3546,1169,117,2260
2020-06-20,Sulawesi Selatan,111,15,75,21,3657,1244,132,2281
2020-06-21,Sulawesi Selatan,110,0,38,72,3767,1282,132,2353
2020-06-22,Sulawesi Selatan,111,7,37,67,3878,1319,139,2420
2020-06-23,Sulawesi Selatan,132,1,42,89,4010,1361,140,2509
2020-06-24,Sulawesi Selatan,136,6,40,90,4146,1401,146,2599
2020-06-25,Sulawesi Selatan,119,1,55,63,4265,1456,147,2662
2020-06-26,Sulawesi Selatan,166,2,154,10,4431,1610,149,2672
2020-06-27,Sulawesi Selatan,147,3,40,104,4578,1650,152,2776
2020-06-28,Sulawesi Selatan,193,3,62,128,4771,1712,155,2904
2020-06-29,Sulawesi Selatan,194,1,50,143,4965,1762,156,3047
2020-06-30,Sulawesi Selatan,89,4,69,16,5054,1831,160,3063
2020-07-01,Sulawesi Selatan,129,0,52,77,5183,1883,160,3140
2020-07-02,Sulawesi Selatan,165,0,50,115,5348,1933,160,3255
2020-07-03,Sulawesi Selatan,177,6,40,131,5525,1973,166,3386
2020-07-04,Sulawesi Selatan,190,0,39,151,5715,2012,166,3537
2020-07-05,Sulawesi Selatan,135,23,93,19,5850,2105,189,3556
2020-07-06,Sulawesi Selatan,85,1,82,2,5935,2187,190,3558
2020-07-07,Sulawesi Selatan,213,2,45,166,6148,2232,192,3724
2020-07-08,Sulawesi Selatan,167,3,15,149,6315,2247,195,3873
2020-07-09,Sulawesi Selatan,127,6,184,-63,6442,2431,201,3810
2020-07-10,Sulawesi Selatan,130,0,33,97,6572,2464,201,3907
2020-07-11,Sulawesi Selatan,181,7,174,0,6753,2638,208,3907
2020-07-12,Sulawesi Selatan,168,7,107,54,6921,2745,215,3961
2020-07-13,Sulawesi Selatan,125,3,254,-132,7046,2999,218,3829
2020-07-14,Sulawesi Selatan,197,13,140,44,7243,3139,231,3873
2020-07-15,Sulawesi Selatan,151,12,115,24,7394,3254,243,3897
2020-07-16,Sulawesi Selatan,179,15,212,-48,7573,3466,258,3849
2020-07-17,Sulawesi Selatan,99,3,115,-19,7672,3581,261,3830
2020-07-18,Sulawesi Selatan,167,2,78,87,7839,3659,263,3917
2020-07-19,Sulawesi Selatan,156,8,517,-369,7995,4176,271,3548
2020-07-20,Sulawesi Selatan,126,3,277,-154,8121,4453,274,3394
2020-07-21,Sulawesi Selatan,93,4,206,-117,8214,4659,278,3277
2020-07-22,Sulawesi Selatan,150,3,356,-209,8364,5015,281,3068
2020-07-23,Sulawesi Selatan,119,0,254,-135,8483,5269,281,2933
2020-07-24,Sulawesi Selatan,83,3,560,-480,8566,5829,284,2453
2020-07-25,Sulawesi Selatan,136,3,239,-106,8702,6068,287,2347
2020-07-26,Sulawesi Selatan,137,9,0,128,8839,6068,296,2475
2020-07-27,Sulawesi Selatan,114,4,8,102,8953,6076,300,2577
2020-07-28,Sulawesi Selatan,130,4,255,-129,9083,6331,304,2448
2020-07-29,Sulawesi Selatan,126,3,24,99,9209,6355,307,2547
2020-07-30,Sulawesi Selatan,92,3,103,-14,9301,6458,310,2533
2020-07-31,Sulawesi Selatan,76,0,5,71,9377,6463,310,2604
2020-08-01,Sulawesi Selatan,128,8,156,-36,9505,6619,318,2568
2020-08-02,Sulawesi Selatan,95,0,0,95,9600,6619,318,2663
2020-08-03,Sulawesi Selatan,97,0,1,96,9697,6620,318,2759
2020-08-04,Sulawesi Selatan,115,7,139,-31,9812,6759,325,2728
2020-08-05,Sulawesi Selatan,127,1,155,-29,9939,6914,326,2699
2020-08-06,Sulawesi Selatan,179,1,75,103,10118,6989,327,2802
2020-08-07,Sulawesi Selatan,88,4,74,10,10206,7063,331,2812
2020-08-08,Sulawesi Selatan,104,0,69,35,10310,7132,331,2847
2020-08-09,Sulawesi Selatan,90,0,58,32,10400,7190,331,2879
2020-08-10,Sulawesi Selatan,60,0,54,6,10460,7244,331,2885
2020-08-11,Sulawesi Selatan,54,2,118,-66,10514,7362,333,2819
2020-08-12,Sulawesi Selatan,90,1,62,27,10604,7424,334,2846
2020-08-13,Sulawesi Selatan,71,1,59,11,10675,7483,335,2857
2020-08-14,Sulawesi Selatan,35,4,120,-89,10710,7603,339,2768
2020-08-15,Sulawesi Selatan,78,0,61,17,10788,7664,339,2785
2020-08-16,Sulawesi Selatan,101,0,62,39,10889,7726,339,2824
2020-08-17,Sulawesi Selatan,85,3,86,-4,10974,7812,342,2820
2020-08-18,Sulawesi Selatan,25,0,222,-197,10999,8034,342,2623
2020-08-19,Sulawesi Selatan,25,1,68,-44,11024,8102,343,2579
2020-08-20,Sulawesi Selatan,74,2,80,-8,11098,8182,345,2571
2020-08-21,Sulawesi Selatan,112,2,89,21,11210,8271,347,2592
2020-08-22,Sulawesi Selatan,49,1,68,-20,11259,8339,348,2572
2020-08-23,Sulawesi Selatan,30,1,91,-62,11289,8430,349,2510
2020-08-24,Sulawesi Selatan,48,1,92,-45,11337,8522,350,2465
2020-08-25,Sulawesi Selatan,60,0,136,-76,11397,8658,350,2389
2020-08-26,Sulawesi Selatan,62,0,108,-46,11459,8766,350,2343
2020-08-27,Sulawesi Selatan,34,5,91,-62,11493,8857,355,2281
2020-08-28,Sulawesi Selatan,89,2,106,-19,11582,8963,357,2262
2020-08-29,Sulawesi Selatan,99,2,78,19,11681,9041,359,2281
2020-08-30,Sulawesi Selatan,60,0,80,-20,11741,9121,359,2261
2020-08-31,Sulawesi Selatan,105,0,74,31,11846,9195,359,2292
2020-09-01,Sulawesi Selatan,79,0,74,5,11925,9269,359,2297
2020-09-02,Sulawesi Selatan,130,4,91,35,12055,9360,363,2332
2020-09-03,Sulawesi Selatan,57,3,88,-34,12112,9448,366,2298
2020-09-04,Sulawesi Selatan,85,1,63,21,12197,9511,367,2319
2020-09-05,Sulawesi Selatan,151,2,62,87,12348,9573,369,2406
2020-09-06,Sulawesi Selatan,211,1,49,161,12559,9622,370,2567
2020-09-07,Sulawesi Selatan,11,1,82,-72,12570,9704,371,2495
2020-09-08,Sulawesi Selatan,50,1,104,-55,12620,9808,372,2440
2020-09-09,Sulawesi Selatan,146,1,40,105,12766,9848,373,2545
2020-09-10,Sulawesi Selatan,133,0,1,132,12899,9849,373,2677
2020-09-11,Sulawesi Selatan,162,1,139,22,13061,9988,374,2699
2020-09-12,Sulawesi Selatan,52,1,76,-25,13113,10064,375,2674
2020-09-13,Sulawesi Selatan,80,4,46,30,13193,10110,379,2704
2020-09-14,Sulawesi Selatan,180,3,63,114,13373,10173,382,2818
2020-09-15,Sulawesi Selatan,105,0,0,105,13478,10173,382,2923
2020-09-16,Sulawesi Selatan,148,3,130,15,13626,10303,385,2938
2020-09-17,Sulawesi Selatan,120,0,13,107,13746,10316,385,3045
2020-09-18,Sulawesi Selatan,176,1,72,103,13922,10388,386,3148
2020-09-19,Sulawesi Selatan,177,2,55,120,14099,10443,388,3268
2020-09-20,Sulawesi Selatan,172,8,77,87,14271,10520,396,3355
2020-09-21,Sulawesi Selatan,44,3,96,-55,14315,10616,399,3300
2020-09-22,Sulawesi Selatan,129,1,89,39,14444,10705,400,3339
2020-09-23,Sulawesi Selatan,123,1,78,44,14567,10783,401,3383
2020-09-24,Sulawesi Selatan,162,3,72,87,14729,10855,404,3470
2020-09-25,Sulawesi Selatan,170,1,84,85,14899,10939,405,3555
2020-09-26,Sulawesi Selatan,162,4,149,9,15061,11088,409,3564
2020-09-27,Sulawesi Selatan,154,3,221,-70,15215,11309,412,3494
2020-09-28,Sulawesi Selatan,78,0,170,-92,15293,11479,412,3402
2020-09-29,Sulawesi Selatan,142,3,454,-315,15435,11933,415,3087
2020-09-30,Sulawesi Selatan,75,4,374,-303,15510,12307,419,2784
2020-10-01,Sulawesi Selatan,110,0,233,-123,15620,12540,419,2661
2020-10-02,Sulawesi Selatan,67,0,196,-129,15687,12736,419,2532
2020-10-03,Sulawesi Selatan,57,4,120,-67,15744,12856,423,2465
2020-10-04,Sulawesi Selatan,72,3,118,-49,15816,12974,426,2416
2020-10-05,Sulawesi Selatan,15,0,152,-137,15831,13126,426,2279
2020-10-06,Sulawesi Selatan,58,0,197,-139,15889,13323,426,2140
2020-10-07,Sulawesi Selatan,130,0,83,47,16019,13406,426,2187
2020-10-08,Sulawesi Selatan,199,2,122,75,16218,13528,428,2262
2020-10-09,Sulawesi Selatan,107,2,124,-19,16325,13652,430,2243
2020-10-10,Sulawesi Selatan,147,2,107,38,16472,13759,432,2281
2020-10-11,Sulawesi Selatan,136,1,89,46,16608,13848,433,2327
2020-10-12,Sulawesi Selatan,89,2,157,-70,16697,14005,435,2257
2020-10-13,Sulawesi Selatan,136,4,222,-90,16833,14227,439,2167
2020-10-14,Sulawesi Selatan,136,2,86,48,16969,14313,441,2215
2020-10-15,Sulawesi Selatan,114,0,118,-4,17083,14431,441,2211
2020-10-16,Sulawesi Selatan,119,0,166,-47,17202,14597,441,2164
2020-10-17,Sulawesi Selatan,64,2,182,-120,17266,14779,443,2044
2020-10-18,Sulawesi Selatan,136,1,117,18,17402,14896,444,2062
2020-10-19,Sulawesi Selatan,42,0,88,-46,17444,14984,444,2016
2020-10-20,Sulawesi Selatan,88,0,99,-11,17532,15083,444,2005
2020-10-21,Sulawesi Selatan,114,0,187,-73,17646,15270,444,1932
2020-10-22,Sulawesi Selatan,73,0,101,-28,17719,15371,444,1904
2020-10-23,Sulawesi Selatan,60,2,87,-29,17779,15458,446,1875
2020-10-24,Sulawesi Selatan,73,0,57,16,17852,15515,446,1891
2020-10-25,Sulawesi Selatan,46,4,96,-54,17898,15611,450,1837
2020-10-26,Sulawesi Selatan,14,0,80,-66,17912,15691,450,1771
2020-10-27,Sulawesi Selatan,188,0,365,-177,18100,16056,450,1594
2020-10-28,Sulawesi Selatan,115,2,108,5,18215,16164,452,1599
2020-10-29,Sulawesi Selatan,33,10,74,-51,18248,16238,462,1548
2020-10-30,Sulawesi Selatan,43,1,99,-57,18291,16337,463,1491
2020-10-31,Sulawesi Selatan,9,3,62,-56,18300,16399,466,1435
2020-11-01,Sulawesi Selatan,29,0,101,-72,18329,16500,466,1363
2020-11-02,Sulawesi Selatan,2,1,57,-56,18331,16557,467,1307
2020-11-03,Sulawesi Selatan,26,0,42,-16,18357,16599,467,1291
2020-11-04,Sulawesi Selatan,75,2,69,4,18432,16668,469,1295
2020-11-05,Sulawesi Selatan,75,0,45,30,18507,16713,469,1325
2020-11-06,Sulawesi Selatan,28,0,33,-5,18535,16746,469,1320
2020-11-07,Sulawesi Selatan,138,0,48,90,18673,16794,469,1410
2020-11-08,Sulawesi Selatan,77,0,42,35,18750,16836,469,1445
2020-11-09,Sulawesi Selatan,58,1,15,42,18808,16851,470,1487
2020-11-10,Sulawesi Selatan,48,1,83,-36,18856,16934,471,1451
2020-11-11,Sulawesi Selatan,168,0,86,82,19024,17020,471,1533
2020-11-12,Sulawesi Selatan,26,0,31,-5,19050,17051,471,1528
2020-11-13,Sulawesi Selatan,131,0,45,86,19181,17096,471,1614
2020-11-14,Sulawesi Selatan,69,2,35,32,19250,17131,473,1646
2020-11-15,Sulawesi Selatan,75,0,10,65,19325,17141,473,1711
2020-11-16,Sulawesi Selatan,47,0,107,-60,19372,17248,473,1651
2020-11-17,Sulawesi Selatan,63,1,35,27,19435,17283,474,1678
2020-11-18,Sulawesi Selatan,46,0,10,36,19481,17293,474,1714
2020-11-19,Sulawesi Selatan,117,2,109,6,19598,17402,476,1720
2020-11-20,Sulawesi Selatan,105,0,89,16,19703,17491,476,1736
2020-11-21,Sulawesi Selatan,88,5,265,-182,19791,17756,481,1554
2020-11-22,Sulawesi Selatan,99,3,172,-76,19890,17928,484,1478
2020-11-23,Sulawesi Selatan,100,2,41,57,19990,17969,486,1535
2020-11-24,Sulawesi Selatan,95,0,87,8,20085,18056,486,1543
2020-11-25,Sulawesi Selatan,37,2,34,1,20122,18090,488,1544
2020-11-26,Sulawesi Selatan,77,0,45,32,20199,18135,488,1576
2020-11-27,Sulawesi Selatan,141,1,67,73,20340,18202,489,1649
2020-11-28,Sulawesi Selatan,92,0,68,24,20432,18270,489,1673
2020-11-29,Sulawesi Selatan,113,1,59,53,20545,18329,490,1726
2020-11-30,Sulawesi Selatan,105,2,108,-5,20650,18437,492,1721
2020-12-01,Sulawesi Selatan,147,4,77,66,20797,18514,496,1787
2020-12-02,Sulawesi Selatan,117,2,72,43,20914,18586,498,1830
2020-12-03,Sulawesi Selatan,136,1,47,88,21050,18633,499,1918
2020-12-04,Sulawesi Selatan,180,2,71,107,21230,18704,501,2025
2020-12-05,Sulawesi Selatan,164,2,57,105,21394,18761,503,2130
2020-12-06,Sulawesi Selatan,172,0,30,142,21566,18791,503,2272
2020-12-07,Sulawesi Selatan,346,4,97,245,21912,18888,507,2517
2020-12-08,Sulawesi Selatan,112,3,105,4,22024,18993,510,2521
2020-12-09,Sulawesi Selatan,157,0,115,42,22181,19108,510,2563
2020-12-10,Sulawesi Selatan,219,2,94,123,22400,19202,512,2686
2020-12-11,Sulawesi Selatan,259,9,14,236,22659,19216,521,2922
2020-12-12,Sulawesi Selatan,226,6,79,141,22885,19295,527,3063
2020-12-13,Sulawesi Selatan,312,4,96,212,23197,19391,531,3275
2020-12-14,Sulawesi Selatan,295,3,97,195,23492,19488,534,3470
2020-12-15,Sulawesi Selatan,78,1,108,-31,23570,19596,535,3439
2020-12-16,Sulawesi Selatan,448,2,118,328,24018,19714,537,3767
2020-12-17,Sulawesi Selatan,334,4,114,216,24352,19828,541,3983
2020-12-18,Sulawesi Selatan,530,2,114,414,24882,19942,543,4397
2020-12-19,Sulawesi Selatan,391,4,245,142,25273,20187,547,4539
2020-12-20,Sulawesi Selatan,489,5,2,482,25762,20189,552,5021
2020-12-21,Sulawesi Selatan,559,7,234,318,26321,20423,559,5339
2020-12-22,Sulawesi Selatan,539,5,855,-321,26860,21278,564,5018
2020-12-23,Sulawesi Selatan,524,1,598,-75,27384,21876,565,4943
2020-12-24,Sulawesi Selatan,520,4,500,16,27904,22376,569,4959
2020-12-25,Sulawesi Selatan,411,2,349,60,28315,22725,571,5019
2020-12-26,Sulawesi Selatan,547,4,494,49,28862,23219,575,5068
2020-12-27,Sulawesi Selatan,262,3,927,-668,29124,24146,578,4400
2020-12-28,Sulawesi Selatan,338,4,407,-73,29462,24553,582,4327
2020-12-29,Sulawesi Selatan,567,3,250,314,30029,24803,585,4641
2020-12-30,Sulawesi Selatan,537,8,947,-418,30566,25750,593,4223
2020-12-31,Sulawesi Selatan,479,1,0,478,31045,25750,594,4701
2021-01-01,Sulawesi Selatan,550,5,605,-60,31595,26355,599,4641
2021-01-02,Sulawesi Selatan,590,5,36,549,32185,26391,604,5190
2021-01-03,Sulawesi Selatan,595,3,56,536,32780,26447,607,5726
2021-01-04,Sulawesi Selatan,510,2,313,195,33290,26760,609,5921
2021-01-05,Sulawesi Selatan,639,6,774,-141,33929,27534,615,5780
2021-01-06,Sulawesi Selatan,463,4,1407,-948,34392,28941,619,4832
2021-01-07,Sulawesi Selatan,366,8,1122,-764,34758,30063,627,4068
2021-01-08,Sulawesi Selatan,588,7,509,72,35346,30572,634,4140
2021-01-09,Sulawesi Selatan,580,7,246,327,35926,30818,641,4467
2021-01-10,Sulawesi Selatan,585,7,543,35,36511,31361,648,4502
2021-01-11,Sulawesi Selatan,615,2,359,254,37126,31720,650,4756
2021-01-12,Sulawesi Selatan,638,2,625,11,37764,32345,652,4767
2021-01-13,Sulawesi Selatan,648,6,523,119,38412,32868,658,4886
2021-01-14,Sulawesi Selatan,640,7,492,141,39052,33360,665,5027
2021-01-15,Sulawesi Selatan,649,8,568,73,39701,33928,673,5100
2021-01-16,Sulawesi Selatan,659,12,589,58,40360,34517,685,5158
2021-01-17,Sulawesi Selatan,674,2,506,166,41034,35023,687,5324
2021-01-18,Sulawesi Selatan,661,5,548,108,41695,35571,692,5432
2021-01-19,Sulawesi Selatan,658,1,518,139,42353,36089,693,5571
2021-01-20,Sulawesi Selatan,661,4,625,32,43014,36714,697,5603
2021-01-21,Sulawesi Selatan,645,2,642,1,43659,37356,699,5604
2021-01-22,Sulawesi Selatan,629,4,536,89,44288,37892,703,5693
2021-01-23,Sulawesi Selatan,188,1,612,-425,44476,38504,704,5268
2021-01-24,Sulawesi Selatan,205,6,556,-357,44681,39060,710,4911
2021-01-25,Sulawesi Selatan,606,1,738,-133,45287,39798,711,4778
2021-01-26,Sulawesi Selatan,348,9,536,-197,45635,40334,720,4581
2021-01-27,Sulawesi Selatan,282,4,536,-258,45917,40870,724,4323
2021-01-28,Sulawesi Selatan,679,4,558,117,46596,41428,728,4440
2021-01-29,Sulawesi Selatan,334,4,538,-208,46930,41966,732,4232
2021-01-30,Sulawesi Selatan,663,6,204,453,47593,42170,738,4685
2021-01-31,Sulawesi Selatan,666,1,239,426,48259,42409,739,5111
2021-02-01,Sulawesi Selatan,650,4,474,172,48909,42883,743,5283
2021-02-02,Sulawesi Selatan,95,0,401,-306,49004,43284,743,4977
2021-02-03,Sulawesi Selatan,161,5,304,-148,49165,43588,748,4829
2021-02-04,Sulawesi Selatan,300,3,433,-136,49465,44021,751,4693
2021-02-05,Sulawesi Selatan,226,3,263,-40,49691,44284,754,4653
2021-02-06,Sulawesi Selatan,495,3,544,-52,50186,44828,757,4601
2021-02-07,Sulawesi Selatan,274,10,532,-268,50460,45360,767,4333
2021-02-08,Sulawesi Selatan,136,6,435,-305,50596,45795,773,4028
2021-02-09,Sulawesi Selatan,166,1,70,95,50762,45865,774,4123
2021-02-10,Sulawesi Selatan,180,0,143,37,50942,46008,774,4160
2021-02-11,Sulawesi Selatan,129,1,214,-86,51071,46222,775,4074
2021-02-12,Sulawesi Selatan,677,5,214,458,51748,46436,780,4532
2021-02-13,Sulawesi Selatan,376,11,467,-102,52124,46903,791,4430
2021-02-14,Sulawesi Selatan,355,13,261,81,52479,47164,804,4511
2021-02-15,Sulawesi Selatan,160,0,278,-118,52639,47442,804,4393
2021-02-16,Sulawesi Selatan,319,4,339,-24,52958,47781,808,4369
2021-02-17,Sulawesi Selatan,116,5,466,-355,53074,48247,813,4014
2021-02-18,Sulawesi Selatan,274,0,222,52,53348,48469,813,4066
2021-02-19,Sulawesi Selatan,221,4,526,-309,53569,48995,817,3757
2021-02-20,Sulawesi Selatan,201,6,396,-201,53770,49391,823,3556
2021-02-21,Sulawesi Selatan,180,0,334,-154,53950,49725,823,3402
2021-02-22,Sulawesi Selatan,258,2,208,48,54208,49933,825,3450
2021-02-23,Sulawesi Selatan,506,0,270,236,54714,50203,825,3686
2021-02-24,Sulawesi Selatan,388,3,293,92,55102,50496,828,3778
2021-02-25,Sulawesi Selatan,423,3,326,94,55525,50822,831,3872
2021-02-26,Sulawesi Selatan,339,4,206,129,55864,51028,835,4001
2021-02-27,Sulawesi Selatan,249,3,238,8,56113,51266,838,4009
2021-02-28,Sulawesi Selatan,84,0,266,-182,56197,51532,838,3827
2021-03-01,Sulawesi Selatan,141,4,237,-100,56338,51769,842,3727
2021-03-02,Sulawesi Selatan,178,10,305,-137,56516,52074,852,3590
2021-03-03,Sulawesi Selatan,263,7,270,-14,56779,52344,859,3576
2021-03-04,Sulawesi Selatan,196,2,314,-120,56975,52658,861,3456
2021-03-05,Sulawesi Selatan,196,8,263,-75,57171,52921,869,3381
2021-03-06,Sulawesi Selatan,166,4,309,-147,57337,53230,873,3234
2021-03-07,Sulawesi Selatan,190,1,152,37,57527,53382,874,3271
2021-03-08,Sulawesi Selatan,79,3,190,-114,57606,53572,877,3157
2021-03-09,Sulawesi Selatan,92,1,138,-47,57698,53710,878,3110
2021-03-10,Sulawesi Selatan,220,2,137,81,57918,53847,880,3191
2021-03-11,Sulawesi Selatan,108,2,212,-106,58026,54059,882,3085
2021-03-12,Sulawesi Selatan,133,5,163,-35,58159,54222,887,3050
2021-03-13,Sulawesi Selatan,89,3,136,-50,58248,54358,890,3000
2021-03-14,Sulawesi Selatan,67,0,160,-93,58315,54518,890,2907
2021-03-15,Sulawesi Selatan,54,3,120,-69,58369,54638,893,2838
2021-03-16,Sulawesi Selatan,117,1,179,-63,58486,54817,894,2775
2021-03-17,Sulawesi Selatan,139,2,195,-58,58625,55012,896,2717
2021-03-18,Sulawesi Selatan,146,5,225,-84,58771,55237,901,2633
2021-03-19,Sulawesi Selatan,142,1,202,-61,58913,55439,902,2572
2021-03-20,Sulawesi Selatan,60,2,243,-185,58973,55682,904,2387
2021-03-21,Sulawesi Selatan,49,0,303,-254,59022,55985,904,2133
2021-03-22,Sulawesi Selatan,53,1,196,-144,59075,56181,905,1989
2021-03-23,Sulawesi Selatan,65,2,130,-67,59140,56311,907,1922
2021-03-24,Sulawesi Selatan,77,0,160,-83,59217,56471,907,1839
2021-03-25,Sulawesi Selatan,68,2,160,-94,59285,56631,909,1745
2021-03-26,Sulawesi Selatan,32,0,187,-155,59317,56818,909,1590
2021-03-27,Sulawesi Selatan,34,0,161,-127,59351,56979,909,1463
2021-03-28,Sulawesi Selatan,35,1,139,-105,59386,57118,910,1358
2021-03-29,Sulawesi Selatan,46,0,109,-63,59432,57227,910,1295
2021-03-30,Sulawesi Selatan,104,0,115,-11,59536,57342,910,1284
2021-03-31,Sulawesi Selatan,94,0,136,-42,59630,57478,910,1242
2021-04-01,Sulawesi Selatan,83,0,159,-76,59713,57637,910,1166
2021-04-02,Sulawesi Selatan,19,0,169,-150,59732,57806,910,1016
2021-04-03,Sulawesi Selatan,54,0,117,-63,59786,57923,910,953
2021-04-04,Sulawesi Selatan,58,0,157,-99,59844,58080,910,854
2021-04-05,Sulawesi Selatan,31,3,113,-85,59875,58193,913,769
2021-04-06,Sulawesi Selatan,209,0,128,81,60084,58321,913,850
2021-04-07,Sulawesi Selatan,227,0,245,-18,60311,58566,913,832
2021-04-08,Sulawesi Selatan,153,0,260,-107,60464,58826,913,725
2021-04-09,Sulawesi Selatan,80,2,206,-128,60544,59032,915,597
2021-04-10,Sulawesi Selatan,96,1,84,11,60640,59116,916,608
2021-04-11,Sulawesi Selatan,30,0,130,-100,60670,59246,916,508
2021-04-12,Sulawesi Selatan,43,0,47,-4,60713,59293,916,504
2021-04-13,Sulawesi Selatan,94,0,80,14,60807,59373,916,518
2021-04-14,Sulawesi Selatan,118,0,36,82,60925,59409,916,600
2021-04-15,Sulawesi Selatan,93,0,56,37,61018,59465,916,637
2021-04-16,Sulawesi Selatan,45,2,61,-18,61063,59526,918,619
2021-04-17,Sulawesi Selatan,35,0,15,20,61098,59541,918,639
2021-04-18,Sulawesi Selatan,22,0,10,12,61120,59551,918,651
2021-04-19,Sulawesi Selatan,17,1,28,-12,61137,59579,919,639
2021-04-20,Sulawesi Selatan,78,0,83,-5,61215,59662,919,634
2021-04-21,Sulawesi Selatan,65,3,42,20,61280,59704,922,654
2021-04-22,Sulawesi Selatan,20,5,150,-135,61300,59854,927,519
2021-04-23,Sulawesi Selatan,27,3,94,-70,61327,59948,930,449
2021-04-24,Sulawesi Selatan,14,1,19,-6,61341,59967,931,443
2021-04-25,Sulawesi Selatan,7,0,51,-44,61348,60018,931,399
2021-04-26,Sulawesi Selatan,14,0,70,-56,61362,60088,931,343
2021-04-27,Sulawesi Selatan,57,0,40,17,61419,60128,931,360
2021-04-28,Sulawesi Selatan,18,0,55,-37,61437,60183,931,323
2021-04-29,Sulawesi Selatan,27,1,37,-11,61464,60220,932,312
2021-04-30,Sulawesi Selatan,31,3,8,20,61495,60228,935,332
2021-05-01,Sulawesi Selatan,25,0,16,9,61520,60244,935,341
2021-05-02,Sulawesi Selatan,4,0,13,-9,61524,60257,935,332
2021-05-03,Sulawesi Selatan,13,0,9,4,61537,60266,935,336
2021-05-04,Sulawesi Selatan,21,0,8,13,61558,60274,935,349
2021-05-05,Sulawesi Selatan,6,0,56,-50,61564,60330,935,299
2021-05-06,Sulawesi Selatan,17,0,23,-6,61581,60353,935,293
2021-05-07,Sulawesi Selatan,27,0,18,9,61608,60371,935,302
2021-05-08,Sulawesi Selatan,17,0,14,3,61625,60385,935,305
2021-05-09,Sulawesi Selatan,11,0,6,5,61636,60391,935,310
2021-05-10,Sulawesi Selatan,27,0,15,12,61663,60406,935,322
2021-05-11,Sulawesi Selatan,26,0,32,-6,61689,60438,935,316
2021-05-12,Sulawesi Selatan,11,0,3,8,61700,60441,935,324
2021-05-13,Sulawesi Selatan,2,0,5,-3,61702,60446,935,321
2021-05-14,Sulawesi Selatan,6,0,4,2,61708,60450,935,323
2021-05-15,Sulawesi Selatan,2,0,5,-3,61710,60455,935,320
2021-05-16,Sulawesi Selatan,4,0,3,1,61714,60458,935,321
2021-05-17,Sulawesi Selatan,20,1,29,-10,61734,60487,936,311
2021-05-18,Sulawesi Selatan,22,0,25,-3,61756,60512,936,308
2021-05-19,Sulawesi Selatan,39,0,16,23,61795,60528,936,331
2021-05-20,Sulawesi Selatan,57,0,21,36,61852,60549,936,367
2021-05-21,Sulawesi Selatan,54,1,37,16,61906,60586,937,383
2021-05-22,Sulawesi Selatan,3,3,45,-45,61909,60631,940,338
2021-05-23,Sulawesi Selatan,41,1,30,10,61950,60661,941,348
2021-05-24,Sulawesi Selatan,14,1,8,5,61964,60669,942,353
2021-05-25,Sulawesi Selatan,51,0,3,48,62015,60672,942,401
2021-05-26,Sulawesi Selatan,9,0,4,5,62024,60676,942,406
2021-05-27,Sulawesi Selatan,33,2,29,2,62057,60705,944,408
2021-05-28,Sulawesi Selatan,32,1,29,2,62089,60734,945,410
2021-05-29,Sulawesi Selatan,18,0,39,-21,62107,60773,945,389
2021-05-30,Sulawesi Selatan,61,1,15,45,62168,60788,946,434
2021-05-31,Sulawesi Selatan,8,0,16,-8,62176,60804,946,426
2021-06-01,Sulawesi Selatan,3,0,64,-61,62179,60868,946,365
2021-06-02,Sulawesi Selatan,50,0,24,26,62229,60892,946,391
2021-06-03,Sulawesi Selatan,38,1,33,4,62267,60925,947,395
2021-06-04,Sulawesi Selatan,13,1,0,12,62280,60925,948,407
2021-06-05,Sulawesi Selatan,41,0,5,36,62321,60930,948,443
2021-06-06,Sulawesi Selatan,26,0,20,6,62347,60950,948,449
2021-06-07,Sulawesi Selatan,31,1,27,3,62378,60977,949,452
2021-06-08,Sulawesi Selatan,98,0,34,64,62476,61011,949,516
2021-06-09,Sulawesi Selatan,66,2,30,34,62542,61041,951,550
2021-06-10,Sulawesi Selatan,45,2,69,-26,62587,61110,953,524
2021-06-11,Sulawesi Selatan,32,1,31,0,62619,61141,954,524
2021-06-12,Sulawesi Selatan,36,1,30,5,62655,61171,955,529
2021-06-13,Sulawesi Selatan,17,0,27,-10,62672,61198,955,519
2021-06-14,Sulawesi Selatan,8,4,44,-40,62680,61242,959,479
2021-06-15,Sulawesi Selatan,41,1,41,-1,62721,61283,960,478
2021-06-16,Sulawesi Selatan,32,1,3,28,62753,61286,961,506
2021-06-17,Sulawesi Selatan,62,0,28,34,62815,61314,961,540
2021-06-18,Sulawesi Selatan,63,0,9,54,62878,61323,961,594
2021-06-19,Sulawesi Selatan,67,0,73,-6,62945,61396,961,588
2021-06-20,Sulawesi Selatan,50,0,1,49,62995,61397,961,637
2021-06-21,Sulawesi Selatan,35,2,26,7,63030,61423,963,644
2021-06-22,Sulawesi Selatan,130,1,22,107,63160,61445,964,751
2021-06-23,Sulawesi Selatan,130,0,17,113,63290,61462,964,864
2021-06-24,Sulawesi Selatan,100,1,15,84,63390,61477,965,948
2021-06-25,Sulawesi Selatan,151,2,19,130,63541,61496,967,1078
2021-06-26,Sulawesi Selatan,126,2,55,69,63667,61551,969,1147
2021-06-27,Sulawesi Selatan,93,5,102,-14,63760,61653,974,1133
2021-06-28,Sulawesi Selatan,125,2,102,21,63885,61755,976,1154
2021-06-29,Sulawesi Selatan,135,2,73,60,64020,61828,978,1214
2021-06-30,Sulawesi Selatan,212,8,79,125,64232,61907,986,1339
2021-07-01,Sulawesi Selatan,253,1,61,191,64485,61968,987,1530
2021-07-02,Sulawesi Selatan,327,4,51,272,64812,62019,991,1802
2021-07-03,Sulawesi Selatan,328,0,58,270,65140,62077,991,2072
2021-07-04,Sulawesi Selatan,176,3,80,93,65316,62157,994,2165
2021-07-05,Sulawesi Selatan,219,2,91,126,65535,62248,996,2291
2021-07-06,Sulawesi Selatan,249,0,71,178,65784,62319,996,2469
2021-07-07,Sulawesi Selatan,485,8,73,404,66269,62392,1004,2873
2021-07-08,Sulawesi Selatan,500,10,148,342,66769,62540,1014,3215
2021-07-09,Sulawesi Selatan,511,7,119,385,67280,62659,1021,3600
2021-07-10,Sulawesi Selatan,573,8,203,362,67853,62862,1029,3962
2021-07-11,Sulawesi Selatan,477,4,188,285,68330,63050,1033,4247
2021-07-12,Sulawesi Selatan,290,6,222,62,68620,63272,1039,4309
2021-07-13,Sulawesi Selatan,531,4,158,369,69151,63430,1043,4678
2021-07-14,Sulawesi Selatan,548,6,206,336,69699,63636,1049,5014
2021-07-15,Sulawesi Selatan,594,5,232,357,70293,63868,1054,5371
2021-07-16,Sulawesi Selatan,739,12,288,439,71032,64156,1066,5810
2021-07-17,Sulawesi Selatan,772,11,260,501,71804,64416,1077,6311
2021-07-18,Sulawesi Selatan,434,17,347,70,72238,64763,1094,6381
2021-07-19,Sulawesi Selatan,351,17,322,12,72589,65085,1111,6393
2021-07-20,Sulawesi Selatan,491,19,370,102,73080,65455,1130,6495
2021-07-21,Sulawesi Selatan,233,16,248,-31,73313,65703,1146,6464
2021-07-22,Sulawesi Selatan,954,12,404,538,74267,66107,1158,7002
2021-07-23,Sulawesi Selatan,1286,19,480,787,75553,66587,1177,7789
2021-07-24,Sulawesi Selatan,815,7,297,511,76368,66884,1184,8300
2021-07-25,Sulawesi Selatan,880,19,645,216,77248,67529,1203,8516
2021-07-26,Sulawesi Selatan,657,6,613,38,77905,68142,1209,8554
2021-07-27,Sulawesi Selatan,954,17,742,195,78859,68884,1226,8749
2021-07-28,Sulawesi Selatan,1145,35,722,388,80004,69606,1261,9137
2021-07-29,Sulawesi Selatan,1359,27,576,756,81363,70182,1288,9893
2021-07-30,Sulawesi Selatan,1082,29,351,702,82445,70533,1317,10595
2021-07-31,Sulawesi Selatan,1268,21,701,546,83713,71234,1338,11141
2021-08-01,Sulawesi Selatan,796,28,691,77,84509,71925,1366,11218
2020-03-26,Sulawesi Utara,1,0,1,0,1,1,0,0
2020-03-27,Sulawesi Utara,0,0,0,0,1,1,0,0
2020-03-28,Sulawesi Utara,0,0,0,0,1,1,0,0
2020-03-29,Sulawesi Utara,0,0,0,0,1,1,0,0
2020-03-30,Sulawesi Utara,0,0,0,0,1,1,0,0
2020-03-31,Sulawesi Utara,0,0,0,0,1,1,0,0
2020-04-01,Sulawesi Utara,2,0,0,2,3,1,0,2
2020-04-02,Sulawesi Utara,0,0,0,0,3,1,0,2
2020-04-03,Sulawesi Utara,0,0,0,0,3,1,0,2
2020-04-04,Sulawesi Utara,0,1,0,-1,3,1,1,1
2020-04-05,Sulawesi Utara,0,0,0,0,3,1,1,1
2020-04-06,Sulawesi Utara,2,0,0,2,5,1,1,3
2020-04-07,Sulawesi Utara,3,1,0,2,8,1,2,5
2020-04-08,Sulawesi Utara,0,0,0,0,8,1,2,5
2020-04-09,Sulawesi Utara,0,0,0,0,8,1,2,5
2020-04-10,Sulawesi Utara,5,1,0,4,13,1,3,9
2020-04-11,Sulawesi Utara,0,0,1,-1,13,2,3,8
2020-04-12,Sulawesi Utara,4,0,0,4,17,2,3,12
2020-04-13,Sulawesi Utara,0,0,0,0,17,2,3,12
2020-04-14,Sulawesi Utara,0,0,2,-2,17,4,3,10
2020-04-15,Sulawesi Utara,1,0,0,1,18,4,3,11
2020-04-16,Sulawesi Utara,0,0,1,-1,18,5,3,10
2020-04-17,Sulawesi Utara,0,0,0,0,18,5,3,10
2020-04-18,Sulawesi Utara,2,0,0,2,20,5,3,12
2020-04-19,Sulawesi Utara,0,0,0,0,20,5,3,12
2020-04-20,Sulawesi Utara,0,0,0,0,20,5,3,12
2020-04-21,Sulawesi Utara,0,0,0,0,20,5,3,12
2020-04-22,Sulawesi Utara,0,0,0,0,20,5,3,12
2020-04-23,Sulawesi Utara,11,0,2,9,31,7,3,21
2020-04-24,Sulawesi Utara,5,0,0,5,36,7,3,26
2020-04-25,Sulawesi Utara,0,0,0,0,36,7,3,26
2020-04-26,Sulawesi Utara,4,0,6,-2,40,13,3,24
2020-04-27,Sulawesi Utara,0,0,0,0,40,13,3,24
2020-04-28,Sulawesi Utara,3,0,0,3,43,13,3,27
2020-04-29,Sulawesi Utara,1,0,1,0,44,14,3,27
2020-04-30,Sulawesi Utara,1,1,0,0,45,14,4,27
2020-05-01,Sulawesi Utara,0,0,0,0,45,14,4,27
2020-05-02,Sulawesi Utara,0,0,3,-3,45,17,4,24
2020-05-03,Sulawesi Utara,0,0,0,0,45,17,4,24
2020-05-04,Sulawesi Utara,0,0,0,0,45,17,4,24
2020-05-05,Sulawesi Utara,0,0,0,0,45,17,4,24
2020-05-06,Sulawesi Utara,0,0,0,0,45,17,4,24
2020-05-07,Sulawesi Utara,0,0,0,0,45,17,4,24
2020-05-08,Sulawesi Utara,2,0,0,2,47,17,4,26
2020-05-09,Sulawesi Utara,6,1,0,5,53,17,5,31
2020-05-10,Sulawesi Utara,18,1,0,17,71,17,6,48
2020-05-11,Sulawesi Utara,0,0,0,0,71,17,6,48
2020-05-12,Sulawesi Utara,3,0,9,-6,74,26,6,42
2020-05-13,Sulawesi Utara,8,1,0,7,82,26,7,49
2020-05-14,Sulawesi Utara,1,1,4,-4,83,30,8,45
2020-05-15,Sulawesi Utara,22,1,0,21,105,30,9,66
2020-05-16,Sulawesi Utara,9,0,1,8,114,31,9,74
2020-05-17,Sulawesi Utara,0,4,0,-4,114,31,13,70
2020-05-18,Sulawesi Utara,2,1,0,1,116,31,14,71
2020-05-19,Sulawesi Utara,10,0,0,10,126,31,14,81
2020-05-20,Sulawesi Utara,24,1,0,23,150,31,15,104
2020-05-21,Sulawesi Utara,30,4,0,26,180,31,19,130
2020-05-22,Sulawesi Utara,18,4,0,14,198,31,23,144
2020-05-23,Sulawesi Utara,3,2,1,0,201,32,25,144
2020-05-24,Sulawesi Utara,29,1,2,26,230,34,26,170
2020-05-25,Sulawesi Utara,9,1,0,8,239,34,27,178
2020-05-26,Sulawesi Utara,26,5,1,20,265,35,32,198
2020-05-27,Sulawesi Utara,16,2,1,13,281,36,34,211
2020-05-28,Sulawesi Utara,16,0,2,14,297,38,34,225
2020-05-29,Sulawesi Utara,9,1,1,7,306,39,35,232
2020-05-30,Sulawesi Utara,16,0,1,15,322,40,35,247
2020-05-31,Sulawesi Utara,17,2,11,4,339,51,37,251
2020-06-01,Sulawesi Utara,0,1,1,-2,339,52,38,249
2020-06-02,Sulawesi Utara,15,1,0,14,354,52,39,263
2020-06-03,Sulawesi Utara,23,4,4,15,377,56,43,278
2020-06-04,Sulawesi Utara,4,1,6,-3,381,62,44,275
2020-06-05,Sulawesi Utara,10,1,0,9,391,62,45,284
2020-06-06,Sulawesi Utara,79,1,0,78,470,62,46,362
2020-06-07,Sulawesi Utara,25,5,2,18,495,64,51,380
2020-06-08,Sulawesi Utara,15,3,9,3,510,73,54,383
2020-06-09,Sulawesi Utara,17,0,0,17,527,73,54,400
2020-06-10,Sulawesi Utara,18,0,7,11,545,80,54,411
2020-06-11,Sulawesi Utara,34,4,18,12,579,98,58,423
2020-06-12,Sulawesi Utara,56,0,0,56,635,98,58,479
2020-06-13,Sulawesi Utara,16,6,1,9,651,99,64,488
2020-06-14,Sulawesi Utara,7,0,2,5,658,101,64,493
2020-06-15,Sulawesi Utara,17,0,7,10,675,108,64,503
2020-06-16,Sulawesi Utara,26,6,7,13,701,115,70,516
2020-06-17,Sulawesi Utara,35,0,7,28,736,122,70,544
2020-06-18,Sulawesi Utara,25,3,7,15,761,129,73,559
2020-06-19,Sulawesi Utara,23,1,8,14,784,137,74,573
2020-06-20,Sulawesi Utara,24,3,3,18,808,140,77,591
2020-06-21,Sulawesi Utara,45,0,3,42,853,143,77,633
2020-06-22,Sulawesi Utara,1,2,2,-3,854,145,79,630
2020-06-23,Sulawesi Utara,7,1,2,4,861,147,80,634
2020-06-24,Sulawesi Utara,31,3,2,26,892,149,83,660
2020-06-25,Sulawesi Utara,36,4,3,29,928,152,87,689
2020-06-26,Sulawesi Utara,42,5,19,18,970,171,92,707
2020-06-27,Sulawesi Utara,54,2,1,51,1024,172,94,758
2020-06-28,Sulawesi Utara,32,0,0,32,1056,172,94,790
2020-06-29,Sulawesi Utara,26,0,5,21,1082,177,94,811
2020-06-30,Sulawesi Utara,27,0,10,17,1109,187,94,828
2020-07-01,Sulawesi Utara,20,2,14,4,1129,201,96,832
2020-07-02,Sulawesi Utara,30,1,18,11,1159,219,97,843
2020-07-03,Sulawesi Utara,19,4,14,1,1178,233,101,844
2020-07-04,Sulawesi Utara,13,2,17,-6,1191,250,103,838
2020-07-05,Sulawesi Utara,17,1,17,-1,1208,267,104,837
2020-07-06,Sulawesi Utara,10,2,31,-23,1218,298,106,814
2020-07-07,Sulawesi Utara,34,1,18,15,1252,316,107,829
2020-07-08,Sulawesi Utara,89,1,12,76,1341,328,108,905
2020-07-09,Sulawesi Utara,87,0,27,60,1428,355,108,965
2020-07-10,Sulawesi Utara,130,1,5,124,1558,360,109,1089
2020-07-11,Sulawesi Utara,75,0,5,70,1633,365,109,1159
2020-07-12,Sulawesi Utara,27,0,1,26,1660,366,109,1185
2020-07-13,Sulawesi Utara,20,1,8,11,1680,374,110,1196
2020-07-14,Sulawesi Utara,16,1,16,-1,1696,390,111,1195
2020-07-15,Sulawesi Utara,44,0,12,32,1740,402,111,1227
2020-07-16,Sulawesi Utara,29,1,15,13,1769,417,112,1240
2020-07-17,Sulawesi Utara,28,1,107,-80,1797,524,113,1160
2020-07-18,Sulawesi Utara,54,1,76,-23,1851,600,114,1137
2020-07-19,Sulawesi Utara,47,2,21,24,1898,621,116,1161
2020-07-20,Sulawesi Utara,64,2,39,23,1962,660,118,1184
2020-07-21,Sulawesi Utara,38,3,51,-16,2000,711,121,1168
2020-07-22,Sulawesi Utara,74,1,125,-52,2074,836,122,1116
2020-07-23,Sulawesi Utara,43,0,111,-68,2117,947,122,1048
2020-07-24,Sulawesi Utara,44,0,54,-10,2161,1001,122,1038
2020-07-25,Sulawesi Utara,54,1,23,30,2215,1024,123,1068
2020-07-26,Sulawesi Utara,47,0,38,9,2262,1062,123,1077
2020-07-27,Sulawesi Utara,50,0,23,27,2312,1085,123,1104
2020-07-28,Sulawesi Utara,44,3,64,-23,2356,1149,126,1081
2020-07-29,Sulawesi Utara,57,0,39,18,2413,1188,126,1099
2020-07-30,Sulawesi Utara,86,3,22,61,2499,1210,129,1160
2020-07-31,Sulawesi Utara,81,3,16,62,2580,1226,132,1222
2020-08-01,Sulawesi Utara,68,0,19,49,2648,1245,132,1271
2020-08-02,Sulawesi Utara,20,1,60,-41,2668,1305,133,1230
2020-08-03,Sulawesi Utara,78,1,49,28,2746,1354,134,1258
2020-08-04,Sulawesi Utara,29,0,37,-8,2775,1391,134,1250
2020-08-05,Sulawesi Utara,19,0,35,-16,2794,1426,134,1234
2020-08-06,Sulawesi Utara,28,1,31,-4,2822,1457,135,1230
2020-08-07,Sulawesi Utara,18,3,30,-15,2840,1487,138,1215
2020-08-08,Sulawesi Utara,20,0,88,-68,2860,1575,138,1147
2020-08-09,Sulawesi Utara,44,2,43,-1,2904,1618,140,1146
2020-08-10,Sulawesi Utara,72,0,20,52,2976,1638,140,1198
2020-08-11,Sulawesi Utara,36,3,51,-18,3012,1689,143,1180
2020-08-12,Sulawesi Utara,12,0,30,-18,3024,1719,143,1162
2020-08-13,Sulawesi Utara,126,0,20,106,3150,1739,143,1268
2020-08-14,Sulawesi Utara,61,0,82,-21,3211,1821,143,1247
2020-08-15,Sulawesi Utara,50,1,55,-6,3261,1876,144,1241
2020-08-16,Sulawesi Utara,21,2,91,-72,3282,1967,146,1169
2020-08-17,Sulawesi Utara,6,1,68,-63,3288,2035,147,1106
2020-08-18,Sulawesi Utara,27,1,82,-56,3315,2117,148,1050
2020-08-19,Sulawesi Utara,21,0,38,-17,3336,2155,148,1033
2020-08-20,Sulawesi Utara,65,1,36,28,3401,2191,149,1061
2020-08-21,Sulawesi Utara,50,0,134,-84,3451,2325,149,977
2020-08-22,Sulawesi Utara,70,0,29,41,3521,2354,149,1018
2020-08-23,Sulawesi Utara,30,0,67,-37,3551,2421,149,981
2020-08-24,Sulawesi Utara,3,5,34,-36,3554,2455,154,945
2020-08-25,Sulawesi Utara,44,0,30,14,3598,2485,154,959
2020-08-26,Sulawesi Utara,15,1,34,-20,3613,2519,155,939
2020-08-27,Sulawesi Utara,38,0,20,18,3651,2539,155,957
2020-08-28,Sulawesi Utara,34,0,62,-28,3685,2601,155,929
2020-08-29,Sulawesi Utara,66,0,49,17,3751,2650,155,946
2020-08-30,Sulawesi Utara,82,1,52,29,3833,2702,156,975
2020-08-31,Sulawesi Utara,15,0,36,-21,3848,2738,156,954
2020-09-01,Sulawesi Utara,45,0,33,12,3893,2771,156,966
2020-09-02,Sulawesi Utara,14,1,51,-38,3907,2822,157,928
2020-09-03,Sulawesi Utara,34,1,35,-2,3941,2857,158,926
2020-09-04,Sulawesi Utara,30,0,40,-10,3971,2897,158,916
2020-09-05,Sulawesi Utara,18,0,43,-25,3989,2940,158,891
2020-09-06,Sulawesi Utara,12,1,20,-9,4001,2960,159,882
2020-09-07,Sulawesi Utara,1,1,52,-52,4002,3012,160,830
2020-09-08,Sulawesi Utara,21,0,18,3,4023,3030,160,833
2020-09-09,Sulawesi Utara,22,0,24,-2,4045,3054,160,831
2020-09-10,Sulawesi Utara,18,0,36,-18,4063,3090,160,813
2020-09-11,Sulawesi Utara,21,0,26,-5,4084,3116,160,808
2020-09-12,Sulawesi Utara,21,0,40,-19,4105,3156,160,789
2020-09-13,Sulawesi Utara,44,1,12,31,4149,3168,161,820
2020-09-14,Sulawesi Utara,16,1,40,-25,4165,3208,162,795
2020-09-15,Sulawesi Utara,6,0,26,-20,4171,3234,162,775
2020-09-16,Sulawesi Utara,11,2,15,-6,4182,3249,164,769
2020-09-17,Sulawesi Utara,30,1,21,8,4212,3270,165,777
2020-09-18,Sulawesi Utara,20,0,25,-5,4232,3295,165,772
2020-09-19,Sulawesi Utara,22,2,30,-10,4254,3325,167,762
2020-09-20,Sulawesi Utara,40,1,26,13,4294,3351,168,775
2020-09-21,Sulawesi Utara,23,2,20,1,4317,3371,170,776
2020-09-22,Sulawesi Utara,12,1,28,-17,4329,3399,171,759
2020-09-23,Sulawesi Utara,6,0,16,-10,4335,3415,171,749
2020-09-24,Sulawesi Utara,22,1,36,-15,4357,3451,172,734
2020-09-25,Sulawesi Utara,33,0,12,21,4390,3463,172,755
2020-09-26,Sulawesi Utara,21,1,34,-14,4411,3497,173,741
2020-09-27,Sulawesi Utara,26,0,22,4,4437,3519,173,745
2020-09-28,Sulawesi Utara,7,0,36,-29,4444,3555,173,716
2020-09-29,Sulawesi Utara,12,2,20,-10,4456,3575,175,706
2020-09-30,Sulawesi Utara,31,1,22,8,4487,3597,176,714
2020-10-01,Sulawesi Utara,17,0,24,-7,4504,3621,176,707
2020-10-02,Sulawesi Utara,25,1,38,-14,4529,3659,177,693
2020-10-03,Sulawesi Utara,22,0,25,-3,4551,3684,177,690
2020-10-04,Sulawesi Utara,25,0,27,-2,4576,3711,177,688
2020-10-05,Sulawesi Utara,19,1,41,-23,4595,3752,178,665
2020-10-06,Sulawesi Utara,35,0,15,20,4630,3767,178,685
2020-10-07,Sulawesi Utara,22,1,51,-30,4652,3818,179,655
2020-10-08,Sulawesi Utara,32,0,23,9,4684,3841,179,664
2020-10-09,Sulawesi Utara,18,1,35,-18,4702,3876,180,646
2020-10-10,Sulawesi Utara,41,0,28,13,4743,3904,180,659
2020-10-11,Sulawesi Utara,54,0,50,4,4797,3954,180,663
2020-10-12,Sulawesi Utara,6,1,48,-43,4803,4002,181,620
2020-10-13,Sulawesi Utara,8,0,20,-12,4811,4022,181,608
2020-10-14,Sulawesi Utara,44,1,22,21,4855,4044,182,629
2020-10-15,Sulawesi Utara,12,1,30,-19,4867,4074,183,610
2020-10-16,Sulawesi Utara,62,2,38,22,4929,4112,185,632
2020-10-17,Sulawesi Utara,30,0,32,-2,4959,4144,185,630
2020-10-18,Sulawesi Utara,26,1,41,-16,4985,4185,186,614
2020-10-19,Sulawesi Utara,41,2,24,15,5026,4209,188,629
2020-10-20,Sulawesi Utara,22,2,27,-7,5048,4236,190,622
2020-10-21,Sulawesi Utara,27,2,24,1,5075,4260,192,623
2020-10-22,Sulawesi Utara,13,2,26,-15,5088,4286,194,608
2020-10-23,Sulawesi Utara,45,0,28,17,5133,4314,194,625
2020-10-24,Sulawesi Utara,44,1,29,14,5177,4343,195,639
2020-10-25,Sulawesi Utara,33,0,33,0,5210,4376,195,639
2020-10-26,Sulawesi Utara,22,0,31,-9,5232,4407,195,630
2020-10-27,Sulawesi Utara,11,2,25,-16,5243,4432,197,614
2020-10-28,Sulawesi Utara,43,2,15,26,5286,4447,199,640
2020-10-29,Sulawesi Utara,65,1,36,28,5351,4483,200,668
2020-10-30,Sulawesi Utara,39,0,36,3,5390,4519,200,671
2020-10-31,Sulawesi Utara,19,4,24,-9,5409,4543,204,662
2020-11-01,Sulawesi Utara,21,0,24,-3,5430,4567,204,659
2020-11-02,Sulawesi Utara,24,1,19,4,5454,4586,205,663
2020-11-03,Sulawesi Utara,22,1,51,-30,5476,4637,206,633
2020-11-04,Sulawesi Utara,8,2,23,-17,5484,4660,208,616
2020-11-05,Sulawesi Utara,44,0,19,25,5528,4679,208,641
2020-11-06,Sulawesi Utara,1,2,37,-38,5529,4716,210,603
2020-11-07,Sulawesi Utara,52,2,25,25,5581,4741,212,628
2020-11-08,Sulawesi Utara,58,1,10,47,5639,4751,213,675
2020-11-09,Sulawesi Utara,44,1,40,3,5683,4791,214,678
2020-11-10,Sulawesi Utara,30,2,19,9,5713,4810,216,687
2020-11-11,Sulawesi Utara,78,0,2,76,5791,4812,216,763
2020-11-12,Sulawesi Utara,37,0,55,-18,5828,4867,216,745
2020-11-13,Sulawesi Utara,19,6,16,-3,5847,4883,222,742
2020-11-14,Sulawesi Utara,65,3,15,47,5912,4898,225,789
2020-11-15,Sulawesi Utara,49,0,24,25,5961,4922,225,814
2020-11-16,Sulawesi Utara,100,2,37,61,6061,4959,227,875
2020-11-17,Sulawesi Utara,44,0,28,16,6105,4987,227,891
2020-11-18,Sulawesi Utara,6,0,9,-3,6111,4996,227,888
2020-11-19,Sulawesi Utara,119,3,10,106,6230,5006,230,994
2020-11-20,Sulawesi Utara,145,0,54,91,6375,5060,230,1085
2020-11-21,Sulawesi Utara,20,0,15,5,6395,5075,230,1090
2020-11-22,Sulawesi Utara,23,2,19,2,6418,5094,232,1092
2020-11-23,Sulawesi Utara,25,1,35,-11,6443,5129,233,1081
2020-11-24,Sulawesi Utara,28,3,33,-8,6471,5162,236,1073
2020-11-25,Sulawesi Utara,79,0,28,51,6550,5190,236,1124
2020-11-26,Sulawesi Utara,44,2,20,22,6594,5210,238,1146
2020-11-27,Sulawesi Utara,152,0,38,114,6746,5248,238,1260
2020-11-28,Sulawesi Utara,47,0,21,26,6793,5269,238,1286
2020-11-29,Sulawesi Utara,18,3,23,-8,6811,5292,241,1278
2020-11-30,Sulawesi Utara,115,3,69,43,6926,5361,244,1321
2020-12-01,Sulawesi Utara,36,0,52,-16,6962,5413,244,1305
2020-12-02,Sulawesi Utara,104,0,44,60,7066,5457,244,1365
2020-12-03,Sulawesi Utara,88,2,27,59,7154,5484,246,1424
2020-12-04,Sulawesi Utara,61,5,56,0,7215,5540,251,1424
2020-12-05,Sulawesi Utara,29,1,40,-12,7244,5580,252,1412
2020-12-06,Sulawesi Utara,105,0,55,50,7349,5635,252,1462
2020-12-07,Sulawesi Utara,78,2,18,58,7427,5653,254,1520
2020-12-08,Sulawesi Utara,47,2,73,-28,7474,5726,256,1492
2020-12-09,Sulawesi Utara,57,2,72,-17,7531,5798,258,1475
2020-12-10,Sulawesi Utara,135,1,32,102,7666,5830,259,1577
2020-12-11,Sulawesi Utara,134,5,20,109,7800,5850,264,1686
2020-12-12,Sulawesi Utara,78,1,26,51,7878,5876,265,1737
2020-12-13,Sulawesi Utara,93,3,25,65,7971,5901,268,1802
2020-12-14,Sulawesi Utara,87,1,35,51,8058,5936,269,1853
2020-12-15,Sulawesi Utara,58,1,27,30,8116,5963,270,1883
2020-12-16,Sulawesi Utara,173,1,75,97,8289,6038,271,1980
2020-12-17,Sulawesi Utara,121,1,21,99,8410,6059,272,2079
2020-12-18,Sulawesi Utara,206,4,78,124,8616,6137,276,2203
2020-12-19,Sulawesi Utara,164,2,69,93,8780,6206,278,2296
2020-12-20,Sulawesi Utara,157,6,47,104,8937,6253,284,2400
2020-12-21,Sulawesi Utara,99,5,96,-2,9036,6349,289,2398
2020-12-22,Sulawesi Utara,31,0,71,-40,9067,6420,289,2358
2020-12-23,Sulawesi Utara,67,2,102,-37,9134,6522,291,2321
2020-12-24,Sulawesi Utara,103,2,33,68,9237,6555,293,2389
2020-12-25,Sulawesi Utara,65,1,32,32,9302,6587,294,2421
2020-12-26,Sulawesi Utara,43,1,0,42,9345,6587,295,2463
2020-12-27,Sulawesi Utara,69,3,99,-33,9414,6686,298,2430
2020-12-28,Sulawesi Utara,79,3,118,-42,9493,6804,301,2388
2020-12-29,Sulawesi Utara,56,4,73,-21,9549,6877,305,2367
2020-12-30,Sulawesi Utara,34,4,126,-96,9583,7003,309,2271
2020-12-31,Sulawesi Utara,87,1,72,14,9670,7075,310,2285
2021-01-01,Sulawesi Utara,53,0,71,-18,9723,7146,310,2267
2021-01-02,Sulawesi Utara,60,12,71,-23,9783,7217,322,2244
2021-01-03,Sulawesi Utara,81,0,19,62,9864,7236,322,2306
2021-01-04,Sulawesi Utara,58,0,33,25,9922,7269,322,2331
2021-01-05,Sulawesi Utara,35,0,10,25,9957,7279,322,2356
2021-01-06,Sulawesi Utara,42,1,74,-33,9999,7353,323,2323
2021-01-07,Sulawesi Utara,81,4,41,36,10080,7394,327,2359
2021-01-08,Sulawesi Utara,77,4,95,-22,10157,7489,331,2337
2021-01-09,Sulawesi Utara,143,1,9,133,10300,7498,332,2470
2021-01-10,Sulawesi Utara,170,2,13,155,10470,7511,334,2625
2021-01-11,Sulawesi Utara,150,7,162,-19,10620,7673,341,2606
2021-01-12,Sulawesi Utara,79,2,99,-22,10699,7772,343,2584
2021-01-13,Sulawesi Utara,94,1,37,56,10793,7809,344,2640
2021-01-14,Sulawesi Utara,100,3,98,-1,10893,7907,347,2639
2021-01-15,Sulawesi Utara,128,0,47,81,11021,7954,347,2720
2021-01-16,Sulawesi Utara,179,3,138,38,11200,8092,350,2758
2021-01-17,Sulawesi Utara,140,3,24,113,11340,8116,353,2871
2021-01-18,Sulawesi Utara,145,0,183,-38,11485,8299,353,2833
2021-01-19,Sulawesi Utara,119,1,62,56,11604,8361,354,2889
2021-01-20,Sulawesi Utara,235,2,45,188,11839,8406,356,3077
2021-01-21,Sulawesi Utara,92,2,82,8,11931,8488,358,3085
2021-01-22,Sulawesi Utara,159,11,46,102,12090,8534,369,3187
2021-01-23,Sulawesi Utara,150,1,48,101,12240,8582,370,3288
2021-01-24,Sulawesi Utara,241,2,25,214,12481,8607,372,3502
2021-01-25,Sulawesi Utara,139,5,178,-44,12620,8785,377,3458
2021-01-26,Sulawesi Utara,200,8,198,-6,12820,8983,385,3452
2021-01-27,Sulawesi Utara,146,3,75,68,12966,9058,388,3520
2021-01-28,Sulawesi Utara,146,28,30,88,13112,9088,416,3608
2021-01-29,Sulawesi Utara,116,4,69,43,13228,9157,420,3651
2021-01-30,Sulawesi Utara,130,3,167,-40,13358,9324,423,3611
2021-01-31,Sulawesi Utara,95,6,101,-12,13453,9425,429,3599
2021-02-01,Sulawesi Utara,74,2,52,20,13527,9477,431,3619
2021-02-02,Sulawesi Utara,103,9,44,50,13630,9521,440,3669
2021-02-03,Sulawesi Utara,72,2,254,-184,13702,9775,442,3485
2021-02-04,Sulawesi Utara,63,6,69,-12,13765,9844,448,3473
2021-02-05,Sulawesi Utara,17,2,48,-33,13782,9892,450,3440
2021-02-06,Sulawesi Utara,106,1,162,-57,13888,10054,451,3383
2021-02-07,Sulawesi Utara,92,8,94,-10,13980,10148,459,3373
2021-02-08,Sulawesi Utara,31,16,203,-188,14011,10351,475,3185
2021-02-09,Sulawesi Utara,96,2,148,-54,14107,10499,477,3131
2021-02-10,Sulawesi Utara,34,4,110,-80,14141,10609,481,3051
2021-02-11,Sulawesi Utara,161,2,46,113,14302,10655,483,3164
2021-02-12,Sulawesi Utara,73,1,45,27,14375,10700,484,3191
2021-02-13,Sulawesi Utara,84,1,58,25,14459,10758,485,3216
2021-02-14,Sulawesi Utara,56,2,79,-25,14515,10837,487,3191
2021-02-15,Sulawesi Utara,97,0,166,-69,14612,11003,487,3122
2021-02-16,Sulawesi Utara,17,0,43,-26,14629,11046,487,3096
2021-02-17,Sulawesi Utara,4,0,16,-12,14633,11062,487,3084
2021-02-18,Sulawesi Utara,27,0,128,-101,14660,11190,487,2983
2021-02-19,Sulawesi Utara,56,0,73,-17,14716,11263,487,2966
2021-02-20,Sulawesi Utara,56,0,153,-97,14772,11416,487,2869
2021-02-21,Sulawesi Utara,42,0,15,27,14814,11431,487,2896
2021-02-22,Sulawesi Utara,23,2,94,-73,14837,11525,489,2823
2021-02-23,Sulawesi Utara,11,0,35,-24,14848,11560,489,2799
2021-02-24,Sulawesi Utara,15,0,127,-112,14863,11687,489,2687
2021-02-25,Sulawesi Utara,18,1,26,-9,14881,11713,490,2678
2021-02-26,Sulawesi Utara,66,2,121,-57,14947,11834,492,2621
2021-02-27,Sulawesi Utara,42,0,26,16,14989,11860,492,2637
2021-02-28,Sulawesi Utara,13,0,18,-5,15002,11878,492,2632
2021-03-01,Sulawesi Utara,19,3,65,-49,15021,11943,495,2583
2021-03-02,Sulawesi Utara,5,0,18,-13,15026,11961,495,2570
2021-03-03,Sulawesi Utara,21,0,19,2,15047,11980,495,2572
2021-03-04,Sulawesi Utara,18,0,11,7,15065,11991,495,2579
2021-03-05,Sulawesi Utara,11,1,16,-6,15076,12007,496,2573
2021-03-06,Sulawesi Utara,27,2,8,17,15103,12015,498,2590
2021-03-07,Sulawesi Utara,32,0,1,31,15135,12016,498,2621
2021-03-08,Sulawesi Utara,1,0,47,-46,15136,12063,498,2575
2021-03-09,Sulawesi Utara,10,0,43,-33,15146,12106,498,2542
2021-03-10,Sulawesi Utara,23,0,5,18,15169,12111,498,2560
2021-03-11,Sulawesi Utara,3,0,17,-14,15172,12128,498,2546
2021-03-12,Sulawesi Utara,2,0,19,-17,15174,12147,498,2529
2021-03-13,Sulawesi Utara,24,0,14,10,15198,12161,498,2539
2021-03-14,Sulawesi Utara,14,0,14,0,15212,12175,498,2539
2021-03-15,Sulawesi Utara,4,0,45,-41,15216,12220,498,2498
2021-03-16,Sulawesi Utara,0,0,9,-9,15216,12229,498,2489
2021-03-17,Sulawesi Utara,9,1,12,-4,15225,12241,499,2485
2021-03-18,Sulawesi Utara,10,0,35,-25,15235,12276,499,2460
2021-03-19,Sulawesi Utara,14,0,6,8,15249,12282,499,2468
2021-03-20,Sulawesi Utara,12,0,8,4,15261,12290,499,2472
2021-03-21,Sulawesi Utara,4,0,6,-2,15265,12296,499,2470
2021-03-22,Sulawesi Utara,16,0,61,-45,15281,12357,499,2425
2021-03-23,Sulawesi Utara,0,0,3,-3,15281,12360,499,2422
2021-03-24,Sulawesi Utara,0,0,13,-13,15281,12373,499,2409
2021-03-25,Sulawesi Utara,29,0,10,19,15310,12383,499,2428
2021-03-26,Sulawesi Utara,17,0,6,11,15327,12389,499,2439
2021-03-27,Sulawesi Utara,19,0,6,13,15346,12395,499,2452
2021-03-28,Sulawesi Utara,5,0,4,1,15351,12399,499,2453
2021-03-29,Sulawesi Utara,2,0,10,-8,15353,12409,499,2445
2021-03-30,Sulawesi Utara,8,0,33,-25,15361,12442,499,2420
2021-03-31,Sulawesi Utara,4,0,12,-8,15365,12454,499,2412
2021-04-01,Sulawesi Utara,5,0,11,-6,15370,12465,499,2406
2021-04-02,Sulawesi Utara,5,1,4,0,15375,12469,500,2406
2021-04-03,Sulawesi Utara,11,1,4,6,15386,12473,501,2412
2021-04-04,Sulawesi Utara,0,0,5,-5,15386,12478,501,2407
2021-04-05,Sulawesi Utara,1,0,5,-4,15387,12483,501,2403
2021-04-06,Sulawesi Utara,11,0,1,10,15398,12484,501,2413
2021-04-07,Sulawesi Utara,6,0,29,-23,15404,12513,501,2390
2021-04-08,Sulawesi Utara,11,1,2,8,15415,12515,502,2398
2021-04-09,Sulawesi Utara,0,0,0,0,15415,12515,502,2398
2021-04-10,Sulawesi Utara,1,0,6,-5,15416,12521,502,2393
2021-04-11,Sulawesi Utara,14,0,143,-129,15430,12664,502,2264
2021-04-12,Sulawesi Utara,0,0,3,-3,15430,12667,502,2261
2021-04-13,Sulawesi Utara,15,0,5,10,15445,12672,502,2271
2021-04-14,Sulawesi Utara,3,0,3,0,15448,12675,502,2271
2021-04-15,Sulawesi Utara,25,0,18,7,15473,12693,502,2278
2021-04-16,Sulawesi Utara,6,0,1,5,15479,12694,502,2283
2021-04-17,Sulawesi Utara,3,0,1,2,15482,12695,502,2285
2021-04-18,Sulawesi Utara,2,0,11,-9,15484,12706,502,2276
2021-04-19,Sulawesi Utara,6,0,56,-50,15490,12762,502,2226
2021-04-20,Sulawesi Utara,2,0,0,2,15492,12762,502,2228
2021-04-21,Sulawesi Utara,1,0,11,-10,15493,12773,502,2218
2021-04-22,Sulawesi Utara,22,0,1,21,15515,12774,502,2239
2021-04-23,Sulawesi Utara,65,1,7,57,15580,12781,503,2296
2021-04-24,Sulawesi Utara,6,0,1,5,15586,12782,503,2301
2021-04-25,Sulawesi Utara,45,0,11,34,15631,12793,503,2335
2021-04-26,Sulawesi Utara,3,1,149,-147,15634,12942,504,2188
2021-04-27,Sulawesi Utara,4,0,1,3,15638,12943,504,2191
2021-04-28,Sulawesi Utara,4,0,0,4,15642,12943,504,2195
2021-04-29,Sulawesi Utara,5,0,10,-5,15647,12953,504,2190
2021-04-30,Sulawesi Utara,3,0,113,-110,15650,13066,504,2080
2021-05-01,Sulawesi Utara,6,0,16,-10,15656,13082,504,2070
2021-05-02,Sulawesi Utara,1,3,143,-145,15657,13225,507,1925
2021-05-03,Sulawesi Utara,0,1,9,-10,15657,13234,508,1915
2021-05-04,Sulawesi Utara,6,0,66,-60,15663,13300,508,1855
2021-05-05,Sulawesi Utara,2,0,7,-5,15665,13307,508,1850
2021-05-06,Sulawesi Utara,0,0,120,-120,15665,13427,508,1730
2021-05-07,Sulawesi Utara,7,0,31,-24,15672,13458,508,1706
2021-05-08,Sulawesi Utara,9,1,34,-26,15681,13492,509,1680
2021-05-09,Sulawesi Utara,0,1,54,-55,15681,13546,510,1625
2021-05-10,Sulawesi Utara,1,0,6,-5,15682,13552,510,1620
2021-05-11,Sulawesi Utara,6,0,1,5,15688,13553,510,1625
2021-05-12,Sulawesi Utara,9,11,50,-52,15697,13603,521,1573
2021-05-13,Sulawesi Utara,26,1,1,24,15723,13604,522,1597
2021-05-14,Sulawesi Utara,0,1,328,-329,15723,13932,523,1268
2021-05-15,Sulawesi Utara,0,10,390,-400,15723,14322,533,868
2021-05-16,Sulawesi Utara,0,4,173,-177,15723,14495,537,691
2021-05-17,Sulawesi Utara,1,0,258,-257,15724,14753,537,434
2021-05-18,Sulawesi Utara,0,0,1,-1,15724,14754,537,433
2021-05-19,Sulawesi Utara,3,0,13,-10,15727,14767,537,423
2021-05-20,Sulawesi Utara,7,2,10,-5,15734,14777,539,418
2021-05-21,Sulawesi Utara,2,0,27,-25,15736,14804,539,393
2021-05-22,Sulawesi Utara,11,1,0,10,15747,14804,540,403
2021-05-23,Sulawesi Utara,8,0,28,-20,15755,14832,540,383
2021-05-24,Sulawesi Utara,0,0,29,-29,15755,14861,540,354
2021-05-25,Sulawesi Utara,1,0,17,-16,15756,14878,540,338
2021-05-26,Sulawesi Utara,4,0,6,-2,15760,14884,540,336
2021-05-27,Sulawesi Utara,4,7,19,-22,15764,14903,547,314
2021-05-28,Sulawesi Utara,0,0,3,-3,15764,14906,547,311
2021-05-29,Sulawesi Utara,1,0,1,0,15765,14907,547,311
2021-05-30,Sulawesi Utara,4,0,13,-9,15769,14920,547,302
2021-05-31,Sulawesi Utara,3,0,10,-7,15772,14930,547,295
2021-06-01,Sulawesi Utara,4,0,4,0,15776,14934,547,295
2021-06-02,Sulawesi Utara,7,0,3,4,15783,14937,547,299
2021-06-03,Sulawesi Utara,5,0,29,-24,15788,14966,547,275
2021-06-04,Sulawesi Utara,8,0,2,6,15796,14968,547,281
2021-06-05,Sulawesi Utara,7,0,0,7,15803,14968,547,288
2021-06-06,Sulawesi Utara,13,0,12,1,15816,14980,547,289
2021-06-07,Sulawesi Utara,1,1,0,0,15817,14980,548,289
2021-06-08,Sulawesi Utara,7,0,7,0,15824,14987,548,289
2021-06-09,Sulawesi Utara,10,0,11,-1,15834,14998,548,288
2021-06-10,Sulawesi Utara,10,0,9,1,15844,15007,548,289
2021-06-11,Sulawesi Utara,14,0,26,-12,15858,15033,548,277
2021-06-12,Sulawesi Utara,0,0,2,-2,15858,15035,548,275
2021-06-13,Sulawesi Utara,2,0,3,-1,15860,15038,548,274
2021-06-14,Sulawesi Utara,22,0,2,20,15882,15040,548,294
2021-06-15,Sulawesi Utara,19,0,6,13,15901,15046,548,307
2021-06-16,Sulawesi Utara,0,0,6,-6,15901,15052,548,301
2021-06-17,Sulawesi Utara,17,0,0,17,15918,15052,548,318
2021-06-18,Sulawesi Utara,16,1,51,-36,15934,15103,549,282
2021-06-19,Sulawesi Utara,19,0,45,-26,15953,15148,549,256
2021-06-20,Sulawesi Utara,0,1,8,-9,15953,15156,550,247
2021-06-21,Sulawesi Utara,16,0,24,-8,15969,15180,550,239
2021-06-22,Sulawesi Utara,39,1,20,18,16008,15200,551,257
2021-06-23,Sulawesi Utara,47,0,7,40,16055,15207,551,297
2021-06-24,Sulawesi Utara,20,0,29,-9,16075,15236,551,288
2021-06-25,Sulawesi Utara,36,1,9,26,16111,15245,552,314
2021-06-26,Sulawesi Utara,23,1,34,-12,16134,15279,553,302
2021-06-27,Sulawesi Utara,9,0,5,4,16143,15284,553,306
2021-06-28,Sulawesi Utara,34,1,11,22,16177,15295,554,328
2021-06-29,Sulawesi Utara,38,2,5,31,16215,15300,556,359
2021-06-30,Sulawesi Utara,47,1,26,20,16262,15326,557,379
2021-07-01,Sulawesi Utara,42,0,7,35,16304,15333,557,414
2021-07-02,Sulawesi Utara,88,0,24,64,16392,15357,557,478
2021-07-03,Sulawesi Utara,143,1,13,129,16535,15370,558,607
2021-07-04,Sulawesi Utara,94,0,47,47,16629,15417,558,654
2021-07-05,Sulawesi Utara,2,0,22,-20,16631,15439,558,634
2021-07-06,Sulawesi Utara,164,2,8,154,16795,15447,560,788
2021-07-07,Sulawesi Utara,129,2,13,114,16924,15460,562,902
2021-07-08,Sulawesi Utara,225,1,56,168,17149,15516,563,1070
2021-07-09,Sulawesi Utara,278,9,9,260,17427,15525,572,1330
2021-07-10,Sulawesi Utara,223,4,37,182,17650,15562,576,1512
2021-07-11,Sulawesi Utara,136,2,23,111,17786,15585,578,1623
2021-07-12,Sulawesi Utara,119,3,36,80,17905,15621,581,1703
2021-07-13,Sulawesi Utara,271,2,17,252,18176,15638,583,1955
2021-07-14,Sulawesi Utara,255,2,124,129,18431,15762,585,2084
2021-07-15,Sulawesi Utara,378,3,19,356,18809,15781,588,2440
2021-07-16,Sulawesi Utara,345,8,67,270,19154,15848,596,2710
2021-07-17,Sulawesi Utara,261,5,20,236,19415,15868,601,2946
2021-07-18,Sulawesi Utara,306,6,89,211,19721,15957,607,3157
2021-07-19,Sulawesi Utara,70,2,193,-125,19791,16150,609,3032
2021-07-20,Sulawesi Utara,307,5,106,196,20098,16256,614,3228
2021-07-21,Sulawesi Utara,261,3,97,161,20359,16353,617,3389
2021-07-22,Sulawesi Utara,369,3,83,283,20728,16436,620,3672
2021-07-23,Sulawesi Utara,333,2,86,245,21061,16522,622,3917
2021-07-24,Sulawesi Utara,246,6,211,29,21307,16733,628,3946
2021-07-25,Sulawesi Utara,507,7,227,273,21814,16960,635,4219
2021-07-26,Sulawesi Utara,190,10,217,-37,22004,17177,645,4182
2021-07-27,Sulawesi Utara,479,10,242,227,22483,17419,655,4409
2021-07-28,Sulawesi Utara,339,11,255,73,22822,17674,666,4482
2021-07-29,Sulawesi Utara,562,5,189,368,23384,17863,671,4850
2021-07-30,Sulawesi Utara,452,13,281,158,23836,18144,684,5008
2021-07-31,Sulawesi Utara,708,20,192,496,24544,18336,704,5504
2021-08-01,Sulawesi Utara,293,20,332,-59,24837,18668,724,5445
2020-03-26,Sulawesi Tengah,1,0,0,1,1,0,0,1
2020-03-27,Sulawesi Tengah,0,0,0,0,1,0,0,1
2020-03-28,Sulawesi Tengah,1,0,0,1,2,0,0,2
2020-03-29,Sulawesi Tengah,0,0,0,0,2,0,0,2
2020-03-30,Sulawesi Tengah,0,0,0,0,2,0,0,2
2020-03-31,Sulawesi Tengah,0,0,0,0,2,0,0,2
2020-04-01,Sulawesi Tengah,0,0,0,0,2,0,0,2
2020-04-02,Sulawesi Tengah,0,1,0,-1,2,0,1,1
2020-04-03,Sulawesi Tengah,2,1,0,1,4,0,2,2
2020-04-04,Sulawesi Tengah,0,0,0,0,4,0,2,2
2020-04-05,Sulawesi Tengah,1,0,0,1,5,0,2,3
2020-04-06,Sulawesi Tengah,0,0,0,0,5,0,2,3
2020-04-07,Sulawesi Tengah,0,0,2,-2,5,2,2,1
2020-04-08,Sulawesi Tengah,0,0,0,0,5,2,2,1
2020-04-09,Sulawesi Tengah,0,0,0,0,5,2,2,1
2020-04-10,Sulawesi Tengah,9,0,0,9,14,2,2,10
2020-04-11,Sulawesi Tengah,5,0,0,5,19,2,2,15
2020-04-12,Sulawesi Tengah,0,0,0,0,19,2,2,15
2020-04-13,Sulawesi Tengah,0,1,0,-1,19,2,3,14
2020-04-14,Sulawesi Tengah,0,0,0,0,19,2,3,14
2020-04-15,Sulawesi Tengah,3,0,0,3,22,2,3,17
2020-04-16,Sulawesi Tengah,0,0,0,0,22,2,3,17
2020-04-17,Sulawesi Tengah,2,0,0,2,24,2,3,19
2020-04-18,Sulawesi Tengah,0,0,0,0,24,2,3,19
2020-04-19,Sulawesi Tengah,3,0,0,3,27,2,3,22
2020-04-20,Sulawesi Tengah,0,0,0,0,27,2,3,22
2020-04-21,Sulawesi Tengah,0,0,1,-1,27,3,3,21
2020-04-22,Sulawesi Tengah,2,0,0,2,29,3,3,23
2020-04-23,Sulawesi Tengah,0,0,0,0,29,3,3,23
2020-04-24,Sulawesi Tengah,3,0,0,3,32,3,3,26
2020-04-25,Sulawesi Tengah,4,0,0,4,36,3,3,30
2020-04-26,Sulawesi Tengah,0,0,1,-1,36,4,3,29
2020-04-27,Sulawesi Tengah,0,0,0,0,36,4,3,29
2020-04-28,Sulawesi Tengah,6,0,4,2,42,8,3,31
2020-04-29,Sulawesi Tengah,5,0,0,5,47,8,3,36
2020-04-30,Sulawesi Tengah,0,0,0,0,47,8,3,36
2020-05-01,Sulawesi Tengah,0,0,3,-3,47,11,3,33
2020-05-02,Sulawesi Tengah,12,0,0,12,59,11,3,45
2020-05-03,Sulawesi Tengah,0,0,0,0,59,11,3,45
2020-05-04,Sulawesi Tengah,0,0,0,0,59,11,3,45
2020-05-05,Sulawesi Tengah,11,0,1,10,70,12,3,55
2020-05-06,Sulawesi Tengah,0,0,0,0,70,12,3,55
2020-05-07,Sulawesi Tengah,5,0,0,5,75,12,3,60
2020-05-08,Sulawesi Tengah,0,0,0,0,75,12,3,60
2020-05-09,Sulawesi Tengah,0,0,0,0,75,12,3,60
2020-05-10,Sulawesi Tengah,8,0,0,8,83,12,3,68
2020-05-11,Sulawesi Tengah,0,0,1,-1,83,13,3,67
2020-05-12,Sulawesi Tengah,12,0,0,12,95,13,3,79
2020-05-13,Sulawesi Tengah,7,1,7,-1,102,20,4,78
2020-05-14,Sulawesi Tengah,9,0,1,8,111,21,4,86
2020-05-15,Sulawesi Tengah,1,0,0,1,112,21,4,87
2020-05-16,Sulawesi Tengah,1,0,1,0,113,22,4,87
2020-05-17,Sulawesi Tengah,2,0,2,0,115,24,4,87
2020-05-18,Sulawesi Tengah,0,0,2,-2,115,26,4,85
2020-05-19,Sulawesi Tengah,0,0,0,0,115,26,4,85
2020-05-20,Sulawesi Tengah,0,0,0,0,115,26,4,85
2020-05-21,Sulawesi Tengah,2,0,11,-9,117,37,4,76
2020-05-22,Sulawesi Tengah,1,0,0,1,118,37,4,77
2020-05-23,Sulawesi Tengah,2,0,0,2,120,37,4,79
2020-05-24,Sulawesi Tengah,0,0,9,-9,120,46,4,70
2020-05-25,Sulawesi Tengah,0,0,0,0,120,46,4,70
2020-05-26,Sulawesi Tengah,0,0,2,-2,120,48,4,68
2020-05-27,Sulawesi Tengah,0,0,2,-2,120,50,4,66
2020-05-28,Sulawesi Tengah,6,0,2,4,126,52,4,70
2020-05-29,Sulawesi Tengah,0,0,0,0,126,52,4,70
2020-05-30,Sulawesi Tengah,0,0,0,0,126,52,4,70
2020-05-31,Sulawesi Tengah,2,0,9,-7,128,61,4,63
2020-06-01,Sulawesi Tengah,0,0,0,0,128,61,4,63
2020-06-02,Sulawesi Tengah,0,0,0,0,128,61,4,63
2020-06-03,Sulawesi Tengah,1,0,3,-2,129,64,4,61
2020-06-04,Sulawesi Tengah,0,0,6,-6,129,70,4,55
2020-06-05,Sulawesi Tengah,7,0,8,-1,136,78,4,54
2020-06-06,Sulawesi Tengah,3,0,9,-6,139,87,4,48
2020-06-07,Sulawesi Tengah,20,0,7,13,159,94,4,61
2020-06-08,Sulawesi Tengah,0,0,0,0,159,94,4,61
2020-06-09,Sulawesi Tengah,0,0,0,0,159,94,4,61
2020-06-10,Sulawesi Tengah,0,0,1,-1,159,95,4,60
2020-06-11,Sulawesi Tengah,0,0,1,-1,159,96,4,59
2020-06-12,Sulawesi Tengah,0,0,0,0,159,96,4,59
2020-06-13,Sulawesi Tengah,9,0,1,8,168,97,4,67
2020-06-14,Sulawesi Tengah,2,0,18,-16,170,115,4,51
2020-06-15,Sulawesi Tengah,1,0,6,-5,171,121,4,46
2020-06-16,Sulawesi Tengah,1,0,4,-3,172,125,4,43
2020-06-17,Sulawesi Tengah,0,0,4,-4,172,129,4,39
2020-06-18,Sulawesi Tengah,0,0,1,-1,172,130,4,38
2020-06-19,Sulawesi Tengah,1,0,0,1,173,130,4,39
2020-06-20,Sulawesi Tengah,0,0,1,-1,173,131,4,38
2020-06-21,Sulawesi Tengah,0,0,1,-1,173,132,4,37
2020-06-22,Sulawesi Tengah,3,0,0,3,176,132,4,40
2020-06-23,Sulawesi Tengah,3,0,8,-5,179,140,4,35
2020-06-24,Sulawesi Tengah,1,1,1,-1,180,141,5,34
2020-06-25,Sulawesi Tengah,1,0,4,-3,181,145,5,31
2020-06-26,Sulawesi Tengah,2,0,2,0,183,147,5,31
2020-06-27,Sulawesi Tengah,1,0,5,-4,184,152,5,27
2020-06-28,Sulawesi Tengah,2,0,1,1,186,153,5,28
2020-06-29,Sulawesi Tengah,0,0,0,0,186,153,5,28
2020-06-30,Sulawesi Tengah,0,0,0,0,186,153,5,28
2020-07-01,Sulawesi Tengah,0,0,4,-4,186,157,5,24
2020-07-02,Sulawesi Tengah,0,1,1,-2,186,158,6,22
2020-07-03,Sulawesi Tengah,0,0,1,-1,186,159,6,21
2020-07-04,Sulawesi Tengah,5,0,2,3,191,161,6,24
2020-07-05,Sulawesi Tengah,0,0,2,-2,191,163,6,22
2020-07-06,Sulawesi Tengah,0,0,0,0,191,163,6,22
2020-07-07,Sulawesi Tengah,0,0,1,-1,191,164,6,21
2020-07-08,Sulawesi Tengah,2,0,0,2,193,164,6,23
2020-07-09,Sulawesi Tengah,0,0,0,0,193,164,6,23
2020-07-10,Sulawesi Tengah,0,0,0,0,193,164,6,23
2020-07-11,Sulawesi Tengah,0,0,1,-1,193,165,6,22
2020-07-12,Sulawesi Tengah,0,0,1,-1,193,166,6,21
2020-07-13,Sulawesi Tengah,0,0,0,0,193,166,6,21
2020-07-14,Sulawesi Tengah,1,0,2,-1,194,168,6,20
2020-07-15,Sulawesi Tengah,1,0,7,-6,195,175,6,14
2020-07-16,Sulawesi Tengah,0,0,0,0,195,175,6,14
2020-07-17,Sulawesi Tengah,0,0,0,0,195,175,6,14
2020-07-18,Sulawesi Tengah,0,0,0,0,195,175,6,14
2020-07-19,Sulawesi Tengah,1,0,1,0,196,176,6,14
2020-07-20,Sulawesi Tengah,0,0,0,0,196,176,6,14
2020-07-21,Sulawesi Tengah,0,0,2,-2,196,178,6,12
2020-07-22,Sulawesi Tengah,0,0,3,-3,196,181,6,9
2020-07-23,Sulawesi Tengah,4,1,3,0,200,184,7,9
2020-07-24,Sulawesi Tengah,1,0,0,1,201,184,7,10
2020-07-25,Sulawesi Tengah,0,0,1,-1,201,185,7,9
2020-07-26,Sulawesi Tengah,1,0,0,1,202,185,7,10
2020-07-27,Sulawesi Tengah,0,0,0,0,202,185,7,10
2020-07-28,Sulawesi Tengah,4,0,3,1,206,188,7,11
2020-07-29,Sulawesi Tengah,1,0,0,1,207,188,7,12
2020-07-30,Sulawesi Tengah,0,0,0,0,207,188,7,12
2020-07-31,Sulawesi Tengah,0,0,0,0,207,188,7,12
2020-08-01,Sulawesi Tengah,0,0,1,-1,207,189,7,11
2020-08-02,Sulawesi Tengah,6,0,0,6,213,189,7,17
2020-08-03,Sulawesi Tengah,0,0,0,0,213,189,7,17
2020-08-04,Sulawesi Tengah,0,0,2,-2,213,191,7,15
2020-08-05,Sulawesi Tengah,2,0,1,1,215,192,7,16
2020-08-06,Sulawesi Tengah,0,0,2,-2,215,194,7,14
2020-08-07,Sulawesi Tengah,1,0,1,0,216,195,7,14
2020-08-08,Sulawesi Tengah,0,0,0,0,216,195,7,14
2020-08-09,Sulawesi Tengah,0,0,0,0,216,195,7,14
2020-08-10,Sulawesi Tengah,0,0,0,0,216,195,7,14
2020-08-11,Sulawesi Tengah,0,0,0,0,216,195,7,14
2020-08-12,Sulawesi Tengah,4,0,1,3,220,196,7,17
2020-08-13,Sulawesi Tengah,0,0,1,-1,220,197,7,16
2020-08-14,Sulawesi Tengah,3,0,0,3,223,197,7,19
2020-08-15,Sulawesi Tengah,0,0,0,0,223,197,7,19
2020-08-16,Sulawesi Tengah,0,0,0,0,223,197,7,19
2020-08-17,Sulawesi Tengah,4,0,0,4,227,197,7,23
2020-08-18,Sulawesi Tengah,1,0,0,1,228,197,7,24
2020-08-19,Sulawesi Tengah,5,0,0,5,233,197,7,29
2020-08-20,Sulawesi Tengah,0,0,0,0,233,197,7,29
2020-08-21,Sulawesi Tengah,2,0,2,0,235,199,7,29
2020-08-22,Sulawesi Tengah,1,0,7,-6,236,206,7,23
2020-08-23,Sulawesi Tengah,2,1,0,1,238,206,8,24
2020-08-24,Sulawesi Tengah,1,0,1,0,239,207,8,24
2020-08-25,Sulawesi Tengah,0,0,3,-3,239,210,8,21
2020-08-26,Sulawesi Tengah,0,0,2,-2,239,212,8,19
2020-08-27,Sulawesi Tengah,0,0,1,-1,239,213,8,18
2020-08-28,Sulawesi Tengah,1,0,5,-4,240,218,8,14
2020-08-29,Sulawesi Tengah,1,0,0,1,241,218,8,15
2020-08-30,Sulawesi Tengah,0,0,1,-1,241,219,8,14
2020-08-31,Sulawesi Tengah,2,0,1,1,243,220,8,15
2020-09-01,Sulawesi Tengah,1,0,0,1,244,220,8,16
2020-09-02,Sulawesi Tengah,1,1,0,0,245,220,9,16
2020-09-03,Sulawesi Tengah,4,2,1,1,249,221,11,17
2020-09-04,Sulawesi Tengah,0,0,1,-1,249,222,11,16
2020-09-05,Sulawesi Tengah,3,0,2,1,252,224,11,17
2020-09-06,Sulawesi Tengah,0,0,0,0,252,224,11,17
2020-09-07,Sulawesi Tengah,0,0,2,-2,252,226,11,15
2020-09-08,Sulawesi Tengah,5,0,0,5,257,226,11,20
2020-09-09,Sulawesi Tengah,4,0,2,2,261,228,11,22
2020-09-10,Sulawesi Tengah,0,0,1,-1,261,229,11,21
2020-09-11,Sulawesi Tengah,7,0,0,7,268,229,11,28
2020-09-12,Sulawesi Tengah,1,0,0,1,269,229,11,29
2020-09-13,Sulawesi Tengah,2,0,2,0,271,231,11,29
2020-09-14,Sulawesi Tengah,0,0,0,0,271,231,11,29
2020-09-15,Sulawesi Tengah,1,0,1,0,272,232,11,29
2020-09-16,Sulawesi Tengah,4,0,0,4,276,232,11,33
2020-09-17,Sulawesi Tengah,2,0,0,2,278,232,11,35
2020-09-18,Sulawesi Tengah,11,0,1,10,289,233,11,45
2020-09-19,Sulawesi Tengah,8,1,0,7,297,233,12,52
2020-09-20,Sulawesi Tengah,23,0,0,23,320,233,12,75
2020-09-21,Sulawesi Tengah,1,0,1,0,321,234,12,75
2020-09-22,Sulawesi Tengah,9,1,4,4,330,238,13,79
2020-09-23,Sulawesi Tengah,14,1,2,11,344,240,14,90
2020-09-24,Sulawesi Tengah,4,1,3,0,348,243,15,90
2020-09-25,Sulawesi Tengah,6,0,0,6,354,243,15,96
2020-09-26,Sulawesi Tengah,21,0,4,17,375,247,15,113
2020-09-27,Sulawesi Tengah,0,0,0,0,375,247,15,113
2020-09-28,Sulawesi Tengah,18,0,3,15,393,250,15,128
2020-09-29,Sulawesi Tengah,9,0,6,3,402,256,15,131
2020-09-30,Sulawesi Tengah,8,0,11,-3,410,267,15,128
2020-10-01,Sulawesi Tengah,30,1,20,9,440,287,16,137
2020-10-02,Sulawesi Tengah,10,1,4,5,450,291,17,142
2020-10-03,Sulawesi Tengah,11,0,16,-5,461,307,17,137
2020-10-04,Sulawesi Tengah,5,0,3,2,466,310,17,139
2020-10-05,Sulawesi Tengah,1,1,2,-2,467,312,18,137
2020-10-06,Sulawesi Tengah,24,1,12,11,491,324,19,148
2020-10-07,Sulawesi Tengah,23,1,4,18,514,328,20,166
2020-10-08,Sulawesi Tengah,14,1,7,6,528,335,21,172
2020-10-09,Sulawesi Tengah,11,0,20,-9,539,355,21,163
2020-10-10,Sulawesi Tengah,13,0,14,-1,552,369,21,162
2020-10-11,Sulawesi Tengah,16,0,6,10,568,375,21,172
2020-10-12,Sulawesi Tengah,1,3,4,-6,569,379,24,166
2020-10-13,Sulawesi Tengah,17,1,27,-11,586,406,25,155
2020-10-14,Sulawesi Tengah,10,0,4,6,596,410,25,161
2020-10-15,Sulawesi Tengah,21,0,3,18,617,413,25,179
2020-10-16,Sulawesi Tengah,0,0,0,0,617,413,25,179
2020-10-17,Sulawesi Tengah,51,0,23,28,668,436,25,207
2020-10-18,Sulawesi Tengah,17,1,3,13,685,439,26,220
2020-10-19,Sulawesi Tengah,2,1,10,-9,687,449,27,211
2020-10-20,Sulawesi Tengah,39,1,13,25,726,462,28,236
2020-10-21,Sulawesi Tengah,36,2,17,17,762,479,30,253
2020-10-22,Sulawesi Tengah,13,0,15,-2,775,494,30,251
2020-10-23,Sulawesi Tengah,12,1,18,-7,787,512,31,244
2020-10-24,Sulawesi Tengah,12,2,7,3,799,519,33,247
2020-10-25,Sulawesi Tengah,18,0,39,-21,817,558,33,226
2020-10-26,Sulawesi Tengah,4,0,32,-28,821,590,33,198
2020-10-27,Sulawesi Tengah,17,0,13,4,838,603,33,202
2020-10-28,Sulawesi Tengah,10,1,10,-1,848,613,34,201
2020-10-29,Sulawesi Tengah,7,0,11,-4,855,624,34,197
2020-10-30,Sulawesi Tengah,0,0,4,-4,855,628,34,193
2020-10-31,Sulawesi Tengah,2,0,18,-16,857,646,34,177
2020-11-01,Sulawesi Tengah,19,0,5,14,876,651,34,191
2020-11-02,Sulawesi Tengah,2,2,20,-20,878,671,36,171
2020-11-03,Sulawesi Tengah,11,2,7,2,889,678,38,173
2020-11-04,Sulawesi Tengah,17,0,7,10,906,685,38,183
2020-11-05,Sulawesi Tengah,32,1,13,18,938,698,39,201
2020-11-06,Sulawesi Tengah,25,2,11,12,963,709,41,213
2020-11-07,Sulawesi Tengah,25,0,25,0,988,734,41,213
2020-11-08,Sulawesi Tengah,59,0,11,48,1047,745,41,261
2020-11-09,Sulawesi Tengah,0,1,23,-24,1047,768,42,237
2020-11-10,Sulawesi Tengah,30,1,33,-4,1077,801,43,233
2020-11-11,Sulawesi Tengah,37,1,10,26,1114,811,44,259
2020-11-12,Sulawesi Tengah,12,0,23,-11,1126,834,44,248
2020-11-13,Sulawesi Tengah,22,3,3,16,1148,837,47,264
2020-11-14,Sulawesi Tengah,8,1,21,-14,1156,858,48,250
2020-11-15,Sulawesi Tengah,2,0,1,1,1158,859,48,251
2020-11-16,Sulawesi Tengah,74,2,13,59,1232,872,50,310
2020-11-17,Sulawesi Tengah,33,1,15,17,1265,887,51,327
2020-11-18,Sulawesi Tengah,73,1,6,66,1338,893,52,393
2020-11-19,Sulawesi Tengah,52,2,15,35,1390,908,54,428
2020-11-20,Sulawesi Tengah,4,0,23,-19,1394,931,54,409
2020-11-21,Sulawesi Tengah,59,4,4,51,1453,935,58,460
2020-11-22,Sulawesi Tengah,61,1,20,40,1514,955,59,500
2020-11-23,Sulawesi Tengah,37,3,3,31,1551,958,62,531
2020-11-24,Sulawesi Tengah,81,0,11,70,1632,969,62,601
2020-11-25,Sulawesi Tengah,55,4,12,39,1687,981,66,640
2020-11-26,Sulawesi Tengah,13,2,35,-24,1700,1016,68,616
2020-11-27,Sulawesi Tengah,39,2,35,2,1739,1051,70,618
2020-11-28,Sulawesi Tengah,30,1,11,18,1769,1062,71,636
2020-11-29,Sulawesi Tengah,31,1,9,21,1800,1071,72,657
2020-11-30,Sulawesi Tengah,60,0,17,43,1860,1088,72,700
2020-12-01,Sulawesi Tengah,12,0,38,-26,1872,1126,72,674
2020-12-02,Sulawesi Tengah,31,1,55,-25,1903,1181,73,649
2020-12-03,Sulawesi Tengah,72,4,24,44,1975,1205,77,693
2020-12-04,Sulawesi Tengah,55,0,46,9,2030,1251,77,702
2020-12-05,Sulawesi Tengah,57,0,20,37,2087,1271,77,739
2020-12-06,Sulawesi Tengah,54,1,62,-9,2141,1333,78,730
2020-12-07,Sulawesi Tengah,56,0,15,41,2197,1348,78,771
2020-12-08,Sulawesi Tengah,41,1,34,6,2238,1382,79,777
2020-12-09,Sulawesi Tengah,61,1,15,45,2299,1397,80,822
2020-12-10,Sulawesi Tengah,9,2,11,-4,2308,1408,82,818
2020-12-11,Sulawesi Tengah,65,3,45,17,2373,1453,85,835
2020-12-12,Sulawesi Tengah,44,1,23,20,2417,1476,86,855
2020-12-13,Sulawesi Tengah,11,0,20,-9,2428,1496,86,846
2020-12-14,Sulawesi Tengah,46,0,35,11,2474,1531,86,857
2020-12-15,Sulawesi Tengah,39,2,24,13,2513,1555,88,870
2020-12-16,Sulawesi Tengah,57,1,19,37,2570,1574,89,907
2020-12-17,Sulawesi Tengah,39,2,11,26,2609,1585,91,933
2020-12-18,Sulawesi Tengah,53,2,23,28,2662,1608,93,961
2020-12-19,Sulawesi Tengah,38,0,3,35,2700,1611,93,996
2020-12-20,Sulawesi Tengah,73,2,30,41,2773,1641,95,1037
2020-12-21,Sulawesi Tengah,26,1,2,23,2799,1643,96,1060
2020-12-22,Sulawesi Tengah,33,1,5,27,2832,1648,97,1087
2020-12-23,Sulawesi Tengah,54,1,38,15,2886,1686,98,1102
2020-12-24,Sulawesi Tengah,45,3,17,25,2931,1703,101,1127
2020-12-25,Sulawesi Tengah,39,1,19,19,2970,1722,102,1146
2020-12-26,Sulawesi Tengah,42,1,14,27,3012,1736,103,1173
2020-12-27,Sulawesi Tengah,54,1,10,43,3066,1746,104,1216
2020-12-28,Sulawesi Tengah,41,2,16,23,3107,1762,106,1239
2020-12-29,Sulawesi Tengah,81,0,45,36,3188,1807,106,1275
2020-12-30,Sulawesi Tengah,169,0,13,156,3357,1820,106,1431
2020-12-31,Sulawesi Tengah,195,0,45,150,3552,1865,106,1581
2021-01-01,Sulawesi Tengah,65,2,104,-41,3617,1969,108,1540
2021-01-02,Sulawesi Tengah,66,1,31,34,3683,2000,109,1574
2021-01-03,Sulawesi Tengah,67,3,33,31,3750,2033,112,1605
2021-01-04,Sulawesi Tengah,52,3,77,-28,3802,2110,115,1577
2021-01-05,Sulawesi Tengah,94,3,52,39,3896,2162,118,1616
2021-01-06,Sulawesi Tengah,162,0,150,12,4058,2312,118,1628
2021-01-07,Sulawesi Tengah,157,1,20,136,4215,2332,119,1764
2021-01-08,Sulawesi Tengah,158,1,70,87,4373,2402,120,1851
2021-01-09,Sulawesi Tengah,131,4,73,54,4504,2475,124,1905
2021-01-10,Sulawesi Tengah,145,0,40,105,4649,2515,124,2010
2021-01-11,Sulawesi Tengah,116,6,95,15,4765,2610,130,2025
2021-01-12,Sulawesi Tengah,252,9,101,142,5017,2711,139,2167
2021-01-13,Sulawesi Tengah,113,0,90,23,5130,2801,139,2190
2021-01-14,Sulawesi Tengah,107,4,107,-4,5237,2908,143,2186
2021-01-15,Sulawesi Tengah,248,1,121,126,5485,3029,144,2312
2021-01-16,Sulawesi Tengah,87,0,107,-20,5572,3136,144,2292
2021-01-17,Sulawesi Tengah,63,4,112,-53,5635,3248,148,2239
2021-01-18,Sulawesi Tengah,30,3,144,-117,5665,3392,151,2122
2021-01-19,Sulawesi Tengah,134,1,183,-50,5799,3575,152,2072
2021-01-20,Sulawesi Tengah,132,2,128,2,5931,3703,154,2074
2021-01-21,Sulawesi Tengah,80,2,50,28,6011,3753,156,2102
2021-01-22,Sulawesi Tengah,200,8,204,-12,6211,3957,164,2090
2021-01-23,Sulawesi Tengah,200,2,112,86,6411,4069,166,2176
2021-01-24,Sulawesi Tengah,203,2,104,97,6614,4173,168,2273
2021-01-25,Sulawesi Tengah,108,0,155,-47,6722,4328,168,2226
2021-01-26,Sulawesi Tengah,156,3,106,47,6878,4434,171,2273
2021-01-27,Sulawesi Tengah,165,2,49,114,7043,4483,173,2387
2021-01-28,Sulawesi Tengah,233,3,144,86,7276,4627,176,2473
2021-01-29,Sulawesi Tengah,116,1,175,-60,7392,4802,177,2413
2021-01-30,Sulawesi Tengah,271,6,132,133,7663,4934,183,2546
2021-01-31,Sulawesi Tengah,130,1,121,8,7793,5055,184,2554
2021-02-01,Sulawesi Tengah,64,10,136,-82,7857,5191,194,2472
2021-02-02,Sulawesi Tengah,275,5,110,160,8132,5301,199,2632
2021-02-03,Sulawesi Tengah,155,2,163,-10,8287,5464,201,2622
2021-02-04,Sulawesi Tengah,207,5,202,0,8494,5666,206,2622
2021-02-05,Sulawesi Tengah,173,1,52,120,8667,5718,207,2742
2021-02-06,Sulawesi Tengah,184,2,24,158,8851,5742,209,2900
2021-02-07,Sulawesi Tengah,37,1,118,-82,8888,5860,210,2818
2021-02-08,Sulawesi Tengah,32,1,172,-141,8920,6032,211,2677
2021-02-09,Sulawesi Tengah,76,0,57,19,8996,6089,211,2696
2021-02-10,Sulawesi Tengah,63,4,232,-173,9059,6321,215,2523
2021-02-11,Sulawesi Tengah,38,6,83,-51,9097,6404,221,2472
2021-02-12,Sulawesi Tengah,35,1,37,-3,9132,6441,222,2469
2021-02-13,Sulawesi Tengah,77,5,142,-70,9209,6583,227,2399
2021-02-14,Sulawesi Tengah,57,3,107,-53,9266,6690,230,2346
2021-02-15,Sulawesi Tengah,49,2,47,0,9315,6737,232,2346
2021-02-16,Sulawesi Tengah,31,0,16,15,9346,6753,232,2361
2021-02-17,Sulawesi Tengah,44,0,38,6,9390,6791,232,2367
2021-02-18,Sulawesi Tengah,93,5,132,-44,9483,6923,237,2323
2021-02-19,Sulawesi Tengah,46,5,159,-118,9529,7082,242,2205
2021-02-20,Sulawesi Tengah,45,0,432,-387,9574,7514,242,1818
2021-02-21,Sulawesi Tengah,23,3,71,-51,9597,7585,245,1767
2021-02-22,Sulawesi Tengah,62,1,145,-84,9659,7730,246,1683
2021-02-23,Sulawesi Tengah,90,2,171,-83,9749,7901,248,1600
2021-02-24,Sulawesi Tengah,65,1,42,22,9814,7943,249,1622
2021-02-25,Sulawesi Tengah,67,1,181,-115,9881,8124,250,1507
2021-02-26,Sulawesi Tengah,85,4,31,50,9966,8155,254,1557
2021-02-27,Sulawesi Tengah,47,3,63,-19,10013,8218,257,1538
2021-02-28,Sulawesi Tengah,12,2,5,5,10025,8223,259,1543
2021-03-01,Sulawesi Tengah,74,0,34,40,10099,8257,259,1583
2021-03-02,Sulawesi Tengah,34,1,75,-42,10133,8332,260,1541
2021-03-03,Sulawesi Tengah,66,1,88,-23,10199,8420,261,1518
2021-03-04,Sulawesi Tengah,77,1,53,23,10276,8473,262,1541
2021-03-05,Sulawesi Tengah,13,1,10,2,10289,8483,263,1543
2021-03-06,Sulawesi Tengah,34,0,4,30,10323,8487,263,1573
2021-03-07,Sulawesi Tengah,38,1,16,21,10361,8503,264,1594
2021-03-08,Sulawesi Tengah,26,0,136,-110,10387,8639,264,1484
2021-03-09,Sulawesi Tengah,55,0,122,-67,10442,8761,264,1417
2021-03-10,Sulawesi Tengah,39,2,65,-28,10481,8826,266,1389
2021-03-11,Sulawesi Tengah,33,0,62,-29,10514,8888,266,1360
2021-03-12,Sulawesi Tengah,47,1,31,15,10561,8919,267,1375
2021-03-13,Sulawesi Tengah,12,0,26,-14,10573,8945,267,1361
2021-03-14,Sulawesi Tengah,40,0,29,11,10613,8974,267,1372
2021-03-15,Sulawesi Tengah,30,2,54,-26,10643,9028,269,1346
2021-03-16,Sulawesi Tengah,24,2,43,-21,10667,9071,271,1325
2021-03-17,Sulawesi Tengah,25,1,25,-1,10692,9096,272,1324
2021-03-18,Sulawesi Tengah,24,1,52,-29,10716,9148,273,1295
2021-03-19,Sulawesi Tengah,55,1,58,-4,10771,9206,274,1291
2021-03-20,Sulawesi Tengah,42,2,86,-46,10813,9292,276,1245
2021-03-21,Sulawesi Tengah,21,3,88,-70,10834,9380,279,1175
2021-03-22,Sulawesi Tengah,84,2,138,-56,10918,9518,281,1119
2021-03-23,Sulawesi Tengah,70,4,74,-8,10988,9592,285,1111
2021-03-24,Sulawesi Tengah,33,6,216,-189,11021,9808,291,922
2021-03-25,Sulawesi Tengah,24,1,39,-16,11045,9847,292,906
2021-03-26,Sulawesi Tengah,34,2,35,-3,11079,9882,294,903
2021-03-27,Sulawesi Tengah,13,0,20,-7,11092,9902,294,896
2021-03-28,Sulawesi Tengah,18,0,58,-40,11110,9960,294,856
2021-03-29,Sulawesi Tengah,26,0,64,-38,11136,10024,294,818
2021-03-30,Sulawesi Tengah,45,0,10,35,11181,10034,294,853
2021-03-31,Sulawesi Tengah,40,0,78,-38,11221,10112,294,815
2021-04-01,Sulawesi Tengah,32,3,63,-34,11253,10175,297,781
2021-04-02,Sulawesi Tengah,18,0,32,-14,11271,10207,297,767
2021-04-03,Sulawesi Tengah,14,2,21,-9,11285,10228,299,758
2021-04-04,Sulawesi Tengah,18,0,13,5,11303,10241,299,763
2021-04-05,Sulawesi Tengah,48,1,29,18,11351,10270,300,781
2021-04-06,Sulawesi Tengah,16,1,47,-32,11367,10317,301,749
2021-04-07,Sulawesi Tengah,57,2,27,28,11424,10344,303,777
2021-04-08,Sulawesi Tengah,23,2,59,-38,11447,10403,305,739
2021-04-09,Sulawesi Tengah,55,1,32,22,11502,10435,306,761
2021-04-10,Sulawesi Tengah,20,1,23,-4,11522,10458,307,757
2021-04-11,Sulawesi Tengah,8,1,39,-32,11530,10497,308,725
2021-04-12,Sulawesi Tengah,49,0,93,-44,11579,10590,308,681
2021-04-13,Sulawesi Tengah,55,1,63,-9,11634,10653,309,672
2021-04-14,Sulawesi Tengah,61,0,76,-15,11695,10729,309,657
2021-04-15,Sulawesi Tengah,27,1,75,-49,11722,10804,310,608
2021-04-16,Sulawesi Tengah,26,4,27,-5,11748,10831,314,603
2021-04-17,Sulawesi Tengah,70,1,0,69,11818,10831,315,672
2021-04-18,Sulawesi Tengah,7,2,8,-3,11825,10839,317,669
2021-04-19,Sulawesi Tengah,81,0,56,25,11906,10895,317,694
2021-04-20,Sulawesi Tengah,15,1,69,-55,11921,10964,318,639
2021-04-21,Sulawesi Tengah,26,3,63,-40,11947,11027,321,599
2021-04-22,Sulawesi Tengah,7,2,28,-23,11954,11055,323,576
2021-04-23,Sulawesi Tengah,38,0,8,30,11992,11063,323,606
2021-04-24,Sulawesi Tengah,46,0,5,41,12038,11068,323,647
2021-04-25,Sulawesi Tengah,9,1,7,1,12047,11075,324,648
2021-04-26,Sulawesi Tengah,39,1,11,27,12086,11086,325,675
2021-04-27,Sulawesi Tengah,39,0,23,16,12125,11109,325,691
2021-04-28,Sulawesi Tengah,48,2,29,17,12173,11138,327,708
2021-04-29,Sulawesi Tengah,51,1,18,32,12224,11156,328,740
2021-04-30,Sulawesi Tengah,58,4,33,21,12282,11189,332,761
2021-05-01,Sulawesi Tengah,20,2,25,-7,12302,11214,334,754
2021-05-02,Sulawesi Tengah,14,1,11,2,12316,11225,335,756
2021-05-03,Sulawesi Tengah,56,2,94,-40,12372,11319,337,716
2021-05-04,Sulawesi Tengah,22,1,97,-76,12394,11416,338,640
2021-05-05,Sulawesi Tengah,29,3,129,-103,12423,11545,341,537
2021-05-06,Sulawesi Tengah,47,0,50,-3,12470,11595,341,534
2021-05-07,Sulawesi Tengah,36,0,33,3,12506,11628,341,537
2021-05-08,Sulawesi Tengah,11,1,16,-6,12517,11644,342,531
2021-05-09,Sulawesi Tengah,5,0,10,-5,12522,11654,342,526
2021-05-10,Sulawesi Tengah,18,3,65,-50,12540,11719,345,476
2021-05-11,Sulawesi Tengah,57,1,22,34,12597,11741,346,510
2021-05-12,Sulawesi Tengah,66,1,11,54,12663,11752,347,564
2021-05-13,Sulawesi Tengah,2,0,6,-4,12665,11758,347,560
2021-05-14,Sulawesi Tengah,16,0,20,-4,12681,11778,347,556
2021-05-15,Sulawesi Tengah,4,1,20,-17,12685,11798,348,539
2021-05-16,Sulawesi Tengah,0,1,9,-10,12685,11807,349,529
2021-05-17,Sulawesi Tengah,14,2,79,-67,12699,11886,351,462
2021-05-18,Sulawesi Tengah,17,2,48,-33,12716,11934,353,429
2021-05-19,Sulawesi Tengah,8,0,16,-8,12724,11950,353,421
2021-05-20,Sulawesi Tengah,8,3,71,-66,12732,12021,356,355
2021-05-21,Sulawesi Tengah,7,0,23,-16,12739,12044,356,339
2021-05-22,Sulawesi Tengah,15,1,0,14,12754,12044,357,353
2021-05-23,Sulawesi Tengah,12,0,14,-2,12766,12058,357,351
2021-05-24,Sulawesi Tengah,21,1,15,5,12787,12073,358,356
2021-05-25,Sulawesi Tengah,15,0,126,-111,12802,12199,358,245
2021-05-26,Sulawesi Tengah,17,2,10,5,12819,12209,360,250
2021-05-27,Sulawesi Tengah,7,0,33,-26,12826,12242,360,224
2021-05-28,Sulawesi Tengah,18,1,9,8,12844,12251,361,232
2021-05-29,Sulawesi Tengah,35,4,4,27,12879,12255,365,259
2021-05-30,Sulawesi Tengah,14,0,2,12,12893,12257,365,271
2021-05-31,Sulawesi Tengah,3,0,12,-9,12896,12269,365,262
2021-06-01,Sulawesi Tengah,6,0,10,-4,12902,12279,365,258
2021-06-02,Sulawesi Tengah,30,4,46,-20,12932,12325,369,238
2021-06-03,Sulawesi Tengah,6,2,15,-11,12938,12340,371,227
2021-06-04,Sulawesi Tengah,21,0,2,19,12959,12342,371,246
2021-06-05,Sulawesi Tengah,6,0,8,-2,12965,12350,371,244
2021-06-06,Sulawesi Tengah,6,2,15,-11,12971,12365,373,233
2021-06-07,Sulawesi Tengah,8,1,4,3,12979,12369,374,236
2021-06-08,Sulawesi Tengah,53,2,63,-12,13032,12432,376,224
2021-06-09,Sulawesi Tengah,7,2,13,-8,13039,12445,378,216
2021-06-10,Sulawesi Tengah,14,0,8,6,13053,12453,378,222
2021-06-11,Sulawesi Tengah,10,0,21,-11,13063,12474,378,211
2021-06-12,Sulawesi Tengah,8,2,4,2,13071,12478,380,213
2021-06-13,Sulawesi Tengah,9,1,3,5,13080,12481,381,218
2021-06-14,Sulawesi Tengah,7,0,17,-10,13087,12498,381,208
2021-06-15,Sulawesi Tengah,11,1,2,8,13098,12500,382,216
2021-06-16,Sulawesi Tengah,16,0,9,7,13114,12509,382,223
2021-06-17,Sulawesi Tengah,23,0,1,22,13137,12510,382,245
2021-06-18,Sulawesi Tengah,22,1,7,14,13159,12517,383,259
2021-06-19,Sulawesi Tengah,39,1,43,-5,13198,12560,384,254
2021-06-20,Sulawesi Tengah,20,0,0,20,13218,12560,384,274
2021-06-21,Sulawesi Tengah,19,3,43,-27,13237,12603,387,247
2021-06-22,Sulawesi Tengah,23,0,16,7,13260,12619,387,254
2021-06-23,Sulawesi Tengah,33,1,11,21,13293,12630,388,275
2021-06-24,Sulawesi Tengah,39,1,4,34,13332,12634,389,309
2021-06-25,Sulawesi Tengah,56,4,17,35,13388,12651,393,344
2021-06-26,Sulawesi Tengah,29,1,0,28,13417,12651,394,372
2021-06-27,Sulawesi Tengah,35,1,2,32,13452,12653,395,404
2021-06-28,Sulawesi Tengah,50,3,55,-8,13502,12708,398,396
2021-06-29,Sulawesi Tengah,75,1,26,48,13577,12734,399,444
2021-06-30,Sulawesi Tengah,68,4,15,49,13645,12749,403,493
2021-07-01,Sulawesi Tengah,78,1,14,63,13723,12763,404,556
2021-07-02,Sulawesi Tengah,98,3,20,75,13821,12783,407,631
2021-07-03,Sulawesi Tengah,100,0,15,85,13921,12798,407,716
2021-07-04,Sulawesi Tengah,56,2,18,36,13977,12816,409,752
2021-07-05,Sulawesi Tengah,77,0,28,49,14054,12844,409,801
2021-07-06,Sulawesi Tengah,107,3,12,92,14161,12856,412,893
2021-07-07,Sulawesi Tengah,118,2,15,101,14279,12871,414,994
2021-07-08,Sulawesi Tengah,157,3,35,119,14436,12906,417,1113
2021-07-09,Sulawesi Tengah,233,6,82,145,14669,12988,423,1258
2021-07-10,Sulawesi Tengah,135,2,30,103,14804,13018,425,1361
2021-07-11,Sulawesi Tengah,184,4,63,117,14988,13081,429,1478
2021-07-12,Sulawesi Tengah,83,9,138,-64,15071,13219,438,1414
2021-07-13,Sulawesi Tengah,329,4,73,252,15400,13292,442,1666
2021-07-14,Sulawesi Tengah,264,6,66,192,15664,13358,448,1858
2021-07-15,Sulawesi Tengah,308,7,93,208,15972,13451,455,2066
2021-07-16,Sulawesi Tengah,233,4,93,136,16205,13544,459,2202
2021-07-17,Sulawesi Tengah,337,7,61,269,16542,13605,466,2471
2021-07-18,Sulawesi Tengah,251,7,72,172,16793,13677,473,2643
2021-07-19,Sulawesi Tengah,273,5,49,219,17066,13726,478,2862
2021-07-20,Sulawesi Tengah,215,9,13,193,17281,13739,487,3055
2021-07-21,Sulawesi Tengah,280,4,119,157,17561,13858,491,3212
2021-07-22,Sulawesi Tengah,378,14,227,137,17939,14085,505,3349
2021-07-23,Sulawesi Tengah,497,5,135,357,18436,14220,510,3706
2021-07-24,Sulawesi Tengah,388,10,170,208,18824,14390,520,3914
2021-07-25,Sulawesi Tengah,278,10,99,169,19102,14489,530,4083
2021-07-26,Sulawesi Tengah,415,11,50,354,19517,14539,541,4437
2021-07-27,Sulawesi Tengah,620,23,228,369,20137,14767,564,4806
2021-07-28,Sulawesi Tengah,819,15,348,456,20956,15115,579,5262
2021-07-29,Sulawesi Tengah,804,16,250,538,21760,15365,595,5800
2021-07-30,Sulawesi Tengah,643,25,426,192,22403,15791,620,5992
2021-07-31,Sulawesi Tengah,418,22,322,74,22821,16113,642,6066
2021-08-01,Sulawesi Tengah,633,26,191,416,23454,16304,668,6482
2020-03-10,Sulawesi Tenggara,1,0,0,1,1,0,0,1
2020-03-11,Sulawesi Tenggara,0,0,0,0,1,0,0,1
2020-03-12,Sulawesi Tenggara,0,0,0,0,1,0,0,1
2020-03-13,Sulawesi Tenggara,0,0,0,0,1,0,0,1
2020-03-14,Sulawesi Tenggara,0,0,0,0,1,0,0,1
2020-03-15,Sulawesi Tenggara,0,0,0,0,1,0,0,1
2020-03-16,Sulawesi Tenggara,2,0,0,2,3,0,0,3
2020-03-17,Sulawesi Tenggara,0,0,0,0,3,0,0,3
2020-03-18,Sulawesi Tenggara,0,0,0,0,3,0,0,3
2020-03-19,Sulawesi Tenggara,0,0,0,0,3,0,0,3
2020-03-20,Sulawesi Tenggara,0,0,0,0,3,0,0,3
2020-03-21,Sulawesi Tenggara,0,0,0,0,3,0,0,3
2020-03-22,Sulawesi Tenggara,0,0,0,0,3,0,0,3
2020-03-23,Sulawesi Tenggara,0,0,0,0,3,0,0,3
2020-03-24,Sulawesi Tenggara,0,0,0,0,3,0,0,3
2020-03-25,Sulawesi Tenggara,0,0,0,0,3,0,0,3
2020-03-26,Sulawesi Tenggara,0,0,0,0,3,0,0,3
2020-03-27,Sulawesi Tenggara,0,0,0,0,3,0,0,3
2020-03-28,Sulawesi Tenggara,0,0,0,0,3,0,0,3
2020-03-29,Sulawesi Tenggara,0,0,0,0,3,0,0,3
2020-03-30,Sulawesi Tenggara,0,0,0,0,3,0,0,3
2020-03-31,Sulawesi Tenggara,0,0,0,0,3,0,0,3
2020-04-01,Sulawesi Tenggara,0,0,0,0,3,0,0,3
2020-04-02,Sulawesi Tenggara,0,0,0,0,3,0,0,3
2020-04-03,Sulawesi Tenggara,2,0,0,2,5,0,0,5
2020-04-04,Sulawesi Tenggara,0,0,1,-1,5,1,0,4
2020-04-05,Sulawesi Tenggara,0,0,0,0,5,1,0,4
2020-04-06,Sulawesi Tenggara,1,0,0,1,6,1,0,5
2020-04-07,Sulawesi Tenggara,0,0,0,0,6,1,0,5
2020-04-08,Sulawesi Tenggara,4,0,0,4,10,1,0,9
2020-04-09,Sulawesi Tenggara,5,0,0,5,15,1,0,14
2020-04-10,Sulawesi Tenggara,0,0,0,0,15,1,0,14
2020-04-11,Sulawesi Tenggara,1,1,0,0,16,1,1,14
2020-04-12,Sulawesi Tenggara,0,0,0,0,16,1,1,14
2020-04-13,Sulawesi Tenggara,0,0,0,0,16,1,1,14
2020-04-14,Sulawesi Tenggara,0,0,0,0,16,1,1,14
2020-04-15,Sulawesi Tenggara,8,0,3,5,24,4,1,19
2020-04-16,Sulawesi Tenggara,3,0,0,3,27,4,1,22
2020-04-17,Sulawesi Tenggara,0,0,0,0,27,4,1,22
2020-04-18,Sulawesi Tenggara,0,1,0,-1,27,4,2,21
2020-04-19,Sulawesi Tenggara,9,0,0,9,36,4,2,30
2020-04-20,Sulawesi Tenggara,0,0,0,0,36,4,2,30
2020-04-21,Sulawesi Tenggara,0,0,0,0,36,4,2,30
2020-04-22,Sulawesi Tenggara,0,0,0,0,36,4,2,30
2020-04-23,Sulawesi Tenggara,0,0,0,0,36,4,2,30
2020-04-24,Sulawesi Tenggara,5,0,1,4,41,5,2,34
2020-04-25,Sulawesi Tenggara,0,0,0,0,41,5,2,34
2020-04-26,Sulawesi Tenggara,4,0,1,3,45,6,2,37
2020-04-27,Sulawesi Tenggara,0,0,0,0,45,6,2,37
2020-04-28,Sulawesi Tenggara,0,0,0,0,45,6,2,37
2020-04-29,Sulawesi Tenggara,8,0,0,8,53,6,2,45
2020-04-30,Sulawesi Tenggara,9,0,4,5,62,10,2,50
2020-05-01,Sulawesi Tenggara,0,0,1,-1,62,11,2,49
2020-05-02,Sulawesi Tenggara,2,0,0,2,64,11,2,51
2020-05-03,Sulawesi Tenggara,0,1,0,-1,64,11,3,50
2020-05-04,Sulawesi Tenggara,0,0,0,0,64,11,3,50
2020-05-05,Sulawesi Tenggara,5,0,4,1,69,15,3,51
2020-05-06,Sulawesi Tenggara,0,0,0,0,69,15,3,51
2020-05-07,Sulawesi Tenggara,0,0,0,0,69,15,3,51
2020-05-08,Sulawesi Tenggara,1,0,0,1,70,15,3,52
2020-05-09,Sulawesi Tenggara,2,0,0,2,72,15,3,54
2020-05-10,Sulawesi Tenggara,5,0,1,4,77,16,3,58
2020-05-11,Sulawesi Tenggara,0,0,0,0,77,16,3,58
2020-05-12,Sulawesi Tenggara,0,0,0,0,77,16,3,58
2020-05-13,Sulawesi Tenggara,89,1,1,87,166,17,4,145
2020-05-14,Sulawesi Tenggara,0,0,0,0,166,17,4,145
2020-05-15,Sulawesi Tenggara,17,0,2,15,183,19,4,160
2020-05-16,Sulawesi Tenggara,6,0,0,6,189,19,4,166
2020-05-17,Sulawesi Tenggara,2,0,0,2,191,19,4,168
2020-05-18,Sulawesi Tenggara,0,0,1,-1,191,20,4,167
2020-05-19,Sulawesi Tenggara,11,0,5,6,202,25,4,173
2020-05-20,Sulawesi Tenggara,0,0,0,0,202,25,4,173
2020-05-21,Sulawesi Tenggara,0,0,0,0,202,25,4,173
2020-05-22,Sulawesi Tenggara,9,0,5,4,211,30,4,177
2020-05-23,Sulawesi Tenggara,4,0,21,-17,215,51,4,160
2020-05-24,Sulawesi Tenggara,0,0,0,0,215,51,4,160
2020-05-25,Sulawesi Tenggara,0,0,0,0,215,51,4,160
2020-05-26,Sulawesi Tenggara,0,0,49,-49,215,100,4,111
2020-05-27,Sulawesi Tenggara,11,0,8,3,226,108,4,114
2020-05-28,Sulawesi Tenggara,14,0,1,13,240,109,4,127
2020-05-29,Sulawesi Tenggara,1,0,3,-2,241,112,4,125
2020-05-30,Sulawesi Tenggara,0,0,0,0,241,112,4,125
2020-05-31,Sulawesi Tenggara,3,0,9,-6,244,121,4,119
2020-06-01,Sulawesi Tenggara,0,0,0,0,244,121,4,119
2020-06-02,Sulawesi Tenggara,0,0,3,-3,244,124,4,116
2020-06-03,Sulawesi Tenggara,7,0,7,0,251,131,4,116
2020-06-04,Sulawesi Tenggara,1,1,0,0,252,131,5,116
2020-06-05,Sulawesi Tenggara,5,0,10,-5,257,141,5,111
2020-06-06,Sulawesi Tenggara,0,0,3,-3,257,144,5,108
2020-06-07,Sulawesi Tenggara,2,0,10,-8,259,154,5,100
2020-06-08,Sulawesi Tenggara,0,0,1,-1,259,155,5,99
2020-06-09,Sulawesi Tenggara,4,0,17,-13,263,172,5,86
2020-06-10,Sulawesi Tenggara,3,0,2,1,266,174,5,87
2020-06-11,Sulawesi Tenggara,6,0,4,2,272,178,5,89
2020-06-12,Sulawesi Tenggara,5,0,2,3,277,180,5,92
2020-06-13,Sulawesi Tenggara,2,0,10,-8,279,190,5,84
2020-06-14,Sulawesi Tenggara,4,0,7,-3,283,197,5,81
2020-06-15,Sulawesi Tenggara,3,0,2,1,286,199,5,82
2020-06-16,Sulawesi Tenggara,5,0,4,1,291,203,5,83
2020-06-17,Sulawesi Tenggara,1,0,0,1,292,203,5,84
2020-06-18,Sulawesi Tenggara,34,0,0,34,326,203,5,118
2020-06-19,Sulawesi Tenggara,3,0,1,2,329,204,5,120
2020-06-20,Sulawesi Tenggara,3,0,10,-7,332,214,5,113
2020-06-21,Sulawesi Tenggara,0,0,3,-3,332,217,5,110
2020-06-22,Sulawesi Tenggara,2,0,0,2,334,217,5,112
2020-06-23,Sulawesi Tenggara,2,0,1,1,336,218,5,113
2020-06-24,Sulawesi Tenggara,1,0,1,0,337,219,5,113
2020-06-25,Sulawesi Tenggara,0,0,0,0,337,219,5,113
2020-06-26,Sulawesi Tenggara,3,0,2,1,340,221,5,114
2020-06-27,Sulawesi Tenggara,3,1,0,2,343,221,6,116
2020-06-28,Sulawesi Tenggara,0,0,0,0,343,221,6,116
2020-06-29,Sulawesi Tenggara,2,0,1,1,345,222,6,117
2020-06-30,Sulawesi Tenggara,18,0,12,6,363,234,6,123
2020-07-01,Sulawesi Tenggara,42,0,1,41,405,235,6,164
2020-07-02,Sulawesi Tenggara,56,1,12,43,461,247,7,207
2020-07-03,Sulawesi Tenggara,12,0,10,2,473,257,7,209
2020-07-04,Sulawesi Tenggara,4,0,4,0,477,261,7,209
2020-07-05,Sulawesi Tenggara,3,1,12,-10,480,273,8,199
2020-07-06,Sulawesi Tenggara,2,0,1,1,482,274,8,200
2020-07-07,Sulawesi Tenggara,5,0,11,-6,487,285,8,194
2020-07-08,Sulawesi Tenggara,7,0,2,5,494,287,8,199
2020-07-09,Sulawesi Tenggara,6,1,3,2,500,290,9,201
2020-07-10,Sulawesi Tenggara,7,0,22,-15,507,312,9,186
2020-07-11,Sulawesi Tenggara,2,0,18,-16,509,330,9,170
2020-07-12,Sulawesi Tenggara,2,0,5,-3,511,335,9,167
2020-07-13,Sulawesi Tenggara,7,0,1,6,518,336,9,173
2020-07-14,Sulawesi Tenggara,3,1,4,-2,521,340,10,171
2020-07-15,Sulawesi Tenggara,10,1,4,5,531,344,11,176
2020-07-16,Sulawesi Tenggara,9,0,2,7,540,346,11,183
2020-07-17,Sulawesi Tenggara,14,0,15,-1,554,361,11,182
2020-07-18,Sulawesi Tenggara,21,0,3,18,575,364,11,200
2020-07-19,Sulawesi Tenggara,12,0,8,4,587,372,11,204
2020-07-20,Sulawesi Tenggara,48,0,7,41,635,379,11,245
2020-07-21,Sulawesi Tenggara,35,0,3,32,670,382,11,277
2020-07-22,Sulawesi Tenggara,15,0,3,12,685,385,11,289
2020-07-23,Sulawesi Tenggara,27,1,4,22,712,389,12,311
2020-07-24,Sulawesi Tenggara,23,1,11,11,735,400,13,322
2020-07-25,Sulawesi Tenggara,17,0,1,16,752,401,13,338
2020-07-26,Sulawesi Tenggara,16,0,41,-25,768,442,13,313
2020-07-27,Sulawesi Tenggara,1,0,8,-7,769,450,13,306
2020-07-28,Sulawesi Tenggara,0,0,3,-3,769,453,13,303
2020-07-29,Sulawesi Tenggara,7,0,2,5,776,455,13,308
2020-07-30,Sulawesi Tenggara,6,0,7,-1,782,462,13,307
2020-07-31,Sulawesi Tenggara,0,0,8,-8,782,470,13,299
2020-08-01,Sulawesi Tenggara,5,0,7,-2,787,477,13,297
2020-08-02,Sulawesi Tenggara,0,0,3,-3,787,480,13,294
2020-08-03,Sulawesi Tenggara,2,1,47,-46,789,527,14,248
2020-08-04,Sulawesi Tenggara,68,0,73,-5,857,600,14,243
2020-08-05,Sulawesi Tenggara,35,2,8,25,892,608,16,268
2020-08-06,Sulawesi Tenggara,59,0,56,3,951,664,16,271
2020-08-07,Sulawesi Tenggara,27,0,14,13,978,678,16,284
2020-08-08,Sulawesi Tenggara,20,1,3,16,998,681,17,300
2020-08-09,Sulawesi Tenggara,22,0,12,10,1020,693,17,310
2020-08-10,Sulawesi Tenggara,0,0,21,-21,1020,714,17,289
2020-08-11,Sulawesi Tenggara,32,0,7,25,1052,721,17,314
2020-08-12,Sulawesi Tenggara,24,1,10,13,1076,731,18,327
2020-08-13,Sulawesi Tenggara,30,0,38,-8,1106,769,18,319
2020-08-14,Sulawesi Tenggara,33,0,43,-10,1139,812,18,309
2020-08-15,Sulawesi Tenggara,28,0,9,19,1167,821,18,328
2020-08-16,Sulawesi Tenggara,35,0,8,27,1202,829,18,355
2020-08-17,Sulawesi Tenggara,14,0,13,1,1216,842,18,356
2020-08-18,Sulawesi Tenggara,1,0,7,-6,1217,849,18,350
2020-08-19,Sulawesi Tenggara,0,0,0,0,1217,849,18,350
2020-08-20,Sulawesi Tenggara,60,0,16,44,1277,865,18,394
2020-08-21,Sulawesi Tenggara,22,1,19,2,1299,884,19,396
2020-08-22,Sulawesi Tenggara,11,1,9,1,1310,893,20,397
2020-08-23,Sulawesi Tenggara,13,2,7,4,1323,900,22,401
2020-08-24,Sulawesi Tenggara,4,2,8,-6,1327,908,24,395
2020-08-25,Sulawesi Tenggara,38,0,13,25,1365,921,24,420
2020-08-26,Sulawesi Tenggara,37,0,24,13,1402,945,24,433
2020-08-27,Sulawesi Tenggara,48,1,45,2,1450,990,25,435
2020-08-28,Sulawesi Tenggara,49,1,17,31,1499,1007,26,466
2020-08-29,Sulawesi Tenggara,38,0,0,38,1537,1007,26,504
2020-08-30,Sulawesi Tenggara,27,2,41,-16,1564,1048,28,488
2020-08-31,Sulawesi Tenggara,2,2,23,-23,1566,1071,30,465
2020-09-01,Sulawesi Tenggara,42,1,15,26,1608,1086,31,491
2020-09-02,Sulawesi Tenggara,15,1,5,9,1623,1091,32,500
2020-09-03,Sulawesi Tenggara,6,3,8,-5,1629,1099,35,495
2020-09-04,Sulawesi Tenggara,28,0,8,20,1657,1107,35,515
2020-09-05,Sulawesi Tenggara,19,1,9,9,1676,1116,36,524
2020-09-06,Sulawesi Tenggara,29,1,3,25,1705,1119,37,549
2020-09-07,Sulawesi Tenggara,0,0,51,-51,1705,1170,37,498
2020-09-08,Sulawesi Tenggara,11,1,23,-13,1716,1193,38,485
2020-09-09,Sulawesi Tenggara,24,1,29,-6,1740,1222,39,479
2020-09-10,Sulawesi Tenggara,26,2,11,13,1766,1233,41,492
2020-09-11,Sulawesi Tenggara,33,0,33,0,1799,1266,41,492
2020-09-12,Sulawesi Tenggara,33,1,10,22,1832,1276,42,514
2020-09-13,Sulawesi Tenggara,36,0,25,11,1868,1301,42,525
2020-09-14,Sulawesi Tenggara,22,0,11,11,1890,1312,42,536
2020-09-15,Sulawesi Tenggara,58,0,16,42,1948,1328,42,578
2020-09-16,Sulawesi Tenggara,59,2,9,48,2007,1337,44,626
2020-09-17,Sulawesi Tenggara,35,2,11,22,2042,1348,46,648
2020-09-18,Sulawesi Tenggara,17,0,15,2,2059,1363,46,650
2020-09-19,Sulawesi Tenggara,53,0,7,46,2112,1370,46,696
2020-09-20,Sulawesi Tenggara,71,1,0,70,2183,1370,47,766
2020-09-21,Sulawesi Tenggara,36,1,44,-9,2219,1414,48,757
2020-09-22,Sulawesi Tenggara,42,2,105,-65,2261,1519,50,692
2020-09-23,Sulawesi Tenggara,90,1,119,-30,2351,1638,51,662
2020-09-24,Sulawesi Tenggara,71,1,76,-6,2422,1714,52,656
2020-09-25,Sulawesi Tenggara,79,1,29,49,2501,1743,53,705
2020-09-26,Sulawesi Tenggara,175,0,58,117,2676,1801,53,822
2020-09-27,Sulawesi Tenggara,84,2,0,82,2760,1801,55,904
2020-09-28,Sulawesi Tenggara,19,3,42,-26,2779,1843,58,878
2020-09-29,Sulawesi Tenggara,36,2,61,-27,2815,1904,60,851
2020-09-30,Sulawesi Tenggara,41,0,14,27,2856,1918,60,878
2020-10-01,Sulawesi Tenggara,46,1,18,27,2902,1936,61,905
2020-10-02,Sulawesi Tenggara,79,0,47,32,2981,1983,61,937
2020-10-03,Sulawesi Tenggara,45,0,7,38,3026,1990,61,975
2020-10-04,Sulawesi Tenggara,36,1,22,13,3062,2012,62,988
2020-10-05,Sulawesi Tenggara,3,1,63,-61,3065,2075,63,927
2020-10-06,Sulawesi Tenggara,95,0,57,38,3160,2132,63,965
2020-10-07,Sulawesi Tenggara,96,1,47,48,3256,2179,64,1013
2020-10-08,Sulawesi Tenggara,100,0,34,66,3356,2213,64,1079
2020-10-09,Sulawesi Tenggara,63,1,71,-9,3419,2284,65,1070
2020-10-10,Sulawesi Tenggara,58,0,56,2,3477,2340,65,1072
2020-10-11,Sulawesi Tenggara,91,1,6,84,3568,2346,66,1156
2020-10-12,Sulawesi Tenggara,59,0,27,32,3627,2373,66,1188
2020-10-13,Sulawesi Tenggara,108,0,18,90,3735,2391,66,1278
2020-10-14,Sulawesi Tenggara,65,1,46,18,3800,2437,67,1296
2020-10-15,Sulawesi Tenggara,102,2,33,67,3902,2470,69,1363
2020-10-16,Sulawesi Tenggara,48,2,35,11,3950,2505,71,1374
2020-10-17,Sulawesi Tenggara,73,0,10,63,4023,2515,71,1437
2020-10-18,Sulawesi Tenggara,213,2,51,160,4236,2566,73,1597
2020-10-19,Sulawesi Tenggara,39,0,109,-70,4275,2675,73,1527
2020-10-20,Sulawesi Tenggara,26,0,238,-212,4301,2913,73,1315
2020-10-21,Sulawesi Tenggara,80,0,65,15,4381,2978,73,1330
2020-10-22,Sulawesi Tenggara,90,2,100,-12,4471,3078,75,1318
2020-10-23,Sulawesi Tenggara,77,1,74,2,4548,3152,76,1320
2020-10-24,Sulawesi Tenggara,72,1,104,-33,4620,3256,77,1287
2020-10-25,Sulawesi Tenggara,43,2,72,-31,4663,3328,79,1256
2020-10-26,Sulawesi Tenggara,10,0,63,-53,4673,3391,79,1203
2020-10-27,Sulawesi Tenggara,40,1,56,-17,4713,3447,80,1186
2020-10-28,Sulawesi Tenggara,144,0,110,34,4857,3557,80,1220
2020-10-29,Sulawesi Tenggara,44,0,116,-72,4901,3673,80,1148
2020-10-30,Sulawesi Tenggara,25,1,80,-56,4926,3753,81,1092
2020-10-31,Sulawesi Tenggara,24,1,91,-68,4950,3844,82,1024
2020-11-01,Sulawesi Tenggara,120,0,85,35,5070,3929,82,1059
2020-11-02,Sulawesi Tenggara,3,1,85,-83,5073,4014,83,976
2020-11-03,Sulawesi Tenggara,7,0,141,-134,5080,4155,83,842
2020-11-04,Sulawesi Tenggara,41,2,34,5,5121,4189,85,847
2020-11-05,Sulawesi Tenggara,42,0,49,-7,5163,4238,85,840
2020-11-06,Sulawesi Tenggara,79,2,25,52,5242,4263,87,892
2020-11-07,Sulawesi Tenggara,73,0,23,50,5315,4286,87,942
2020-11-08,Sulawesi Tenggara,46,1,18,27,5361,4304,88,969
2020-11-09,Sulawesi Tenggara,4,0,26,-22,5365,4330,88,947
2020-11-10,Sulawesi Tenggara,92,0,9,83,5457,4339,88,1030
2020-11-11,Sulawesi Tenggara,30,0,5,25,5487,4344,88,1055
2020-11-12,Sulawesi Tenggara,42,0,26,16,5529,4370,88,1071
2020-11-13,Sulawesi Tenggara,86,0,10,76,5615,4380,88,1147
2020-11-14,Sulawesi Tenggara,58,2,5,51,5673,4385,90,1198
2020-11-15,Sulawesi Tenggara,0,0,29,-29,5673,4414,90,1169
2020-11-16,Sulawesi Tenggara,41,1,44,-4,5714,4458,91,1165
2020-11-17,Sulawesi Tenggara,17,0,3,14,5731,4461,91,1179
2020-11-18,Sulawesi Tenggara,96,0,0,96,5827,4461,91,1275
2020-11-19,Sulawesi Tenggara,70,0,0,70,5897,4461,91,1345
2020-11-20,Sulawesi Tenggara,76,2,0,74,5973,4461,93,1419
2020-11-21,Sulawesi Tenggara,66,1,0,65,6039,4461,94,1484
2020-11-22,Sulawesi Tenggara,49,1,0,48,6088,4461,95,1532
2020-11-23,Sulawesi Tenggara,14,1,9,4,6102,4470,96,1536
2020-11-24,Sulawesi Tenggara,65,0,18,47,6167,4488,96,1583
2020-11-25,Sulawesi Tenggara,52,1,0,51,6219,4488,97,1634
2020-11-26,Sulawesi Tenggara,46,0,109,-63,6265,4597,97,1571
2020-11-27,Sulawesi Tenggara,102,5,128,-31,6367,4725,102,1540
2020-11-28,Sulawesi Tenggara,73,0,129,-56,6440,4854,102,1484
2020-11-29,Sulawesi Tenggara,62,3,2,57,6502,4856,105,1541
2020-11-30,Sulawesi Tenggara,1,1,138,-138,6503,4994,106,1403
2020-12-01,Sulawesi Tenggara,91,0,108,-17,6594,5102,106,1386
2020-12-02,Sulawesi Tenggara,68,1,94,-27,6662,5196,107,1359
2020-12-03,Sulawesi Tenggara,77,2,104,-29,6739,5300,109,1330
2020-12-04,Sulawesi Tenggara,64,3,66,-5,6803,5366,112,1325
2020-12-05,Sulawesi Tenggara,63,0,15,48,6866,5381,112,1373
2020-12-06,Sulawesi Tenggara,58,3,27,28,6924,5408,115,1401
2020-12-07,Sulawesi Tenggara,36,0,114,-78,6960,5522,115,1323
2020-12-08,Sulawesi Tenggara,21,0,50,-29,6981,5572,115,1294
2020-12-09,Sulawesi Tenggara,75,0,12,63,7056,5584,115,1357
2020-12-10,Sulawesi Tenggara,1,0,17,-16,7057,5601,115,1341
2020-12-11,Sulawesi Tenggara,31,0,50,-19,7088,5651,115,1322
2020-12-12,Sulawesi Tenggara,40,1,17,22,7128,5668,116,1344
2020-12-13,Sulawesi Tenggara,55,0,15,40,7183,5683,116,1384
2020-12-14,Sulawesi Tenggara,2,0,51,-49,7185,5734,116,1335
2020-12-15,Sulawesi Tenggara,57,3,30,24,7242,5764,119,1359
2020-12-16,Sulawesi Tenggara,94,0,51,43,7336,5815,119,1402
2020-12-17,Sulawesi Tenggara,29,1,81,-53,7365,5896,120,1349
2020-12-18,Sulawesi Tenggara,54,1,98,-45,7419,5994,121,1304
2020-12-19,Sulawesi Tenggara,59,1,19,39,7478,6013,122,1343
2020-12-20,Sulawesi Tenggara,72,1,17,54,7550,6030,123,1397
2020-12-21,Sulawesi Tenggara,6,0,65,-59,7556,6095,123,1338
2020-12-22,Sulawesi Tenggara,59,3,92,-36,7615,6187,126,1302
2020-12-23,Sulawesi Tenggara,38,3,7,28,7653,6194,129,1330
2020-12-24,Sulawesi Tenggara,69,0,28,41,7722,6222,129,1371
2020-12-25,Sulawesi Tenggara,35,1,24,10,7757,6246,130,1381
2020-12-26,Sulawesi Tenggara,4,0,45,-41,7761,6291,130,1340
2020-12-27,Sulawesi Tenggara,26,0,0,26,7787,6291,130,1366
2020-12-28,Sulawesi Tenggara,4,2,121,-119,7791,6412,132,1247
2020-12-29,Sulawesi Tenggara,15,11,107,-103,7806,6519,143,1144
2020-12-30,Sulawesi Tenggara,63,2,137,-76,7869,6656,145,1068
2020-12-31,Sulawesi Tenggara,38,2,24,12,7907,6680,147,1080
2021-01-01,Sulawesi Tenggara,79,0,2,77,7986,6682,147,1157
2021-01-02,Sulawesi Tenggara,33,2,23,8,8019,6705,149,1165
2021-01-03,Sulawesi Tenggara,34,2,0,32,8053,6705,151,1197
2021-01-04,Sulawesi Tenggara,17,1,105,-89,8070,6810,152,1108
2021-01-05,Sulawesi Tenggara,30,2,102,-74,8100,6912,154,1034
2021-01-06,Sulawesi Tenggara,34,2,99,-67,8134,7011,156,967
2021-01-07,Sulawesi Tenggara,49,1,2,46,8183,7013,157,1013
2021-01-08,Sulawesi Tenggara,62,1,1,60,8245,7014,158,1073
2021-01-09,Sulawesi Tenggara,56,2,11,43,8301,7025,160,1116
2021-01-10,Sulawesi Tenggara,99,0,0,99,8400,7025,160,1215
2021-01-11,Sulawesi Tenggara,29,1,39,-11,8429,7064,161,1204
2021-01-12,Sulawesi Tenggara,70,1,25,44,8499,7089,162,1248
2021-01-13,Sulawesi Tenggara,91,1,19,71,8590,7108,163,1319
2021-01-14,Sulawesi Tenggara,72,2,25,45,8662,7133,165,1364
2021-01-15,Sulawesi Tenggara,35,0,27,8,8697,7160,165,1372
2021-01-16,Sulawesi Tenggara,75,3,20,52,8772,7180,168,1424
2021-01-17,Sulawesi Tenggara,64,0,58,6,8836,7238,168,1430
2021-01-18,Sulawesi Tenggara,16,0,53,-37,8852,7291,168,1393
2021-01-19,Sulawesi Tenggara,48,0,33,15,8900,7324,168,1408
2021-01-20,Sulawesi Tenggara,39,0,44,-5,8939,7368,168,1403
2021-01-21,Sulawesi Tenggara,77,1,1,75,9016,7369,169,1478
2021-01-22,Sulawesi Tenggara,92,2,73,17,9108,7442,171,1495
2021-01-23,Sulawesi Tenggara,65,0,11,54,9173,7453,171,1549
2021-01-24,Sulawesi Tenggara,43,2,16,25,9216,7469,173,1574
2021-01-25,Sulawesi Tenggara,12,0,50,-38,9228,7519,173,1536
2021-01-26,Sulawesi Tenggara,33,0,56,-23,9261,7575,173,1513
2021-01-27,Sulawesi Tenggara,38,1,55,-18,9299,7630,174,1495
2021-01-28,Sulawesi Tenggara,61,1,48,12,9360,7678,175,1507
2021-01-29,Sulawesi Tenggara,37,1,14,22,9397,7692,176,1529
2021-01-30,Sulawesi Tenggara,46,0,75,-29,9443,7767,176,1500
2021-01-31,Sulawesi Tenggara,58,0,77,-19,9501,7844,176,1481
2021-02-01,Sulawesi Tenggara,16,1,47,-32,9517,7891,177,1449
2021-02-02,Sulawesi Tenggara,31,3,55,-27,9548,7946,180,1422
2021-02-03,Sulawesi Tenggara,26,0,34,-8,9574,7980,180,1414
2021-02-04,Sulawesi Tenggara,47,0,54,-7,9621,8034,180,1407
2021-02-05,Sulawesi Tenggara,31,0,71,-40,9652,8105,180,1367
2021-02-06,Sulawesi Tenggara,34,0,93,-59,9686,8198,180,1308
2021-02-07,Sulawesi Tenggara,48,0,13,35,9734,8211,180,1343
2021-02-08,Sulawesi Tenggara,7,0,215,-208,9741,8426,180,1135
2021-02-09,Sulawesi Tenggara,17,4,15,-2,9758,8441,184,1133
2021-02-10,Sulawesi Tenggara,12,2,37,-27,9770,8478,186,1106
2021-02-11,Sulawesi Tenggara,20,1,269,-250,9790,8747,187,856
2021-02-12,Sulawesi Tenggara,26,1,68,-43,9816,8815,188,813
2021-02-13,Sulawesi Tenggara,8,0,52,-44,9824,8867,188,769
2021-02-14,Sulawesi Tenggara,15,2,7,6,9839,8874,190,775
2021-02-15,Sulawesi Tenggara,8,0,8,0,9847,8882,190,775
2021-02-16,Sulawesi Tenggara,11,0,8,3,9858,8890,190,778
2021-02-17,Sulawesi Tenggara,14,0,25,-11,9872,8915,190,767
2021-02-18,Sulawesi Tenggara,28,1,38,-11,9900,8953,191,756
2021-02-19,Sulawesi Tenggara,17,0,117,-100,9917,9070,191,656
2021-02-20,Sulawesi Tenggara,15,0,35,-20,9932,9105,191,636
2021-02-21,Sulawesi Tenggara,22,0,1,21,9954,9106,191,657
2021-02-22,Sulawesi Tenggara,28,0,27,1,9982,9133,191,658
2021-02-23,Sulawesi Tenggara,7,1,45,-39,9989,9178,192,619
2021-02-24,Sulawesi Tenggara,10,0,17,-7,9999,9195,192,612
2021-02-25,Sulawesi Tenggara,16,1,63,-48,10015,9258,193,564
2021-02-26,Sulawesi Tenggara,10,0,22,-12,10025,9280,193,552
2021-02-27,Sulawesi Tenggara,14,0,0,14,10039,9280,193,566
2021-02-28,Sulawesi Tenggara,4,1,2,1,10043,9282,194,567
2021-03-01,Sulawesi Tenggara,11,0,2,9,10054,9284,194,576
2021-03-02,Sulawesi Tenggara,7,3,17,-13,10061,9301,197,563
2021-03-03,Sulawesi Tenggara,19,0,30,-11,10080,9331,197,552
2021-03-04,Sulawesi Tenggara,3,1,6,-4,10083,9337,198,548
2021-03-05,Sulawesi Tenggara,8,2,23,-17,10091,9360,200,531
2021-03-06,Sulawesi Tenggara,2,0,24,-22,10093,9384,200,509
2021-03-07,Sulawesi Tenggara,5,0,0,5,10098,9384,200,514
2021-03-08,Sulawesi Tenggara,9,1,25,-17,10107,9409,201,497
2021-03-09,Sulawesi Tenggara,13,0,11,2,10120,9420,201,499
2021-03-10,Sulawesi Tenggara,5,0,3,2,10125,9423,201,501
2021-03-11,Sulawesi Tenggara,14,0,21,-7,10139,9444,201,494
2021-03-12,Sulawesi Tenggara,0,0,4,-4,10139,9448,201,490
2021-03-13,Sulawesi Tenggara,2,1,0,1,10141,9448,202,491
2021-03-14,Sulawesi Tenggara,3,0,0,3,10144,9448,202,494
2021-03-15,Sulawesi Tenggara,3,0,1,2,10147,9449,202,496
2021-03-16,Sulawesi Tenggara,7,1,14,-8,10154,9463,203,488
2021-03-17,Sulawesi Tenggara,12,0,57,-45,10166,9520,203,443
2021-03-18,Sulawesi Tenggara,5,0,0,5,10171,9520,203,448
2021-03-19,Sulawesi Tenggara,6,0,1,5,10177,9521,203,453
2021-03-20,Sulawesi Tenggara,26,0,0,26,10203,9521,203,479
2021-03-21,Sulawesi Tenggara,17,1,0,16,10220,9521,204,495
2021-03-22,Sulawesi Tenggara,0,0,3,-3,10220,9524,204,492
2021-03-23,Sulawesi Tenggara,2,0,18,-16,10222,9542,204,476
2021-03-24,Sulawesi Tenggara,3,0,0,3,10225,9542,204,479
2021-03-25,Sulawesi Tenggara,1,0,1,0,10226,9543,204,479
2021-03-26,Sulawesi Tenggara,6,0,42,-36,10232,9585,204,443
2021-03-27,Sulawesi Tenggara,13,1,0,12,10245,9585,205,455
2021-03-28,Sulawesi Tenggara,4,0,3,1,10249,9588,205,456
2021-03-29,Sulawesi Tenggara,4,0,16,-12,10253,9604,205,444
2021-03-30,Sulawesi Tenggara,7,0,22,-15,10260,9626,205,429
2021-03-31,Sulawesi Tenggara,7,0,2,5,10267,9628,205,434
2021-04-01,Sulawesi Tenggara,6,0,5,1,10273,9633,205,435
2021-04-02,Sulawesi Tenggara,2,0,1,1,10275,9634,205,436
2021-04-03,Sulawesi Tenggara,0,0,0,0,10275,9634,205,436
2021-04-04,Sulawesi Tenggara,8,0,0,8,10283,9634,205,444
2021-04-05,Sulawesi Tenggara,0,0,0,0,10283,9634,205,444
2021-04-06,Sulawesi Tenggara,10,1,31,-22,10293,9665,206,422
2021-04-07,Sulawesi Tenggara,5,0,1,4,10298,9666,206,426
2021-04-08,Sulawesi Tenggara,16,0,4,12,10314,9670,206,438
2021-04-09,Sulawesi Tenggara,1,0,19,-18,10315,9689,206,420
2021-04-10,Sulawesi Tenggara,1,0,0,1,10316,9689,206,421
2021-04-11,Sulawesi Tenggara,2,0,0,2,10318,9689,206,423
2021-04-12,Sulawesi Tenggara,1,0,19,-18,10319,9708,206,405
2021-04-13,Sulawesi Tenggara,2,0,5,-3,10321,9713,206,402
2021-04-14,Sulawesi Tenggara,2,0,12,-10,10323,9725,206,392
2021-04-15,Sulawesi Tenggara,2,0,0,2,10325,9725,206,394
2021-04-16,Sulawesi Tenggara,6,0,26,-20,10331,9751,206,374
2021-04-17,Sulawesi Tenggara,4,0,2,2,10335,9753,206,376
2021-04-18,Sulawesi Tenggara,12,0,4,8,10347,9757,206,384
2021-04-19,Sulawesi Tenggara,6,0,5,1,10353,9762,206,385
2021-04-20,Sulawesi Tenggara,8,2,16,-10,10361,9778,208,375
2021-04-21,Sulawesi Tenggara,1,1,13,-13,10362,9791,209,362
2021-04-22,Sulawesi Tenggara,10,0,21,-11,10372,9812,209,351
2021-04-23,Sulawesi Tenggara,10,0,1,9,10382,9813,209,360
2021-04-24,Sulawesi Tenggara,3,0,1,2,10385,9814,209,362
2021-04-25,Sulawesi Tenggara,2,0,0,2,10387,9814,209,364
2021-04-26,Sulawesi Tenggara,3,0,0,3,10390,9814,209,367
2021-04-27,Sulawesi Tenggara,6,0,3,3,10396,9817,209,370
2021-04-28,Sulawesi Tenggara,11,0,5,6,10407,9822,209,376
2021-04-29,Sulawesi Tenggara,8,0,0,8,10415,9822,209,384
2021-04-30,Sulawesi Tenggara,5,0,62,-57,10420,9884,209,327
2021-05-01,Sulawesi Tenggara,7,1,1,5,10427,9885,210,332
2021-05-02,Sulawesi Tenggara,0,1,0,-1,10427,9885,211,331
2021-05-03,Sulawesi Tenggara,0,1,13,-14,10427,9898,212,317
2021-05-04,Sulawesi Tenggara,4,0,0,4,10431,9898,212,321
2021-05-05,Sulawesi Tenggara,10,0,30,-20,10441,9928,212,301
2021-05-06,Sulawesi Tenggara,2,2,17,-17,10443,9945,214,284
2021-05-07,Sulawesi Tenggara,7,0,10,-3,10450,9955,214,281
2021-05-08,Sulawesi Tenggara,0,0,1,-1,10450,9956,214,280
2021-05-09,Sulawesi Tenggara,3,0,0,3,10453,9956,214,283
2021-05-10,Sulawesi Tenggara,2,0,12,-10,10455,9968,214,273
2021-05-11,Sulawesi Tenggara,8,0,7,1,10463,9975,214,274
2021-05-12,Sulawesi Tenggara,7,1,7,-1,10470,9982,215,273
2021-05-13,Sulawesi Tenggara,0,0,0,0,10470,9982,215,273
2021-05-14,Sulawesi Tenggara,0,0,0,0,10470,9982,215,273
2021-05-15,Sulawesi Tenggara,0,0,1,-1,10470,9983,215,272
2021-05-16,Sulawesi Tenggara,0,0,0,0,10470,9983,215,272
2021-05-17,Sulawesi Tenggara,1,0,14,-13,10471,9997,215,259
2021-05-18,Sulawesi Tenggara,1,1,30,-30,10472,10027,216,229
2021-05-19,Sulawesi Tenggara,5,1,2,2,10477,10029,217,231
2021-05-20,Sulawesi Tenggara,15,0,2,13,10492,10031,217,244
2021-05-21,Sulawesi Tenggara,1,0,3,-2,10493,10034,217,242
2021-05-22,Sulawesi Tenggara,0,0,8,-8,10493,10042,217,234
2021-05-23,Sulawesi Tenggara,1,0,3,-2,10494,10045,217,232
2021-05-24,Sulawesi Tenggara,2,0,5,-3,10496,10050,217,229
2021-05-25,Sulawesi Tenggara,2,0,1,1,10498,10051,217,230
2021-05-26,Sulawesi Tenggara,0,0,2,-2,10498,10053,217,228
2021-05-27,Sulawesi Tenggara,1,0,0,1,10499,10053,217,229
2021-05-28,Sulawesi Tenggara,6,0,10,-4,10505,10063,217,225
2021-05-29,Sulawesi Tenggara,7,0,21,-14,10512,10084,217,211
2021-05-30,Sulawesi Tenggara,7,0,0,7,10519,10084,217,218
2021-05-31,Sulawesi Tenggara,1,0,1,0,10520,10085,217,218
2021-06-01,Sulawesi Tenggara,4,0,0,4,10524,10085,217,222
2021-06-02,Sulawesi Tenggara,0,0,3,-3,10524,10088,217,219
2021-06-03,Sulawesi Tenggara,2,0,12,-10,10526,10100,217,209
2021-06-04,Sulawesi Tenggara,1,0,2,-1,10527,10102,217,208
2021-06-05,Sulawesi Tenggara,10,0,3,7,10537,10105,217,215
2021-06-06,Sulawesi Tenggara,1,0,0,1,10538,10105,217,216
2021-06-07,Sulawesi Tenggara,5,0,1,4,10543,10106,217,220
2021-06-08,Sulawesi Tenggara,7,0,5,2,10550,10111,217,222
2021-06-09,Sulawesi Tenggara,5,0,0,5,10555,10111,217,227
2021-06-10,Sulawesi Tenggara,19,0,4,15,10574,10115,217,242
2021-06-11,Sulawesi Tenggara,8,0,0,8,10582,10115,217,250
2021-06-12,Sulawesi Tenggara,6,0,0,6,10588,10115,217,256
2021-06-13,Sulawesi Tenggara,8,2,1,5,10596,10116,219,261
2021-06-14,Sulawesi Tenggara,3,0,3,0,10599,10119,219,261
2021-06-15,Sulawesi Tenggara,11,0,0,11,10610,10119,219,272
2021-06-16,Sulawesi Tenggara,11,0,2,9,10621,10121,219,281
2021-06-17,Sulawesi Tenggara,11,1,8,2,10632,10129,220,283
2021-06-18,Sulawesi Tenggara,41,1,6,34,10673,10135,221,317
2021-06-19,Sulawesi Tenggara,22,1,9,12,10695,10144,222,329
2021-06-20,Sulawesi Tenggara,29,1,0,28,10724,10144,223,357
2021-06-21,Sulawesi Tenggara,3,0,5,-2,10727,10149,223,355
2021-06-22,Sulawesi Tenggara,64,0,5,59,10791,10154,223,414
2021-06-23,Sulawesi Tenggara,87,1,4,82,10878,10158,224,496
2021-06-24,Sulawesi Tenggara,26,1,3,22,10904,10161,225,518
2021-06-25,Sulawesi Tenggara,163,2,26,135,11067,10187,227,653
2021-06-26,Sulawesi Tenggara,63,2,1,60,11130,10188,229,713
2021-06-27,Sulawesi Tenggara,109,0,3,106,11239,10191,229,819
2021-06-28,Sulawesi Tenggara,30,1,0,29,11269,10191,230,848
2021-06-29,Sulawesi Tenggara,37,2,26,9,11306,10217,232,857
2021-06-30,Sulawesi Tenggara,68,3,1,64,11374,10218,235,921
2021-07-01,Sulawesi Tenggara,100,2,50,48,11474,10268,237,969
2021-07-02,Sulawesi Tenggara,199,0,4,195,11673,10272,237,1164
2021-07-03,Sulawesi Tenggara,137,2,10,125,11810,10282,239,1289
2021-07-04,Sulawesi Tenggara,138,2,46,90,11948,10328,241,1379
2021-07-05,Sulawesi Tenggara,32,2,35,-5,11980,10363,243,1374
2021-07-06,Sulawesi Tenggara,89,4,23,62,12069,10386,247,1436
2021-07-07,Sulawesi Tenggara,119,2,15,102,12188,10401,249,1538
2021-07-08,Sulawesi Tenggara,135,2,8,125,12323,10409,251,1663
2021-07-09,Sulawesi Tenggara,124,1,3,120,12447,10412,252,1783
2021-07-10,Sulawesi Tenggara,116,5,21,90,12563,10433,257,1873
2021-07-11,Sulawesi Tenggara,237,7,44,186,12800,10477,264,2059
2021-07-12,Sulawesi Tenggara,34,1,124,-91,12834,10601,265,1968
2021-07-13,Sulawesi Tenggara,150,0,114,36,12984,10715,265,2004
2021-07-14,Sulawesi Tenggara,135,4,176,-45,13119,10891,269,1959
2021-07-15,Sulawesi Tenggara,222,3,69,150,13341,10960,272,2109
2021-07-16,Sulawesi Tenggara,141,3,103,35,13482,11063,275,2144
2021-07-17,Sulawesi Tenggara,176,2,147,27,13658,11210,277,2171
2021-07-18,Sulawesi Tenggara,159,6,126,27,13817,11336,283,2198
2021-07-19,Sulawesi Tenggara,123,3,9,111,13940,11345,286,2309
2021-07-20,Sulawesi Tenggara,161,1,45,115,14101,11390,287,2424
2021-07-21,Sulawesi Tenggara,206,3,141,62,14307,11531,290,2486
2021-07-22,Sulawesi Tenggara,137,8,152,-23,14444,11683,298,2463
2021-07-23,Sulawesi Tenggara,274,5,141,128,14718,11824,303,2591
2021-07-24,Sulawesi Tenggara,226,8,127,91,14944,11951,311,2682
2021-07-25,Sulawesi Tenggara,310,1,93,216,15254,12044,312,2898
2021-07-26,Sulawesi Tenggara,114,12,126,-24,15368,12170,324,2874
2021-07-27,Sulawesi Tenggara,258,4,130,124,15626,12300,328,2998
2021-07-28,Sulawesi Tenggara,233,9,103,121,15859,12403,337,3119
2021-07-29,Sulawesi Tenggara,232,7,111,114,16091,12514,344,3233
2021-07-30,Sulawesi Tenggara,121,5,235,-119,16212,12749,349,3114
2021-07-31,Sulawesi Tenggara,162,7,106,49,16374,12855,356,3163
2021-08-01,Sulawesi Tenggara,125,8,166,-49,16499,13021,364,3114
2020-03-22,Maluku,1,0,0,1,1,0,0,1
2020-03-23,Maluku,0,0,0,0,1,0,0,1
2020-03-24,Maluku,0,0,0,0,1,0,0,1
2020-03-25,Maluku,0,0,0,0,1,0,0,1
2020-03-26,Maluku,0,0,0,0,1,0,0,1
2020-03-27,Maluku,0,0,0,0,1,0,0,1
2020-03-28,Maluku,0,0,0,0,1,0,0,1
2020-03-29,Maluku,0,0,0,0,1,0,0,1
2020-03-30,Maluku,0,0,0,0,1,0,0,1
2020-03-31,Maluku,0,0,0,0,1,0,0,1
2020-04-01,Maluku,0,0,1,-1,1,1,0,0
2020-04-02,Maluku,0,0,0,0,1,1,0,0
2020-04-03,Maluku,0,0,0,0,1,1,0,0
2020-04-04,Maluku,0,0,0,0,1,1,0,0
2020-04-05,Maluku,0,0,0,0,1,1,0,0
2020-04-06,Maluku,0,0,0,0,1,1,0,0
2020-04-07,Maluku,0,0,0,0,1,1,0,0
2020-04-08,Maluku,2,0,0,2,3,1,0,2
2020-04-09,Maluku,0,0,0,0,3,1,0,2
2020-04-10,Maluku,0,0,0,0,3,1,0,2
2020-04-11,Maluku,0,0,0,0,3,1,0,2
2020-04-12,Maluku,8,0,0,8,11,1,0,10
2020-04-13,Maluku,0,0,0,0,11,1,0,10
2020-04-14,Maluku,0,0,0,0,11,1,0,10
2020-04-15,Maluku,3,0,0,3,14,1,0,13
2020-04-16,Maluku,0,0,0,0,14,1,0,13
2020-04-17,Maluku,0,0,0,0,14,1,0,13
2020-04-18,Maluku,3,0,5,-2,17,6,0,11
2020-04-19,Maluku,0,0,0,0,17,6,0,11
2020-04-20,Maluku,0,0,4,-4,17,10,0,7
2020-04-21,Maluku,0,0,0,0,17,10,0,7
2020-04-22,Maluku,0,0,0,0,17,10,0,7
2020-04-23,Maluku,0,0,0,0,17,10,0,7
2020-04-24,Maluku,0,0,1,-1,17,11,0,6
2020-04-25,Maluku,3,0,0,3,20,11,0,9
2020-04-26,Maluku,0,0,0,0,20,11,0,9
2020-04-27,Maluku,0,0,0,0,20,11,0,9
2020-04-28,Maluku,2,0,1,1,22,12,0,10
2020-04-29,Maluku,1,0,0,1,23,12,0,11
2020-04-30,Maluku,0,0,0,0,23,12,0,11
2020-05-01,Maluku,0,0,0,0,23,12,0,11
2020-05-02,Maluku,0,0,0,0,23,12,0,11
2020-05-03,Maluku,0,0,0,0,23,12,0,11
2020-05-04,Maluku,0,0,0,0,23,12,0,11
2020-05-05,Maluku,0,0,0,0,23,12,0,11
2020-05-06,Maluku,0,2,0,-2,23,12,2,9
2020-05-07,Maluku,0,0,0,0,23,12,2,9
2020-05-08,Maluku,9,0,0,9,32,12,2,18
2020-05-09,Maluku,0,0,0,0,32,12,2,18
2020-05-10,Maluku,0,0,1,-1,32,13,2,17
2020-05-11,Maluku,0,2,4,-6,32,17,4,11
2020-05-12,Maluku,18,0,0,18,50,17,4,29
2020-05-13,Maluku,0,0,0,0,50,17,4,29
2020-05-14,Maluku,12,0,0,12,62,17,4,41
2020-05-15,Maluku,0,0,0,0,62,17,4,41
2020-05-16,Maluku,0,0,0,0,62,17,4,41
2020-05-17,Maluku,22,2,4,16,84,21,6,57
2020-05-18,Maluku,23,0,0,23,107,21,6,80
2020-05-19,Maluku,0,0,0,0,107,21,6,80
2020-05-20,Maluku,17,1,0,16,124,21,7,96
2020-05-21,Maluku,11,0,1,10,135,22,7,106
2020-05-22,Maluku,22,0,0,22,157,22,7,128
2020-05-23,Maluku,0,0,0,0,157,22,7,128
2020-05-24,Maluku,2,0,5,-3,159,27,7,125
2020-05-25,Maluku,1,0,0,1,160,27,7,126
2020-05-26,Maluku,0,0,0,0,160,27,7,126
2020-05-27,Maluku,10,1,7,2,170,34,8,128
2020-05-28,Maluku,18,0,1,17,188,35,8,145
2020-05-29,Maluku,27,0,0,27,215,35,8,172
2020-05-30,Maluku,0,0,1,-1,215,36,8,171
2020-05-31,Maluku,8,0,0,8,223,36,8,179
2020-06-01,Maluku,0,0,0,0,223,36,8,179
2020-06-02,Maluku,0,0,19,-19,223,55,8,160
2020-06-03,Maluku,15,0,0,15,238,55,8,175
2020-06-04,Maluku,0,0,7,-7,238,62,8,168
2020-06-05,Maluku,16,0,2,14,254,64,8,182
2020-06-06,Maluku,7,0,3,4,261,67,8,186
2020-06-07,Maluku,8,0,0,8,269,67,8,194
2020-06-08,Maluku,38,0,13,25,307,80,8,219
2020-06-09,Maluku,8,0,9,-1,315,89,8,218
2020-06-10,Maluku,13,0,0,13,328,89,8,231
2020-06-11,Maluku,0,0,0,0,328,89,8,231
2020-06-12,Maluku,58,2,15,41,386,104,10,272
2020-06-13,Maluku,13,0,1,12,399,105,10,284
2020-06-14,Maluku,21,0,4,17,420,109,10,301
2020-06-15,Maluku,32,1,0,31,452,109,11,332
2020-06-16,Maluku,44,2,2,40,496,111,13,372
2020-06-17,Maluku,24,0,2,22,520,113,13,394
2020-06-18,Maluku,14,0,0,14,534,113,13,408
2020-06-19,Maluku,10,0,23,-13,544,136,13,395
2020-06-20,Maluku,37,0,25,12,581,161,13,407
2020-06-21,Maluku,17,0,0,17,598,161,13,424
2020-06-22,Maluku,35,0,3,32,633,164,13,456
2020-06-23,Maluku,1,0,4,-3,634,168,13,453
2020-06-24,Maluku,37,1,4,32,671,172,14,485
2020-06-25,Maluku,13,0,18,-5,684,190,14,480
2020-06-26,Maluku,7,1,6,0,691,196,15,480
2020-06-27,Maluku,14,0,22,-8,705,218,15,472
2020-06-28,Maluku,6,0,12,-6,711,230,15,466
2020-06-29,Maluku,15,0,27,-12,726,257,15,454
2020-06-30,Maluku,16,1,7,8,742,264,16,462
2020-07-01,Maluku,7,0,18,-11,749,282,16,451
2020-07-02,Maluku,13,1,25,-13,762,307,17,438
2020-07-03,Maluku,7,0,9,-2,769,316,17,436
2020-07-04,Maluku,6,0,59,-53,775,375,17,383
2020-07-05,Maluku,19,0,2,17,794,377,17,400
2020-07-06,Maluku,10,0,4,6,804,381,17,406
2020-07-07,Maluku,26,0,33,-7,830,414,17,399
2020-07-08,Maluku,7,0,52,-45,837,466,17,354
2020-07-09,Maluku,8,0,21,-13,845,487,17,341
2020-07-10,Maluku,13,0,22,-9,858,509,17,332
2020-07-11,Maluku,6,0,30,-24,864,539,17,308
2020-07-12,Maluku,10,0,25,-15,874,564,17,293
2020-07-13,Maluku,26,0,4,22,900,568,17,315
2020-07-14,Maluku,0,0,0,0,900,568,17,315
2020-07-15,Maluku,20,0,11,9,920,579,17,324
2020-07-16,Maluku,6,0,19,-13,926,598,17,311
2020-07-17,Maluku,2,0,1,1,928,599,17,312
2020-07-18,Maluku,1,1,0,0,929,599,18,312
2020-07-19,Maluku,31,2,4,25,960,603,20,337
2020-07-20,Maluku,19,0,10,9,979,613,20,346
2020-07-21,Maluku,19,0,9,10,998,622,20,356
2020-07-22,Maluku,0,0,0,0,998,622,20,356
2020-07-23,Maluku,12,0,7,5,1010,629,20,361
2020-07-24,Maluku,0,0,3,-3,1010,632,20,358
2020-07-25,Maluku,6,0,0,6,1016,632,20,364
2020-07-26,Maluku,29,1,2,26,1045,634,21,390
2020-07-27,Maluku,0,0,7,-7,1045,641,21,383
2020-07-28,Maluku,23,1,40,-18,1068,681,22,365
2020-07-29,Maluku,1,0,16,-15,1069,697,22,350
2020-07-30,Maluku,24,1,2,21,1093,699,23,371
2020-07-31,Maluku,0,0,0,0,1093,699,23,371
2020-08-01,Maluku,31,0,44,-13,1124,743,23,358
2020-08-02,Maluku,11,0,5,6,1135,748,23,364
2020-08-03,Maluku,0,0,2,-2,1135,750,23,362
2020-08-04,Maluku,11,0,6,5,1146,756,23,367
2020-08-05,Maluku,29,0,12,17,1175,768,23,384
2020-08-06,Maluku,46,2,11,33,1221,779,25,417
2020-08-07,Maluku,71,0,7,64,1292,786,25,481
2020-08-08,Maluku,6,0,4,2,1298,790,25,483
2020-08-09,Maluku,32,0,1,31,1330,791,25,514
2020-08-10,Maluku,15,0,12,3,1345,803,25,517
2020-08-11,Maluku,2,0,53,-51,1347,856,25,466
2020-08-12,Maluku,20,0,29,-9,1367,885,25,457
2020-08-13,Maluku,39,0,24,15,1406,909,25,472
2020-08-14,Maluku,10,0,1,9,1416,910,25,481
2020-08-15,Maluku,32,3,27,2,1448,937,28,483
2020-08-16,Maluku,47,0,9,38,1495,946,28,521
2020-08-17,Maluku,26,1,0,25,1521,946,29,546
2020-08-18,Maluku,9,1,28,-20,1530,974,30,526
2020-08-19,Maluku,23,0,22,1,1553,996,30,527
2020-08-20,Maluku,58,1,0,57,1611,996,31,584
2020-08-21,Maluku,0,0,0,0,1611,996,31,584
2020-08-22,Maluku,4,0,2,2,1615,998,31,586
2020-08-23,Maluku,54,0,0,54,1669,998,31,640
2020-08-24,Maluku,8,0,10,-2,1677,1008,31,638
2020-08-25,Maluku,65,1,45,19,1742,1053,32,657
2020-08-26,Maluku,6,1,31,-26,1748,1084,33,631
2020-08-27,Maluku,33,0,16,17,1781,1100,33,648
2020-08-28,Maluku,4,0,1,3,1785,1101,33,651
2020-08-29,Maluku,27,0,2,25,1812,1103,33,676
2020-08-30,Maluku,20,0,0,20,1832,1103,33,696
2020-08-31,Maluku,25,0,56,-31,1857,1159,33,665
2020-09-01,Maluku,43,0,38,5,1900,1197,33,670
2020-09-02,Maluku,10,1,10,-1,1910,1207,34,669
2020-09-03,Maluku,51,0,17,34,1961,1224,34,703
2020-09-04,Maluku,43,0,25,18,2004,1249,34,721
2020-09-05,Maluku,60,1,18,41,2064,1267,35,762
2020-09-06,Maluku,80,1,22,57,2144,1289,36,819
2020-09-07,Maluku,20,0,29,-9,2164,1318,36,810
2020-09-08,Maluku,42,0,47,-5,2206,1365,36,805
2020-09-09,Maluku,21,0,11,10,2227,1376,36,815
2020-09-10,Maluku,21,0,0,21,2248,1376,36,836
2020-09-11,Maluku,117,0,38,79,2365,1414,36,915
2020-09-12,Maluku,12,2,7,3,2377,1421,38,918
2020-09-13,Maluku,57,0,0,57,2434,1421,38,975
2020-09-14,Maluku,31,0,93,-62,2465,1514,38,913
2020-09-15,Maluku,16,0,13,3,2481,1527,38,916
2020-09-16,Maluku,19,0,0,19,2500,1527,38,935
2020-09-17,Maluku,3,0,0,3,2503,1527,38,938
2020-09-18,Maluku,7,0,59,-52,2510,1586,38,886
2020-09-19,Maluku,41,0,45,-4,2551,1631,38,882
2020-09-20,Maluku,15,0,0,15,2566,1631,38,897
2020-09-21,Maluku,49,1,2,46,2615,1633,39,943
2020-09-22,Maluku,37,1,31,5,2652,1664,40,948
2020-09-23,Maluku,2,0,24,-22,2654,1688,40,926
2020-09-24,Maluku,0,0,0,0,2654,1688,40,926
2020-09-25,Maluku,0,0,0,0,2654,1688,40,926
2020-09-26,Maluku,73,1,8,64,2727,1696,41,990
2020-09-27,Maluku,0,0,39,-39,2727,1735,41,951
2020-09-28,Maluku,0,0,0,0,2727,1735,41,951
2020-09-29,Maluku,88,0,66,22,2815,1801,41,973
2020-09-30,Maluku,0,0,0,0,2815,1801,41,973
2020-10-01,Maluku,44,0,59,-15,2859,1860,41,958
2020-10-02,Maluku,117,0,0,117,2976,1860,41,1075
2020-10-03,Maluku,0,0,27,-27,2976,1887,41,1048
2020-10-04,Maluku,64,0,32,32,3040,1919,41,1080
2020-10-05,Maluku,22,0,0,22,3062,1919,41,1102
2020-10-06,Maluku,68,0,16,52,3130,1935,41,1154
2020-10-07,Maluku,48,0,48,0,3178,1983,41,1154
2020-10-08,Maluku,94,0,32,62,3272,2015,41,1216
2020-10-09,Maluku,0,0,0,0,3272,2015,41,1216
2020-10-10,Maluku,122,1,25,96,3394,2040,42,1312
2020-10-11,Maluku,41,0,0,41,3435,2040,42,1353
2020-10-12,Maluku,13,0,120,-107,3448,2160,42,1246
2020-10-13,Maluku,6,0,109,-103,3454,2269,42,1143
2020-10-14,Maluku,2,0,22,-20,3456,2291,42,1123
2020-10-15,Maluku,15,0,180,-165,3471,2471,42,958
2020-10-16,Maluku,8,0,72,-64,3479,2543,42,894
2020-10-17,Maluku,42,0,109,-67,3521,2652,42,827
2020-10-18,Maluku,40,0,64,-24,3561,2716,42,803
2020-10-19,Maluku,36,1,29,6,3597,2745,43,809
2020-10-20,Maluku,20,0,63,-43,3617,2808,43,766
2020-10-21,Maluku,7,1,29,-23,3624,2837,44,743
2020-10-22,Maluku,0,0,0,0,3624,2837,44,743
2020-10-23,Maluku,26,0,49,-23,3650,2886,44,720
2020-10-24,Maluku,68,1,42,25,3718,2928,45,745
2020-10-25,Maluku,21,0,98,-77,3739,3026,45,668
2020-10-26,Maluku,0,0,59,-59,3739,3085,45,609
2020-10-27,Maluku,33,2,37,-6,3772,3122,47,603
2020-10-28,Maluku,13,0,39,-26,3785,3161,47,577
2020-10-29,Maluku,5,0,28,-23,3790,3189,47,554
2020-10-30,Maluku,0,0,0,0,3790,3189,47,554
2020-10-31,Maluku,62,0,46,16,3852,3235,47,570
2020-11-01,Maluku,11,0,0,11,3863,3235,47,581
2020-11-02,Maluku,0,0,35,-35,3863,3270,47,546
2020-11-03,Maluku,14,0,1,13,3877,3271,47,559
2020-11-04,Maluku,0,0,0,0,3877,3271,47,559
2020-11-05,Maluku,7,0,19,-12,3884,3290,47,547
2020-11-06,Maluku,30,1,31,-2,3914,3321,48,545
2020-11-07,Maluku,10,1,77,-68,3924,3398,49,477
2020-11-08,Maluku,40,0,13,27,3964,3411,49,504
2020-11-09,Maluku,11,1,14,-4,3975,3425,50,500
2020-11-10,Maluku,29,0,18,11,4004,3443,50,511
2020-11-11,Maluku,25,0,14,11,4029,3457,50,522
2020-11-12,Maluku,44,0,26,18,4073,3483,50,540
2020-11-13,Maluku,17,3,51,-37,4090,3534,53,503
2020-11-14,Maluku,25,0,8,17,4115,3542,53,520
2020-11-15,Maluku,14,0,3,11,4129,3545,53,531
2020-11-16,Maluku,0,0,4,-4,4129,3549,53,527
2020-11-17,Maluku,19,0,36,-17,4148,3585,53,510
2020-11-18,Maluku,4,0,3,1,4152,3588,53,511
2020-11-19,Maluku,50,4,13,33,4202,3601,57,544
2020-11-20,Maluku,10,0,20,-10,4212,3621,57,534
2020-11-21,Maluku,33,3,43,-13,4245,3664,60,521
2020-11-22,Maluku,10,0,0,10,4255,3664,60,531
2020-11-23,Maluku,16,0,31,-15,4271,3695,60,516
2020-11-24,Maluku,0,0,0,0,4271,3695,60,516
2020-11-25,Maluku,53,0,52,1,4324,3747,60,517
2020-11-26,Maluku,104,0,7,97,4428,3754,60,614
2020-11-27,Maluku,0,0,2,-2,4428,3756,60,612
2020-11-28,Maluku,41,1,15,25,4469,3771,61,637
2020-11-29,Maluku,108,0,16,92,4577,3787,61,729
2020-11-30,Maluku,43,0,6,37,4620,3793,61,766
2020-12-01,Maluku,0,0,5,-5,4620,3798,61,761
2020-12-02,Maluku,0,0,12,-12,4620,3810,61,749
2020-12-03,Maluku,1,0,0,1,4621,3810,61,750
2020-12-04,Maluku,5,0,8,-3,4626,3818,61,747
2020-12-05,Maluku,0,0,5,-5,4626,3823,61,742
2020-12-06,Maluku,47,3,0,44,4673,3823,64,786
2020-12-07,Maluku,46,0,0,46,4719,3823,64,832
2020-12-08,Maluku,0,0,25,-25,4719,3848,64,807
2020-12-09,Maluku,39,2,0,37,4758,3848,66,844
2020-12-10,Maluku,11,0,4,7,4769,3852,66,851
2020-12-11,Maluku,40,0,9,31,4809,3861,66,882
2020-12-12,Maluku,71,1,7,63,4880,3868,67,945
2020-12-13,Maluku,32,0,8,24,4912,3876,67,969
2020-12-14,Maluku,0,0,9,-9,4912,3885,67,960
2020-12-15,Maluku,137,1,29,107,5049,3914,68,1067
2020-12-16,Maluku,100,0,0,100,5149,3914,68,1167
2020-12-17,Maluku,190,0,24,166,5339,3938,68,1333
2020-12-18,Maluku,0,0,0,0,5339,3938,68,1333
2020-12-19,Maluku,45,1,63,-19,5384,4001,69,1314
2020-12-20,Maluku,64,0,13,51,5448,4014,69,1365
2020-12-21,Maluku,21,0,14,7,5469,4028,69,1372
2020-12-22,Maluku,10,0,189,-179,5479,4217,69,1193
2020-12-23,Maluku,16,0,18,-2,5495,4235,69,1191
2020-12-24,Maluku,42,1,20,21,5537,4255,70,1212
2020-12-25,Maluku,36,0,22,14,5573,4277,70,1226
2020-12-26,Maluku,34,0,19,15,5607,4296,70,1241
2020-12-27,Maluku,33,0,4,29,5640,4300,70,1270
2020-12-28,Maluku,43,1,33,9,5683,4333,71,1279
2020-12-29,Maluku,10,0,30,-20,5693,4363,71,1259
2020-12-30,Maluku,0,0,24,-24,5693,4387,71,1235
2020-12-31,Maluku,29,0,170,-141,5722,4557,71,1094
2021-01-01,Maluku,32,1,14,17,5754,4571,72,1111
2021-01-02,Maluku,18,0,34,-16,5772,4605,72,1095
2021-01-03,Maluku,9,0,23,-14,5781,4628,72,1081
2021-01-04,Maluku,6,3,20,-17,5787,4648,75,1064
2021-01-05,Maluku,35,0,144,-109,5822,4792,75,955
2021-01-06,Maluku,3,0,14,-11,5825,4806,75,944
2021-01-07,Maluku,1,0,19,-18,5826,4825,75,926
2021-01-08,Maluku,0,0,22,-22,5826,4847,75,904
2021-01-09,Maluku,33,0,6,27,5859,4853,75,931
2021-01-10,Maluku,22,0,1,21,5881,4854,75,952
2021-01-11,Maluku,70,0,3,67,5951,4857,75,1019
2021-01-12,Maluku,0,0,8,-8,5951,4865,75,1011
2021-01-13,Maluku,0,0,2,-2,5951,4867,75,1009
2021-01-14,Maluku,4,0,5,-1,5955,4872,75,1008
2021-01-15,Maluku,46,4,41,1,6001,4913,79,1009
2021-01-16,Maluku,38,2,40,-4,6039,4953,81,1005
2021-01-17,Maluku,41,0,0,41,6080,4953,81,1046
2021-01-18,Maluku,29,1,31,-3,6109,4984,82,1043
2021-01-19,Maluku,32,0,33,-1,6141,5017,82,1042
2021-01-20,Maluku,7,0,15,-8,6148,5032,82,1034
2021-01-21,Maluku,17,0,32,-15,6165,5064,82,1019
2021-01-22,Maluku,0,0,0,0,6165,5064,82,1019
2021-01-23,Maluku,55,0,33,22,6220,5097,82,1041
2021-01-24,Maluku,39,0,24,15,6259,5121,82,1056
2021-01-25,Maluku,7,0,28,-21,6266,5149,82,1035
2021-01-26,Maluku,49,1,18,30,6315,5167,83,1065
2021-01-27,Maluku,1,0,0,1,6316,5167,83,1066
2021-01-28,Maluku,13,0,0,13,6329,5167,83,1079
2021-01-29,Maluku,32,1,4,27,6361,5171,84,1106
2021-01-30,Maluku,19,0,2,17,6380,5173,84,1123
2021-01-31,Maluku,46,0,0,46,6426,5173,84,1169
2021-02-01,Maluku,46,0,36,10,6472,5209,84,1179
2021-02-02,Maluku,8,0,11,-3,6480,5220,84,1176
2021-02-03,Maluku,1,3,6,-8,6481,5226,87,1168
2021-02-04,Maluku,20,0,104,-84,6501,5330,87,1084
2021-02-05,Maluku,31,0,48,-17,6532,5378,87,1067
2021-02-06,Maluku,29,0,45,-16,6561,5423,87,1051
2021-02-07,Maluku,23,1,24,-2,6584,5447,88,1049
2021-02-08,Maluku,11,1,71,-61,6595,5518,89,988
2021-02-09,Maluku,5,0,48,-43,6600,5566,89,945
2021-02-10,Maluku,30,3,24,3,6630,5590,92,948
2021-02-11,Maluku,10,7,51,-48,6640,5641,99,900
2021-02-12,Maluku,0,0,11,-11,6640,5652,99,889
2021-02-13,Maluku,74,3,24,47,6714,5676,102,936
2021-02-14,Maluku,33,0,157,-124,6747,5833,102,812
2021-02-15,Maluku,0,0,39,-39,6747,5872,102,773
2021-02-16,Maluku,22,1,0,21,6769,5872,103,794
2021-02-17,Maluku,5,0,65,-60,6774,5937,103,734
2021-02-18,Maluku,19,0,43,-24,6793,5980,103,710
2021-02-19,Maluku,27,1,52,-26,6820,6032,104,684
2021-02-20,Maluku,12,1,84,-73,6832,6116,105,611
2021-02-21,Maluku,3,0,15,-12,6835,6131,105,599
2021-02-22,Maluku,44,1,20,23,6879,6151,106,622
2021-02-23,Maluku,9,0,17,-8,6888,6168,106,614
2021-02-24,Maluku,14,0,21,-7,6902,6189,106,607
2021-02-25,Maluku,30,0,48,-18,6932,6237,106,589
2021-02-26,Maluku,24,0,10,14,6956,6247,106,603
2021-02-27,Maluku,28,0,9,19,6984,6256,106,622
2021-02-28,Maluku,0,0,10,-10,6984,6266,106,612
2021-03-01,Maluku,0,0,12,-12,6984,6278,106,600
2021-03-02,Maluku,37,0,28,9,7021,6306,106,609
2021-03-03,Maluku,23,0,31,-8,7044,6337,106,601
2021-03-04,Maluku,25,0,52,-27,7069,6389,106,574
2021-03-05,Maluku,9,0,10,-1,7078,6399,106,573
2021-03-06,Maluku,38,0,36,2,7116,6435,106,575
2021-03-07,Maluku,2,0,10,-8,7118,6445,106,567
2021-03-08,Maluku,15,1,96,-82,7133,6541,107,485
2021-03-09,Maluku,9,0,10,-1,7142,6551,107,484
2021-03-10,Maluku,3,0,28,-25,7145,6579,107,459
2021-03-11,Maluku,9,0,4,5,7154,6583,107,464
2021-03-12,Maluku,10,0,7,3,7164,6590,107,467
2021-03-13,Maluku,0,0,0,0,7164,6590,107,467
2021-03-14,Maluku,22,1,5,16,7186,6595,108,483
2021-03-15,Maluku,4,1,5,-2,7190,6600,109,481
2021-03-16,Maluku,6,1,2,3,7196,6602,110,484
2021-03-17,Maluku,4,0,20,-16,7200,6622,110,468
2021-03-18,Maluku,14,0,0,14,7214,6622,110,482
2021-03-19,Maluku,4,0,68,-64,7218,6690,110,418
2021-03-20,Maluku,10,0,11,-1,7228,6701,110,417
2021-03-21,Maluku,4,0,6,-2,7232,6707,110,415
2021-03-22,Maluku,4,0,7,-3,7236,6714,110,412
2021-03-23,Maluku,21,0,14,7,7257,6728,110,419
2021-03-24,Maluku,26,0,0,26,7283,6728,110,445
2021-03-25,Maluku,33,0,41,-8,7316,6769,110,437
2021-03-26,Maluku,6,0,12,-6,7322,6781,110,431
2021-03-27,Maluku,15,0,10,5,7337,6791,110,436
2021-03-28,Maluku,3,0,21,-18,7340,6812,110,418
2021-03-29,Maluku,0,0,12,-12,7340,6824,110,406
2021-03-30,Maluku,12,0,8,4,7352,6832,110,410
2021-03-31,Maluku,0,0,0,0,7352,6832,110,410
2021-04-01,Maluku,6,0,10,-4,7358,6842,110,406
2021-04-02,Maluku,12,0,12,0,7370,6854,110,406
2021-04-03,Maluku,3,0,5,-2,7373,6859,110,404
2021-04-04,Maluku,0,0,13,-13,7373,6872,110,391
2021-04-05,Maluku,2,2,9,-9,7375,6881,112,382
2021-04-06,Maluku,11,0,16,-5,7386,6897,112,377
2021-04-07,Maluku,6,0,24,-18,7392,6921,112,359
2021-04-08,Maluku,9,0,7,2,7401,6928,112,361
2021-04-09,Maluku,2,0,4,-2,7403,6932,112,359
2021-04-10,Maluku,1,0,3,-2,7404,6935,112,357
2021-04-11,Maluku,7,0,33,-26,7411,6968,112,331
2021-04-12,Maluku,24,0,4,20,7435,6972,112,351
2021-04-13,Maluku,2,3,2,-3,7437,6974,115,348
2021-04-14,Maluku,18,0,1,17,7455,6975,115,365
2021-04-15,Maluku,0,0,0,0,7455,6975,115,365
2021-04-16,Maluku,5,0,26,-21,7460,7001,115,344
2021-04-17,Maluku,13,0,13,0,7473,7014,115,344
2021-04-18,Maluku,13,0,5,8,7486,7019,115,352
2021-04-19,Maluku,2,0,6,-4,7488,7025,115,348
2021-04-20,Maluku,1,0,4,-3,7489,7029,115,345
2021-04-21,Maluku,10,1,2,7,7499,7031,116,352
2021-04-22,Maluku,0,0,0,0,7499,7031,116,352
2021-04-23,Maluku,8,0,11,-3,7507,7042,116,349
2021-04-24,Maluku,0,0,9,-9,7507,7051,116,340
2021-04-25,Maluku,8,0,5,3,7515,7056,116,343
2021-04-26,Maluku,0,0,0,0,7515,7056,116,343
2021-04-27,Maluku,0,1,0,-1,7515,7056,117,342
2021-04-28,Maluku,2,0,55,-53,7517,7111,117,289
2021-04-29,Maluku,0,0,9,-9,7517,7120,117,280
2021-04-30,Maluku,13,0,7,6,7530,7127,117,286
2021-05-01,Maluku,0,0,3,-3,7530,7130,117,283
2021-05-02,Maluku,5,0,7,-2,7535,7137,117,281
2021-05-03,Maluku,14,0,0,14,7549,7137,117,295
2021-05-04,Maluku,0,0,0,0,7549,7137,117,295
2021-05-05,Maluku,18,0,7,11,7567,7144,117,306
2021-05-06,Maluku,7,0,5,2,7574,7149,117,308
2021-05-07,Maluku,0,0,15,-15,7574,7164,117,293
2021-05-08,Maluku,19,0,4,15,7593,7168,117,308
2021-05-09,Maluku,3,0,0,3,7596,7168,117,311
2021-05-10,Maluku,0,0,0,0,7596,7168,117,311
2021-05-11,Maluku,1,1,4,-4,7597,7172,118,307
2021-05-12,Maluku,0,1,20,-21,7597,7192,119,286
2021-05-13,Maluku,0,0,0,0,7597,7192,119,286
2021-05-14,Maluku,32,0,9,23,7629,7201,119,309
2021-05-15,Maluku,7,1,16,-10,7636,7217,120,299
2021-05-16,Maluku,0,0,0,0,7636,7217,120,299
2021-05-17,Maluku,20,0,5,15,7656,7222,120,314
2021-05-18,Maluku,0,0,6,-6,7656,7228,120,308
2021-05-19,Maluku,0,0,0,0,7656,7228,120,308
2021-05-20,Maluku,7,0,5,2,7663,7233,120,310
2021-05-21,Maluku,8,0,52,-44,7671,7285,120,266
2021-05-22,Maluku,0,0,0,0,7671,7285,120,266
2021-05-23,Maluku,5,0,34,-29,7676,7319,120,237
2021-05-24,Maluku,0,0,19,-19,7676,7338,120,218
2021-05-25,Maluku,42,1,6,35,7718,7344,121,253
2021-05-26,Maluku,0,0,0,0,7718,7344,121,253
2021-05-27,Maluku,9,1,7,1,7727,7351,122,254
2021-05-28,Maluku,0,0,0,0,7727,7351,122,254
2021-05-29,Maluku,14,0,13,1,7741,7364,122,255
2021-05-30,Maluku,0,0,0,0,7741,7364,122,255
2021-05-31,Maluku,3,0,6,-3,7744,7370,122,252
2021-06-01,Maluku,0,0,8,-8,7744,7378,122,244
2021-06-02,Maluku,0,0,5,-5,7744,7383,122,239
2021-06-03,Maluku,3,0,6,-3,7747,7389,122,236
2021-06-04,Maluku,37,1,1,35,7784,7390,123,271
2021-06-05,Maluku,1,1,12,-12,7785,7402,124,259
2021-06-06,Maluku,8,1,0,7,7793,7402,125,266
2021-06-07,Maluku,25,0,4,21,7818,7406,125,287
2021-06-08,Maluku,0,0,0,0,7818,7406,125,287
2021-06-09,Maluku,5,0,15,-10,7823,7421,125,277
2021-06-10,Maluku,5,1,12,-8,7828,7433,126,269
2021-06-11,Maluku,27,0,5,22,7855,7438,126,291
2021-06-12,Maluku,1,0,4,-3,7856,7442,126,288
2021-06-13,Maluku,31,0,3,28,7887,7445,126,316
2021-06-14,Maluku,3,1,5,-3,7890,7450,127,313
2021-06-15,Maluku,16,2,12,2,7906,7462,129,315
2021-06-16,Maluku,43,1,2,40,7949,7464,130,355
2021-06-17,Maluku,24,1,13,10,7973,7477,131,365
2021-06-18,Maluku,0,0,0,0,7973,7477,131,365
2021-06-19,Maluku,15,2,7,6,7988,7484,133,371
2021-06-20,Maluku,69,0,4,65,8057,7488,133,436
2021-06-21,Maluku,0,0,0,0,8057,7488,133,436
2021-06-22,Maluku,40,0,64,-24,8097,7552,133,412
2021-06-23,Maluku,33,0,6,27,8130,7558,133,439
2021-06-24,Maluku,0,0,0,0,8130,7558,133,439
2021-06-25,Maluku,136,4,22,110,8266,7580,137,549
2021-06-26,Maluku,30,1,3,26,8296,7583,138,575
2021-06-27,Maluku,51,1,17,33,8347,7600,139,608
2021-06-28,Maluku,119,1,1,117,8466,7601,140,725
2021-06-29,Maluku,26,1,0,25,8492,7601,141,750
2021-06-30,Maluku,0,0,0,0,8492,7601,141,750
2021-07-01,Maluku,218,0,10,208,8710,7611,141,958
2021-07-02,Maluku,185,3,12,170,8895,7623,144,1128
2021-07-03,Maluku,172,2,0,170,9067,7623,146,1298
2021-07-04,Maluku,0,0,0,0,9067,7623,146,1298
2021-07-05,Maluku,278,2,9,267,9345,7632,148,1565
2021-07-06,Maluku,349,3,59,287,9694,7691,151,1852
2021-07-07,Maluku,258,6,8,244,9952,7699,157,2096
2021-07-08,Maluku,303,4,9,290,10255,7708,161,2386
2021-07-09,Maluku,210,3,0,207,10465,7708,164,2593
2021-07-10,Maluku,191,6,5,180,10656,7713,170,2773
2021-07-11,Maluku,347,2,18,327,11003,7731,172,3100
2021-07-12,Maluku,217,3,44,170,11220,7775,175,3270
2021-07-13,Maluku,248,0,6,242,11468,7781,175,3512
2021-07-14,Maluku,211,7,28,176,11679,7809,182,3688
2021-07-15,Maluku,162,0,18,144,11841,7827,182,3832
2021-07-16,Maluku,139,1,19,119,11980,7846,183,3951
2021-07-17,Maluku,78,4,44,30,12058,7890,187,3981
2021-07-18,Maluku,69,0,23,46,12127,7913,187,4027
2021-07-19,Maluku,215,11,178,26,12342,8091,198,4053
2021-07-20,Maluku,59,0,4,55,12401,8095,198,4108
2021-07-21,Maluku,195,1,180,14,12596,8275,199,4122
2021-07-22,Maluku,75,9,260,-194,12671,8535,208,3928
2021-07-23,Maluku,121,7,155,-41,12792,8690,215,3887
2021-07-24,Maluku,92,0,68,24,12884,8758,215,3911
2021-07-25,Maluku,104,0,30,74,12988,8788,215,3985
2021-07-26,Maluku,51,0,262,-211,13039,9050,215,3774
2021-07-27,Maluku,113,7,111,-5,13152,9161,222,3769
2021-07-28,Maluku,87,0,139,-52,13239,9300,222,3717
2021-07-29,Maluku,68,0,105,-37,13307,9405,222,3680
2021-07-30,Maluku,49,3,92,-46,13356,9497,225,3634
2021-07-31,Maluku,43,1,150,-108,13399,9647,226,3526
2021-08-01,Maluku,33,0,63,-30,13432,9710,226,3496
2020-03-23,Maluku Utara,1,0,0,1,1,0,0,1
2020-03-24,Maluku Utara,0,0,0,0,1,0,0,1
2020-03-25,Maluku Utara,0,0,0,0,1,0,0,1
2020-03-26,Maluku Utara,0,0,0,0,1,0,0,1
2020-03-27,Maluku Utara,0,0,0,0,1,0,0,1
2020-03-28,Maluku Utara,0,0,0,0,1,0,0,1
2020-03-29,Maluku Utara,0,0,0,0,1,0,0,1
2020-03-30,Maluku Utara,0,0,0,0,1,0,0,1
2020-03-31,Maluku Utara,0,0,0,0,1,0,0,1
2020-04-01,Maluku Utara,0,0,0,0,1,0,0,1
2020-04-02,Maluku Utara,0,0,0,0,1,0,0,1
2020-04-03,Maluku Utara,0,0,0,0,1,0,0,1
2020-04-04,Maluku Utara,0,0,0,0,1,0,0,1
2020-04-05,Maluku Utara,0,0,0,0,1,0,0,1
2020-04-06,Maluku Utara,0,0,0,0,1,0,0,1
2020-04-07,Maluku Utara,0,0,0,0,1,0,0,1
2020-04-08,Maluku Utara,1,0,0,1,2,0,0,2
2020-04-09,Maluku Utara,0,0,1,-1,2,1,0,1
2020-04-10,Maluku Utara,0,0,0,0,2,1,0,1
2020-04-11,Maluku Utara,0,0,0,0,2,1,0,1
2020-04-12,Maluku Utara,0,0,0,0,2,1,0,1
2020-04-13,Maluku Utara,0,0,0,0,2,1,0,1
2020-04-14,Maluku Utara,0,0,0,0,2,1,0,1
2020-04-15,Maluku Utara,2,0,1,1,4,2,0,2
2020-04-16,Maluku Utara,0,0,0,0,4,2,0,2
2020-04-17,Maluku Utara,0,0,0,0,4,2,0,2
2020-04-18,Maluku Utara,0,0,0,0,4,2,0,2
2020-04-19,Maluku Utara,0,0,0,0,4,2,0,2
2020-04-20,Maluku Utara,0,0,0,0,4,2,0,2
2020-04-21,Maluku Utara,0,0,0,0,4,2,0,2
2020-04-22,Maluku Utara,8,0,0,8,12,2,0,10
2020-04-23,Maluku Utara,2,0,0,2,14,2,0,12
2020-04-24,Maluku Utara,0,0,0,0,14,2,0,12
2020-04-25,Maluku Utara,0,0,1,-1,14,3,0,11
2020-04-26,Maluku Utara,12,0,0,12,26,3,0,23
2020-04-27,Maluku Utara,0,0,0,0,26,3,0,23
2020-04-28,Maluku Utara,0,0,1,-1,26,4,0,22
2020-04-29,Maluku Utara,0,0,0,0,26,4,0,22
2020-04-30,Maluku Utara,14,0,0,14,40,4,0,36
2020-05-01,Maluku Utara,1,0,0,1,41,4,0,37
2020-05-02,Maluku Utara,0,0,0,0,41,4,0,37
2020-05-03,Maluku Utara,9,0,2,7,50,6,0,44
2020-05-04,Maluku Utara,0,0,0,0,50,6,0,44
2020-05-05,Maluku Utara,0,0,0,0,50,6,0,44
2020-05-06,Maluku Utara,0,0,0,0,50,6,0,44
2020-05-07,Maluku Utara,0,0,0,0,50,6,0,44
2020-05-08,Maluku Utara,0,0,3,-3,50,9,0,41
2020-05-09,Maluku Utara,4,0,0,4,54,9,0,45
2020-05-10,Maluku Utara,0,0,0,0,54,9,0,45
2020-05-11,Maluku Utara,0,0,0,0,54,9,0,45
2020-05-12,Maluku Utara,0,0,0,0,54,9,0,45
2020-05-13,Maluku Utara,23,3,0,20,77,9,3,65
2020-05-14,Maluku Utara,4,0,3,1,81,12,3,66
2020-05-15,Maluku Utara,4,1,1,2,85,13,4,68
2020-05-16,Maluku Utara,3,0,0,3,88,13,4,71
2020-05-17,Maluku Utara,4,0,0,4,92,13,4,75
2020-05-18,Maluku Utara,1,0,0,1,93,13,4,76
2020-05-19,Maluku Utara,2,0,0,2,95,13,4,78
2020-05-20,Maluku Utara,1,0,0,1,96,13,4,79
2020-05-21,Maluku Utara,1,0,0,1,97,13,4,80
2020-05-22,Maluku Utara,2,0,0,2,99,13,4,82
2020-05-23,Maluku Utara,0,0,0,0,99,13,4,82
2020-05-24,Maluku Utara,1,1,0,0,100,13,5,82
2020-05-25,Maluku Utara,7,0,0,7,107,13,5,89
2020-05-26,Maluku Utara,11,1,4,6,118,17,6,95
2020-05-27,Maluku Utara,1,0,4,-3,119,21,6,92
2020-05-28,Maluku Utara,9,1,0,8,128,21,7,100
2020-05-29,Maluku Utara,11,0,0,11,139,21,7,111
2020-05-30,Maluku Utara,7,0,6,1,146,27,7,112
2020-05-31,Maluku Utara,7,3,0,4,153,27,10,116
2020-06-01,Maluku Utara,7,3,2,2,160,29,13,118
2020-06-02,Maluku Utara,14,1,0,13,174,29,14,131
2020-06-03,Maluku Utara,2,1,1,0,176,30,15,131
2020-06-04,Maluku Utara,1,2,0,-1,177,30,17,130
2020-06-05,Maluku Utara,1,0,0,1,178,30,17,131
2020-06-06,Maluku Utara,7,0,3,4,185,33,17,135
2020-06-07,Maluku Utara,1,0,0,1,186,33,17,136
2020-06-08,Maluku Utara,0,0,0,0,186,33,17,136
2020-06-09,Maluku Utara,28,0,0,28,214,33,17,164
2020-06-10,Maluku Utara,13,0,4,9,227,37,17,173
2020-06-11,Maluku Utara,35,5,2,28,262,39,22,201
2020-06-12,Maluku Utara,22,0,1,21,284,40,22,222
2020-06-13,Maluku Utara,17,0,0,17,301,40,22,239
2020-06-14,Maluku Utara,8,0,8,0,309,48,22,239
2020-06-15,Maluku Utara,2,0,0,2,311,48,22,241
2020-06-16,Maluku Utara,3,0,0,3,314,48,22,244
2020-06-17,Maluku Utara,7,0,0,7,321,48,22,251
2020-06-18,Maluku Utara,21,0,1,20,342,49,22,271
2020-06-19,Maluku Utara,40,0,2,38,382,51,22,309
2020-06-20,Maluku Utara,17,0,5,12,399,56,22,321
2020-06-21,Maluku Utara,11,0,0,11,410,56,22,332
2020-06-22,Maluku Utara,20,2,14,4,430,70,24,336
2020-06-23,Maluku Utara,33,1,12,20,463,82,25,356
2020-06-24,Maluku Utara,96,0,6,90,559,88,25,446
2020-06-25,Maluku Utara,77,3,1,73,636,89,28,519
2020-06-26,Maluku Utara,34,2,8,24,670,97,30,543
2020-06-27,Maluku Utara,37,0,2,35,707,99,30,578
2020-06-28,Maluku Utara,11,0,4,7,718,103,30,585
2020-06-29,Maluku Utara,0,0,0,0,718,103,30,585
2020-06-30,Maluku Utara,9,0,2,7,727,105,30,592
2020-07-01,Maluku Utara,140,0,7,133,867,112,30,725
2020-07-02,Maluku Utara,68,0,5,63,935,117,30,788
2020-07-03,Maluku Utara,10,1,2,7,945,119,31,795
2020-07-04,Maluku Utara,3,0,4,-1,948,123,31,794
2020-07-05,Maluku Utara,0,0,0,0,948,123,31,794
2020-07-06,Maluku Utara,0,0,0,0,948,123,31,794
2020-07-07,Maluku Utara,14,0,1,13,962,124,31,807
2020-07-08,Maluku Utara,70,0,4,66,1032,128,31,873
2020-07-09,Maluku Utara,73,2,2,69,1105,130,33,942
2020-07-10,Maluku Utara,24,0,1,23,1129,131,33,965
2020-07-11,Maluku Utara,23,0,0,23,1152,131,33,988
2020-07-12,Maluku Utara,8,4,1,3,1160,132,37,991
2020-07-13,Maluku Utara,13,1,4,8,1173,136,38,999
2020-07-14,Maluku Utara,2,0,4,-2,1175,140,38,997
2020-07-15,Maluku Utara,39,0,3,36,1214,143,38,1033
2020-07-16,Maluku Utara,27,0,4,23,1241,147,38,1056
2020-07-17,Maluku Utara,11,0,5,6,1252,152,38,1062
2020-07-18,Maluku Utara,33,0,23,10,1285,175,38,1072
2020-07-19,Maluku Utara,8,0,10,-2,1293,185,38,1070
2020-07-20,Maluku Utara,3,0,5,-2,1296,190,38,1068
2020-07-21,Maluku Utara,42,0,6,36,1338,196,38,1104
2020-07-22,Maluku Utara,8,2,8,-2,1346,204,40,1102
2020-07-23,Maluku Utara,9,0,37,-28,1355,241,40,1074
2020-07-24,Maluku Utara,27,2,18,7,1382,259,42,1081
2020-07-25,Maluku Utara,37,3,5,29,1419,264,45,1110
2020-07-26,Maluku Utara,32,1,4,27,1451,268,46,1137
2020-07-27,Maluku Utara,14,1,21,-8,1465,289,47,1129
2020-07-28,Maluku Utara,38,0,22,16,1503,311,47,1145
2020-07-29,Maluku Utara,31,1,17,13,1534,328,48,1158
2020-07-30,Maluku Utara,6,2,0,4,1540,328,50,1162
2020-07-31,Maluku Utara,0,0,0,0,1540,328,50,1162
2020-08-01,Maluku Utara,13,0,2,11,1553,330,50,1173
2020-08-02,Maluku Utara,14,0,0,14,1567,330,50,1187
2020-08-03,Maluku Utara,5,0,17,-12,1572,347,50,1175
2020-08-04,Maluku Utara,6,0,216,-210,1578,563,50,965
2020-08-05,Maluku Utara,7,0,201,-194,1585,764,50,771
2020-08-06,Maluku Utara,7,0,88,-81,1592,852,50,690
2020-08-07,Maluku Utara,31,0,4,27,1623,856,50,717
2020-08-08,Maluku Utara,47,0,0,47,1670,856,50,764
2020-08-09,Maluku Utara,4,2,0,2,1674,856,52,766
2020-08-10,Maluku Utara,6,4,4,-2,1680,860,56,764
2020-08-11,Maluku Utara,11,0,13,-2,1691,873,56,762
2020-08-12,Maluku Utara,18,3,51,-36,1709,924,59,726
2020-08-13,Maluku Utara,8,0,36,-28,1717,960,59,698
2020-08-14,Maluku Utara,12,0,0,12,1729,960,59,710
2020-08-15,Maluku Utara,10,0,48,-38,1739,1008,59,672
2020-08-16,Maluku Utara,2,0,23,-21,1741,1031,59,651
2020-08-17,Maluku Utara,3,0,6,-3,1744,1037,59,648
2020-08-18,Maluku Utara,2,0,0,2,1746,1037,59,650
2020-08-19,Maluku Utara,10,0,458,-448,1756,1495,59,202
2020-08-20,Maluku Utara,5,0,1,4,1761,1496,59,206
2020-08-21,Maluku Utara,0,2,0,-2,1761,1496,61,204
2020-08-22,Maluku Utara,9,0,0,9,1770,1496,61,213
2020-08-23,Maluku Utara,4,0,0,4,1774,1496,61,217
2020-08-24,Maluku Utara,4,0,0,4,1778,1496,61,221
2020-08-25,Maluku Utara,1,0,14,-13,1779,1510,61,208
2020-08-26,Maluku Utara,30,0,0,30,1809,1510,61,238
2020-08-27,Maluku Utara,16,2,53,-39,1825,1563,63,199
2020-08-28,Maluku Utara,15,2,0,13,1840,1563,65,212
2020-08-29,Maluku Utara,0,0,18,-18,1840,1581,65,194
2020-08-30,Maluku Utara,18,1,0,17,1858,1581,66,211
2020-08-31,Maluku Utara,2,0,0,2,1860,1581,66,213
2020-09-01,Maluku Utara,6,0,0,6,1866,1581,66,219
2020-09-02,Maluku Utara,5,0,0,5,1871,1581,66,224
2020-09-03,Maluku Utara,7,0,0,7,1878,1581,66,231
2020-09-04,Maluku Utara,9,0,0,9,1887,1581,66,240
2020-09-05,Maluku Utara,0,0,0,0,1887,1581,66,240
2020-09-06,Maluku Utara,0,0,0,0,1887,1581,66,240
2020-09-07,Maluku Utara,9,1,0,8,1896,1581,67,248
2020-09-08,Maluku Utara,4,1,0,3,1900,1581,68,251
2020-09-09,Maluku Utara,10,2,0,8,1910,1581,70,259
2020-09-10,Maluku Utara,1,1,0,0,1911,1581,71,259
2020-09-11,Maluku Utara,7,0,5,2,1918,1586,71,261
2020-09-12,Maluku Utara,3,0,0,3,1921,1586,71,264
2020-09-13,Maluku Utara,14,0,8,6,1935,1594,71,270
2020-09-14,Maluku Utara,5,0,0,5,1940,1594,71,275
2020-09-15,Maluku Utara,16,1,1,14,1956,1595,72,289
2020-09-16,Maluku Utara,10,0,16,-6,1966,1611,72,283
2020-09-17,Maluku Utara,6,0,164,-158,1972,1775,72,125
2020-09-18,Maluku Utara,1,0,12,-11,1973,1787,72,114
2020-09-19,Maluku Utara,19,0,0,19,1992,1787,72,133
2020-09-20,Maluku Utara,0,0,0,0,1992,1787,72,133
2020-09-21,Maluku Utara,19,1,0,18,2011,1787,73,151
2020-09-22,Maluku Utara,3,0,0,3,2014,1787,73,154
2020-09-23,Maluku Utara,21,0,0,21,2035,1787,73,175
2020-09-24,Maluku Utara,4,0,12,-8,2039,1799,73,167
2020-09-25,Maluku Utara,6,0,0,6,2045,1799,73,173
2020-09-26,Maluku Utara,3,0,0,3,2048,1799,73,176
2020-09-27,Maluku Utara,0,0,0,0,2048,1799,73,176
2020-09-28,Maluku Utara,4,1,0,3,2052,1799,74,179
2020-09-29,Maluku Utara,7,0,3,4,2059,1802,74,183
2020-09-30,Maluku Utara,6,0,0,6,2065,1802,74,189
2020-10-01,Maluku Utara,2,0,0,2,2067,1802,74,191
2020-10-02,Maluku Utara,7,0,0,7,2074,1802,74,198
2020-10-03,Maluku Utara,1,0,9,-8,2075,1811,74,190
2020-10-04,Maluku Utara,0,0,0,0,2075,1811,74,190
2020-10-05,Maluku Utara,2,0,8,-6,2077,1819,74,184
2020-10-06,Maluku Utara,0,0,4,-4,2077,1823,74,180
2020-10-07,Maluku Utara,0,0,8,-8,2077,1831,74,172
2020-10-08,Maluku Utara,5,0,0,5,2082,1831,74,177
2020-10-09,Maluku Utara,0,0,33,-33,2082,1864,74,144
2020-10-10,Maluku Utara,7,0,0,7,2089,1864,74,151
2020-10-11,Maluku Utara,0,0,0,0,2089,1864,74,151
2020-10-12,Maluku Utara,16,0,4,12,2105,1868,74,163
2020-10-13,Maluku Utara,5,0,20,-15,2110,1888,74,148
2020-10-14,Maluku Utara,4,0,4,0,2114,1892,74,148
2020-10-15,Maluku Utara,1,0,0,1,2115,1892,74,149
2020-10-16,Maluku Utara,5,0,14,-9,2120,1906,74,140
2020-10-17,Maluku Utara,0,0,0,0,2120,1906,74,140
2020-10-18,Maluku Utara,0,0,0,0,2120,1906,74,140
2020-10-19,Maluku Utara,11,0,3,8,2131,1909,74,148
2020-10-20,Maluku Utara,11,0,19,-8,2142,1928,74,140
2020-10-21,Maluku Utara,10,0,0,10,2152,1928,74,150
2020-10-22,Maluku Utara,28,0,0,28,2180,1928,74,178
2020-10-23,Maluku Utara,7,0,0,7,2187,1928,74,185
2020-10-24,Maluku Utara,1,0,0,1,2188,1928,74,186
2020-10-25,Maluku Utara,0,0,0,0,2188,1928,74,186
2020-10-26,Maluku Utara,4,0,0,4,2192,1928,74,190
2020-10-27,Maluku Utara,1,0,0,1,2193,1928,74,191
2020-10-28,Maluku Utara,3,1,0,2,2196,1928,75,193
2020-10-29,Maluku Utara,0,0,0,0,2196,1928,75,193
2020-10-30,Maluku Utara,3,0,0,3,2199,1928,75,196
2020-10-31,Maluku Utara,0,0,0,0,2199,1928,75,196
2020-11-01,Maluku Utara,0,0,0,0,2199,1928,75,196
2020-11-02,Maluku Utara,33,0,18,15,2232,1946,75,211
2020-11-03,Maluku Utara,0,0,0,0,2232,1946,75,211
2020-11-04,Maluku Utara,2,0,0,2,2234,1946,75,213
2020-11-05,Maluku Utara,1,0,0,1,2235,1946,75,214
2020-11-06,Maluku Utara,3,0,0,3,2238,1946,75,217
2020-11-07,Maluku Utara,2,0,0,2,2240,1946,75,219
2020-11-08,Maluku Utara,0,0,0,0,2240,1946,75,219
2020-11-09,Maluku Utara,4,0,0,4,2244,1946,75,223
2020-11-10,Maluku Utara,3,0,0,3,2247,1946,75,226
2020-11-11,Maluku Utara,28,0,0,28,2275,1946,75,254
2020-11-12,Maluku Utara,0,0,0,0,2275,1946,75,254
2020-11-13,Maluku Utara,9,1,0,8,2284,1946,76,262
2020-11-14,Maluku Utara,6,0,0,6,2290,1946,76,268
2020-11-15,Maluku Utara,4,0,0,4,2294,1946,76,272
2020-11-16,Maluku Utara,3,0,0,3,2297,1946,76,275
2020-11-17,Maluku Utara,20,0,0,20,2317,1946,76,295
2020-11-18,Maluku Utara,5,1,0,4,2322,1946,77,299
2020-11-19,Maluku Utara,1,2,16,-17,2323,1962,79,282
2020-11-20,Maluku Utara,13,0,0,13,2336,1962,79,295
2020-11-21,Maluku Utara,8,0,4,4,2344,1966,79,299
2020-11-22,Maluku Utara,3,0,0,3,2347,1966,79,302
2020-11-23,Maluku Utara,2,1,0,1,2349,1966,80,303
2020-11-24,Maluku Utara,3,1,5,-3,2352,1971,81,300
2020-11-25,Maluku Utara,3,0,0,3,2355,1971,81,303
2020-11-26,Maluku Utara,1,0,0,1,2356,1971,81,304
2020-11-27,Maluku Utara,6,0,0,6,2362,1971,81,310
2020-11-28,Maluku Utara,7,0,0,7,2369,1971,81,317
2020-11-29,Maluku Utara,2,0,0,2,2371,1971,81,319
2020-11-30,Maluku Utara,2,0,0,2,2373,1971,81,321
2020-12-01,Maluku Utara,3,0,10,-7,2376,1981,81,314
2020-12-02,Maluku Utara,50,1,39,10,2426,2020,82,324
2020-12-03,Maluku Utara,25,1,0,24,2451,2020,83,348
2020-12-04,Maluku Utara,10,0,0,10,2461,2020,83,358
2020-12-05,Maluku Utara,6,0,0,6,2467,2020,83,364
2020-12-06,Maluku Utara,5,0,0,5,2472,2020,83,369
2020-12-07,Maluku Utara,6,0,6,0,2478,2026,83,369
2020-12-08,Maluku Utara,9,1,3,5,2487,2029,84,374
2020-12-09,Maluku Utara,0,0,0,0,2487,2029,84,374
2020-12-10,Maluku Utara,9,0,0,9,2496,2029,84,383
2020-12-11,Maluku Utara,5,0,0,5,2501,2029,84,388
2020-12-12,Maluku Utara,12,0,0,12,2513,2029,84,400
2020-12-13,Maluku Utara,8,0,0,8,2521,2029,84,408
2020-12-14,Maluku Utara,9,0,34,-25,2530,2063,84,383
2020-12-15,Maluku Utara,21,0,5,16,2551,2068,84,399
2020-12-16,Maluku Utara,12,0,0,12,2563,2068,84,411
2020-12-17,Maluku Utara,8,0,0,8,2571,2068,84,419
2020-12-18,Maluku Utara,7,0,0,7,2578,2068,84,426
2020-12-19,Maluku Utara,14,2,0,12,2592,2068,86,438
2020-12-20,Maluku Utara,62,0,0,62,2654,2068,86,500
2020-12-21,Maluku Utara,54,0,0,54,2708,2068,86,554
2020-12-22,Maluku Utara,5,1,1,3,2713,2069,87,557
2020-12-23,Maluku Utara,8,0,12,-4,2721,2081,87,553
2020-12-24,Maluku Utara,9,0,2,7,2730,2083,87,560
2020-12-25,Maluku Utara,4,0,0,4,2734,2083,87,564
2020-12-26,Maluku Utara,3,0,0,3,2737,2083,87,567
2020-12-27,Maluku Utara,3,0,22,-19,2740,2105,87,548
2020-12-28,Maluku Utara,8,0,3,5,2748,2108,87,553
2020-12-29,Maluku Utara,6,2,201,-197,2754,2309,89,356
2020-12-30,Maluku Utara,6,0,42,-36,2760,2351,89,320
2020-12-31,Maluku Utara,11,0,2,9,2771,2353,89,329
2021-01-01,Maluku Utara,2,1,0,1,2773,2353,90,330
2021-01-02,Maluku Utara,9,0,8,1,2782,2361,90,331
2021-01-03,Maluku Utara,5,0,0,5,2787,2361,90,336
2021-01-04,Maluku Utara,9,1,0,8,2796,2361,91,344
2021-01-05,Maluku Utara,22,0,2,20,2818,2363,91,364
2021-01-06,Maluku Utara,20,0,0,20,2838,2363,91,384
2021-01-07,Maluku Utara,25,0,19,6,2863,2382,91,390
2021-01-08,Maluku Utara,12,1,18,-7,2875,2400,92,383
2021-01-09,Maluku Utara,13,0,40,-27,2888,2440,92,356
2021-01-10,Maluku Utara,52,0,46,6,2940,2486,92,362
2021-01-11,Maluku Utara,9,0,13,-4,2949,2499,92,358
2021-01-12,Maluku Utara,23,2,22,-1,2972,2521,94,357
2021-01-13,Maluku Utara,54,0,28,26,3026,2549,94,383
2021-01-14,Maluku Utara,24,0,19,5,3050,2568,94,388
2021-01-15,Maluku Utara,25,0,12,13,3075,2580,94,401
2021-01-16,Maluku Utara,16,0,0,16,3091,2580,94,417
2021-01-17,Maluku Utara,24,0,0,24,3115,2580,94,441
2021-01-18,Maluku Utara,19,0,54,-35,3134,2634,94,406
2021-01-19,Maluku Utara,15,1,0,14,3149,2634,95,420
2021-01-20,Maluku Utara,85,0,4,81,3234,2638,95,501
2021-01-21,Maluku Utara,7,0,0,7,3241,2638,95,508
2021-01-22,Maluku Utara,36,2,5,29,3277,2643,97,537
2021-01-23,Maluku Utara,24,0,21,3,3301,2664,97,540
2021-01-24,Maluku Utara,3,2,3,-2,3304,2667,99,538
2021-01-25,Maluku Utara,27,1,26,0,3331,2693,100,538
2021-01-26,Maluku Utara,31,0,10,21,3362,2703,100,559
2021-01-27,Maluku Utara,30,0,0,30,3392,2703,100,589
2021-01-28,Maluku Utara,12,0,3,9,3404,2706,100,598
2021-01-29,Maluku Utara,22,0,76,-54,3426,2782,100,544
2021-01-30,Maluku Utara,16,0,0,16,3442,2782,100,560
2021-01-31,Maluku Utara,10,0,0,10,3452,2782,100,570
2021-02-01,Maluku Utara,31,1,2,28,3483,2784,101,598
2021-02-02,Maluku Utara,45,2,63,-20,3528,2847,103,578
2021-02-03,Maluku Utara,12,1,0,11,3540,2847,104,589
2021-02-04,Maluku Utara,30,1,21,8,3570,2868,105,597
2021-02-05,Maluku Utara,33,1,7,25,3603,2875,106,622
2021-02-06,Maluku Utara,0,0,0,0,3603,2875,106,622
2021-02-07,Maluku Utara,10,0,22,-12,3613,2897,106,610
2021-02-08,Maluku Utara,21,1,39,-19,3634,2936,107,591
2021-02-09,Maluku Utara,39,1,69,-31,3673,3005,108,560
2021-02-10,Maluku Utara,40,1,13,26,3713,3018,109,586
2021-02-11,Maluku Utara,49,1,16,32,3762,3034,110,618
2021-02-12,Maluku Utara,58,0,9,49,3820,3043,110,667
2021-02-13,Maluku Utara,27,0,5,22,3847,3048,110,689
2021-02-14,Maluku Utara,22,0,10,12,3869,3058,110,701
2021-02-15,Maluku Utara,9,0,53,-44,3878,3111,110,657
2021-02-16,Maluku Utara,8,0,0,8,3886,3111,110,665
2021-02-17,Maluku Utara,22,0,0,22,3908,3111,110,687
2021-02-18,Maluku Utara,4,1,29,-26,3912,3140,111,661
2021-02-19,Maluku Utara,1,0,62,-61,3913,3202,111,600
2021-02-20,Maluku Utara,19,0,20,-1,3932,3222,111,599
2021-02-21,Maluku Utara,1,0,4,-3,3933,3226,111,596
2021-02-22,Maluku Utara,15,0,49,-34,3948,3275,111,562
2021-02-23,Maluku Utara,10,1,55,-46,3958,3330,112,516
2021-02-24,Maluku Utara,12,0,0,12,3970,3330,112,528
2021-02-25,Maluku Utara,5,0,0,5,3975,3330,112,533
2021-02-26,Maluku Utara,6,0,49,-43,3981,3379,112,490
2021-02-27,Maluku Utara,1,1,0,0,3982,3379,113,490
2021-02-28,Maluku Utara,0,0,0,0,3982,3379,113,490
2021-03-01,Maluku Utara,5,0,12,-7,3987,3391,113,483
2021-03-02,Maluku Utara,0,0,12,-12,3987,3403,113,471
2021-03-03,Maluku Utara,43,0,11,32,4030,3414,113,503
2021-03-04,Maluku Utara,6,0,9,-3,4036,3423,113,500
2021-03-05,Maluku Utara,4,0,13,-9,4040,3436,113,491
2021-03-06,Maluku Utara,12,0,19,-7,4052,3455,113,484
2021-03-07,Maluku Utara,10,0,0,10,4062,3455,113,494
2021-03-08,Maluku Utara,17,1,0,16,4079,3455,114,510
2021-03-09,Maluku Utara,33,0,12,21,4112,3467,114,531
2021-03-10,Maluku Utara,35,0,21,14,4147,3488,114,545
2021-03-11,Maluku Utara,0,1,3,-4,4147,3491,115,541
2021-03-12,Maluku Utara,1,0,0,1,4148,3491,115,542
2021-03-13,Maluku Utara,12,0,0,12,4160,3491,115,554
2021-03-14,Maluku Utara,13,0,9,4,4173,3500,115,558
2021-03-15,Maluku Utara,20,2,18,0,4193,3518,117,558
2021-03-16,Maluku Utara,27,1,13,13,4220,3531,118,571
2021-03-17,Maluku Utara,9,0,4,5,4229,3535,118,576
2021-03-18,Maluku Utara,9,0,8,1,4238,3543,118,577
2021-03-19,Maluku Utara,19,1,1,17,4257,3544,119,594
2021-03-20,Maluku Utara,10,0,6,4,4267,3550,119,598
2021-03-21,Maluku Utara,0,0,6,-6,4267,3556,119,592
2021-03-22,Maluku Utara,7,0,25,-18,4274,3581,119,574
2021-03-23,Maluku Utara,3,0,2,1,4277,3583,119,575
2021-03-24,Maluku Utara,7,0,11,-4,4284,3594,119,571
2021-03-25,Maluku Utara,0,1,27,-28,4284,3621,120,543
2021-03-26,Maluku Utara,9,0,1,8,4293,3622,120,551
2021-03-27,Maluku Utara,7,0,5,2,4300,3627,120,553
2021-03-28,Maluku Utara,4,0,0,4,4304,3627,120,557
2021-03-29,Maluku Utara,6,0,34,-28,4310,3661,120,529
2021-03-30,Maluku Utara,12,0,0,12,4322,3661,120,541
2021-03-31,Maluku Utara,6,0,5,1,4328,3666,120,542
2021-04-01,Maluku Utara,3,0,0,3,4331,3666,120,545
2021-04-02,Maluku Utara,0,0,0,0,4331,3666,120,545
2021-04-03,Maluku Utara,0,0,0,0,4331,3666,120,545
2021-04-04,Maluku Utara,0,0,0,0,4331,3666,120,545
2021-04-05,Maluku Utara,1,0,15,-14,4332,3681,120,531
2021-04-06,Maluku Utara,8,0,0,8,4340,3681,120,539
2021-04-07,Maluku Utara,11,0,4,7,4351,3685,120,546
2021-04-08,Maluku Utara,2,0,26,-24,4353,3711,120,522
2021-04-09,Maluku Utara,0,0,6,-6,4353,3717,120,516
2021-04-10,Maluku Utara,4,0,4,0,4357,3721,120,516
2021-04-11,Maluku Utara,0,0,94,-94,4357,3815,120,422
2021-04-12,Maluku Utara,0,0,20,-20,4357,3835,120,402
2021-04-13,Maluku Utara,3,0,10,-7,4360,3845,120,395
2021-04-14,Maluku Utara,6,0,17,-11,4366,3862,120,384
2021-04-15,Maluku Utara,3,0,48,-45,4369,3910,120,339
2021-04-16,Maluku Utara,2,0,0,2,4371,3910,120,341
2021-04-17,Maluku Utara,6,0,45,-39,4377,3955,120,302
2021-04-18,Maluku Utara,4,0,0,4,4381,3955,120,306
2021-04-19,Maluku Utara,1,0,45,-44,4382,4000,120,262
2021-04-20,Maluku Utara,5,0,14,-9,4387,4014,120,253
2021-04-21,Maluku Utara,11,0,59,-48,4398,4073,120,205
2021-04-22,Maluku Utara,1,0,13,-12,4399,4086,120,193
2021-04-23,Maluku Utara,3,0,6,-3,4402,4092,120,190
2021-04-24,Maluku Utara,6,0,1,5,4408,4093,120,195
2021-04-25,Maluku Utara,5,0,0,5,4413,4093,120,200
2021-04-26,Maluku Utara,0,0,20,-20,4413,4113,120,180
2021-04-27,Maluku Utara,1,0,4,-3,4414,4117,120,177
2021-04-28,Maluku Utara,1,0,26,-25,4415,4143,120,152
2021-04-29,Maluku Utara,0,0,0,0,4415,4143,120,152
2021-04-30,Maluku Utara,2,0,4,-2,4417,4147,120,150
2021-05-01,Maluku Utara,0,0,0,0,4417,4147,120,150
2021-05-02,Maluku Utara,0,0,0,0,4417,4147,120,150
2021-05-03,Maluku Utara,3,0,33,-30,4420,4180,120,120
2021-05-04,Maluku Utara,1,0,6,-5,4421,4186,120,115
2021-05-05,Maluku Utara,7,0,21,-14,4428,4207,120,101
2021-05-06,Maluku Utara,2,0,12,-10,4430,4219,120,91
2021-05-07,Maluku Utara,3,0,0,3,4433,4219,120,94
2021-05-08,Maluku Utara,0,0,0,0,4433,4219,120,94
2021-05-09,Maluku Utara,1,0,0,1,4434,4219,120,95
2021-05-10,Maluku Utara,0,0,2,-2,4434,4221,120,93
2021-05-11,Maluku Utara,2,0,0,2,4436,4221,120,95
2021-05-12,Maluku Utara,0,0,0,0,4436,4221,120,95
2021-05-13,Maluku Utara,5,0,0,5,4441,4221,120,100
2021-05-14,Maluku Utara,0,0,0,0,4441,4221,120,100
2021-05-15,Maluku Utara,7,0,0,7,4448,4221,120,107
2021-05-16,Maluku Utara,1,0,3,-2,4449,4224,120,105
2021-05-17,Maluku Utara,0,0,8,-8,4449,4232,120,97
2021-05-18,Maluku Utara,4,0,0,4,4453,4232,120,101
2021-05-19,Maluku Utara,2,0,0,2,4455,4232,120,103
2021-05-20,Maluku Utara,8,0,0,8,4463,4232,120,111
2021-05-21,Maluku Utara,2,0,0,2,4465,4232,120,113
2021-05-22,Maluku Utara,7,0,0,7,4472,4232,120,120
2021-05-23,Maluku Utara,9,0,0,9,4481,4232,120,129
2021-05-24,Maluku Utara,4,0,20,-16,4485,4252,120,113
2021-05-25,Maluku Utara,4,0,0,4,4489,4252,120,117
2021-05-26,Maluku Utara,2,0,0,2,4491,4252,120,119
2021-05-27,Maluku Utara,0,0,0,0,4491,4252,120,119
2021-05-28,Maluku Utara,3,0,0,3,4494,4252,120,122
2021-05-29,Maluku Utara,2,1,0,1,4496,4252,121,123
2021-05-30,Maluku Utara,16,0,19,-3,4512,4271,121,120
2021-05-31,Maluku Utara,6,0,1,5,4518,4272,121,125
2021-06-01,Maluku Utara,1,0,0,1,4519,4272,121,126
2021-06-02,Maluku Utara,3,0,15,-12,4522,4287,121,114
2021-06-03,Maluku Utara,4,0,5,-1,4526,4292,121,113
2021-06-04,Maluku Utara,4,0,0,4,4530,4292,121,117
2021-06-05,Maluku Utara,8,0,0,8,4538,4292,121,125
2021-06-06,Maluku Utara,10,0,0,10,4548,4292,121,135
2021-06-07,Maluku Utara,7,0,4,3,4555,4296,121,138
2021-06-08,Maluku Utara,13,0,20,-7,4568,4316,121,131
2021-06-09,Maluku Utara,8,0,9,-1,4576,4325,121,130
2021-06-10,Maluku Utara,8,0,0,8,4584,4325,121,138
2021-06-11,Maluku Utara,6,0,0,6,4590,4325,121,144
2021-06-12,Maluku Utara,10,0,22,-12,4600,4347,121,132
2021-06-13,Maluku Utara,13,0,0,13,4613,4347,121,145
2021-06-14,Maluku Utara,8,0,30,-22,4621,4377,121,123
2021-06-15,Maluku Utara,26,0,32,-6,4647,4409,121,117
2021-06-16,Maluku Utara,8,0,11,-3,4655,4420,121,114
2021-06-17,Maluku Utara,7,0,2,5,4662,4422,121,119
2021-06-18,Maluku Utara,28,2,36,-10,4690,4458,123,109
2021-06-19,Maluku Utara,16,0,7,9,4706,4465,123,118
2021-06-20,Maluku Utara,1,0,0,1,4707,4465,123,119
2021-06-21,Maluku Utara,6,0,10,-4,4713,4475,123,115
2021-06-22,Maluku Utara,36,0,3,33,4749,4478,123,148
2021-06-23,Maluku Utara,21,1,1,19,4770,4479,124,167
2021-06-24,Maluku Utara,121,1,0,120,4891,4479,125,287
2021-06-25,Maluku Utara,86,0,5,81,4977,4484,125,368
2021-06-26,Maluku Utara,58,1,0,57,5035,4484,126,425
2021-06-27,Maluku Utara,28,2,4,22,5063,4488,128,447
2021-06-28,Maluku Utara,24,0,0,24,5087,4488,128,471
2021-06-29,Maluku Utara,36,0,2,34,5123,4490,128,505
2021-06-30,Maluku Utara,100,0,11,89,5223,4501,128,594
2021-07-01,Maluku Utara,132,1,4,127,5355,4505,129,721
2021-07-02,Maluku Utara,201,1,5,195,5556,4510,130,916
2021-07-03,Maluku Utara,125,0,0,125,5681,4510,130,1041
2021-07-04,Maluku Utara,146,4,23,119,5827,4533,134,1160
2021-07-05,Maluku Utara,68,0,1,67,5895,4534,134,1227
2021-07-06,Maluku Utara,117,4,40,73,6012,4574,138,1300
2021-07-07,Maluku Utara,218,1,24,193,6230,4598,139,1493
2021-07-08,Maluku Utara,125,2,19,104,6355,4617,141,1597
2021-07-09,Maluku Utara,171,1,33,137,6526,4650,142,1734
2021-07-10,Maluku Utara,234,6,17,211,6760,4667,148,1945
2021-07-11,Maluku Utara,184,3,19,162,6944,4686,151,2107
2021-07-12,Maluku Utara,131,8,61,62,7075,4747,159,2169
2021-07-13,Maluku Utara,173,1,108,64,7248,4855,160,2233
2021-07-14,Maluku Utara,161,5,56,100,7409,4911,165,2333
2021-07-15,Maluku Utara,199,5,72,122,7608,4983,170,2455
2021-07-16,Maluku Utara,152,0,75,77,7760,5058,170,2532
2021-07-17,Maluku Utara,360,3,122,235,8120,5180,173,2767
2021-07-18,Maluku Utara,84,6,90,-12,8204,5270,179,2755
2021-07-19,Maluku Utara,92,5,76,11,8296,5346,184,2766
2021-07-20,Maluku Utara,85,1,73,11,8381,5419,185,2777
2021-07-21,Maluku Utara,173,5,114,54,8554,5533,190,2831
2021-07-22,Maluku Utara,155,0,67,88,8709,5600,190,2919
2021-07-23,Maluku Utara,181,7,330,-156,8890,5930,197,2763
2021-07-24,Maluku Utara,82,0,66,16,8972,5996,197,2779
2021-07-25,Maluku Utara,268,11,80,177,9240,6076,208,2956
2021-07-26,Maluku Utara,179,7,141,31,9419,6217,215,2987
2021-07-27,Maluku Utara,136,4,151,-19,9555,6368,219,2968
2021-07-28,Maluku Utara,195,2,138,55,9750,6506,221,3023
2021-07-29,Maluku Utara,110,10,370,-270,9860,6876,231,2753
2021-07-30,Maluku Utara,156,3,261,-108,10016,7137,234,2645
2021-07-31,Maluku Utara,22,4,172,-154,10038,7309,238,2491
2021-08-01,Maluku Utara,22,2,32,-12,10060,7341,240,2479
2020-03-27,Papua Barat,2,0,0,2,2,0,0,2
2020-03-28,Papua Barat,0,0,0,0,2,0,0,2
2020-03-29,Papua Barat,0,0,0,0,2,0,0,2
2020-03-30,Papua Barat,0,0,0,0,2,0,0,2
2020-03-31,Papua Barat,0,0,0,0,2,0,0,2
2020-04-01,Papua Barat,0,0,0,0,2,0,0,2
2020-04-02,Papua Barat,0,0,0,0,2,0,0,2
2020-04-03,Papua Barat,0,0,0,0,2,0,0,2
2020-04-04,Papua Barat,0,0,0,0,2,0,0,2
2020-04-05,Papua Barat,0,0,0,0,2,0,0,2
2020-04-06,Papua Barat,0,0,0,0,2,0,0,2
2020-04-07,Papua Barat,0,0,0,0,2,0,0,2
2020-04-08,Papua Barat,0,0,0,0,2,0,0,2
2020-04-09,Papua Barat,0,0,0,0,2,0,0,2
2020-04-10,Papua Barat,0,0,0,0,2,0,0,2
2020-04-11,Papua Barat,0,0,0,0,2,0,0,2
2020-04-12,Papua Barat,0,0,0,0,2,0,0,2
2020-04-13,Papua Barat,0,0,0,0,2,0,0,2
2020-04-14,Papua Barat,0,0,0,0,2,0,0,2
2020-04-15,Papua Barat,0,0,0,0,2,0,0,2
2020-04-16,Papua Barat,3,0,0,3,5,0,0,5
2020-04-17,Papua Barat,0,0,0,0,5,0,0,5
2020-04-18,Papua Barat,0,0,0,0,5,0,0,5
2020-04-19,Papua Barat,2,0,0,2,7,0,0,7
2020-04-20,Papua Barat,0,0,0,0,7,0,0,7
2020-04-21,Papua Barat,0,0,0,0,7,0,0,7
2020-04-22,Papua Barat,1,0,0,1,8,0,0,8
2020-04-23,Papua Barat,5,0,0,5,13,0,0,13
2020-04-24,Papua Barat,2,0,0,2,15,0,0,15
2020-04-25,Papua Barat,1,0,0,1,16,0,0,16
2020-04-26,Papua Barat,0,0,0,0,16,0,0,16
2020-04-27,Papua Barat,0,0,0,0,16,0,0,16
2020-04-28,Papua Barat,21,0,0,21,37,0,0,37
2020-04-29,Papua Barat,0,0,0,0,37,0,0,37
2020-04-30,Papua Barat,0,0,0,0,37,0,0,37
2020-05-01,Papua Barat,5,0,0,5,42,0,0,42
2020-05-02,Papua Barat,1,0,0,1,43,0,0,43
2020-05-03,Papua Barat,0,0,0,0,43,0,0,43
2020-05-04,Papua Barat,0,0,0,0,43,0,0,43
2020-05-05,Papua Barat,6,0,0,6,49,0,0,49
2020-05-06,Papua Barat,4,0,0,4,53,0,0,53
2020-05-07,Papua Barat,0,0,0,0,53,0,0,53
2020-05-08,Papua Barat,0,0,0,0,53,0,0,53
2020-05-09,Papua Barat,0,0,0,0,53,0,0,53
2020-05-10,Papua Barat,17,0,2,15,70,2,0,68
2020-05-11,Papua Barat,0,0,0,0,70,2,0,68
2020-05-12,Papua Barat,0,0,0,0,70,2,0,68
2020-05-13,Papua Barat,0,0,0,0,70,2,0,68
2020-05-14,Papua Barat,18,0,0,18,88,2,0,86
2020-05-15,Papua Barat,0,0,0,0,88,2,0,86
2020-05-16,Papua Barat,14,0,3,11,102,5,0,97
2020-05-17,Papua Barat,3,0,0,3,105,5,0,100
2020-05-18,Papua Barat,0,0,0,0,105,5,0,100
2020-05-19,Papua Barat,0,0,0,0,105,5,0,100
2020-05-20,Papua Barat,1,0,1,0,106,6,0,100
2020-05-21,Papua Barat,3,0,1,2,109,7,0,102
2020-05-22,Papua Barat,10,0,4,6,119,11,0,108
2020-05-23,Papua Barat,10,1,8,1,129,19,1,109
2020-05-24,Papua Barat,1,0,0,1,130,19,1,110
2020-05-25,Papua Barat,0,0,3,-3,130,22,1,107
2020-05-26,Papua Barat,2,0,13,-11,132,35,1,96
2020-05-27,Papua Barat,0,0,1,-1,132,36,1,95
2020-05-28,Papua Barat,20,0,2,18,152,38,1,113
2020-05-29,Papua Barat,6,0,4,2,158,42,1,115
2020-05-30,Papua Barat,4,0,7,-3,162,49,1,112
2020-05-31,Papua Barat,6,0,6,0,168,55,1,112
2020-06-01,Papua Barat,0,0,0,0,168,55,1,112
2020-06-02,Papua Barat,4,0,0,4,172,55,1,116
2020-06-03,Papua Barat,0,0,0,0,172,55,1,116
2020-06-04,Papua Barat,1,0,2,-1,173,57,1,115
2020-06-05,Papua Barat,2,0,17,-15,175,74,1,100
2020-06-06,Papua Barat,3,0,0,3,178,74,1,103
2020-06-07,Papua Barat,1,0,0,1,179,74,1,104
2020-06-08,Papua Barat,0,0,0,0,179,74,1,104
2020-06-09,Papua Barat,4,0,1,3,183,75,1,107
2020-06-10,Papua Barat,8,0,9,-1,191,84,1,106
2020-06-11,Papua Barat,4,0,1,3,195,85,1,109
2020-06-12,Papua Barat,5,0,1,4,200,86,1,113
2020-06-13,Papua Barat,5,1,0,4,205,86,2,117
2020-06-14,Papua Barat,3,0,1,2,208,87,2,119
2020-06-15,Papua Barat,1,0,0,1,209,87,2,120
2020-06-16,Papua Barat,3,0,7,-4,212,94,2,116
2020-06-17,Papua Barat,2,0,2,0,214,96,2,116
2020-06-18,Papua Barat,5,0,22,-17,219,118,2,99
2020-06-19,Papua Barat,3,0,8,-5,222,126,2,94
2020-06-20,Papua Barat,0,0,2,-2,222,128,2,92
2020-06-21,Papua Barat,2,0,0,2,224,128,2,94
2020-06-22,Papua Barat,0,0,0,0,224,128,2,94
2020-06-23,Papua Barat,0,0,1,-1,224,129,2,93
2020-06-24,Papua Barat,1,0,16,-15,225,145,2,78
2020-06-25,Papua Barat,8,0,4,4,233,149,2,82
2020-06-26,Papua Barat,0,0,1,-1,233,150,2,81
2020-06-27,Papua Barat,1,0,2,-1,234,152,2,80
2020-06-28,Papua Barat,2,0,0,2,236,152,2,82
2020-06-29,Papua Barat,1,1,1,-1,237,153,3,81
2020-06-30,Papua Barat,2,0,0,2,239,153,3,83
2020-07-01,Papua Barat,3,0,12,-9,242,165,3,74
2020-07-02,Papua Barat,2,0,5,-3,244,170,3,71
2020-07-03,Papua Barat,5,0,0,5,249,170,3,76
2020-07-04,Papua Barat,4,0,1,3,253,171,3,79
2020-07-05,Papua Barat,2,0,6,-4,255,177,3,75
2020-07-06,Papua Barat,10,0,7,3,265,184,3,78
2020-07-07,Papua Barat,1,0,1,0,266,185,3,78
2020-07-08,Papua Barat,0,0,1,-1,266,186,3,77
2020-07-09,Papua Barat,6,0,0,6,272,186,3,83
2020-07-10,Papua Barat,4,0,1,3,276,187,3,86
2020-07-11,Papua Barat,6,0,1,5,282,188,3,91
2020-07-12,Papua Barat,4,0,5,-1,286,193,3,90
2020-07-13,Papua Barat,0,0,3,-3,286,196,3,87
2020-07-14,Papua Barat,6,0,2,4,292,198,3,91
2020-07-15,Papua Barat,0,0,4,-4,292,202,3,87
2020-07-16,Papua Barat,4,0,0,4,296,202,3,91
2020-07-17,Papua Barat,5,0,1,4,301,203,3,95
2020-07-18,Papua Barat,38,1,2,35,339,205,4,130
2020-07-19,Papua Barat,2,0,4,-2,341,209,4,128
2020-07-20,Papua Barat,27,0,3,24,368,212,4,152
2020-07-21,Papua Barat,3,0,1,2,371,213,4,154
2020-07-22,Papua Barat,5,0,3,2,376,216,4,156
2020-07-23,Papua Barat,10,0,14,-4,386,230,4,152
2020-07-24,Papua Barat,1,0,2,-1,387,232,4,151
2020-07-25,Papua Barat,1,0,0,1,388,232,4,152
2020-07-26,Papua Barat,4,0,0,4,392,232,4,156
2020-07-27,Papua Barat,4,0,2,2,396,234,4,158
2020-07-28,Papua Barat,1,0,29,-28,397,263,4,130
2020-07-29,Papua Barat,16,0,2,14,413,265,4,144
2020-07-30,Papua Barat,17,1,27,-11,430,292,5,133
2020-07-31,Papua Barat,3,0,0,3,433,292,5,136
2020-08-01,Papua Barat,18,0,0,18,451,292,5,154
2020-08-02,Papua Barat,9,0,3,6,460,295,5,160
2020-08-03,Papua Barat,0,0,0,0,460,295,5,160
2020-08-04,Papua Barat,11,0,9,2,471,304,5,162
2020-08-05,Papua Barat,10,0,2,8,481,306,5,170
2020-08-06,Papua Barat,11,0,39,-28,492,345,5,142
2020-08-07,Papua Barat,44,0,5,39,536,350,5,181
2020-08-08,Papua Barat,15,0,12,3,551,362,5,184
2020-08-09,Papua Barat,1,0,0,1,552,362,5,185
2020-08-10,Papua Barat,5,0,23,-18,557,385,5,167
2020-08-11,Papua Barat,1,0,6,-5,558,391,5,162
2020-08-12,Papua Barat,13,1,8,4,571,399,6,166
2020-08-13,Papua Barat,24,0,19,5,595,418,6,171
2020-08-14,Papua Barat,0,0,19,-19,595,437,6,152
2020-08-15,Papua Barat,6,0,2,4,601,439,6,156
2020-08-16,Papua Barat,4,0,11,-7,605,450,6,149
2020-08-17,Papua Barat,2,0,1,1,607,451,6,150
2020-08-18,Papua Barat,13,0,34,-21,620,485,6,129
2020-08-19,Papua Barat,14,0,25,-11,634,510,6,118
2020-08-20,Papua Barat,6,0,1,5,640,511,6,123
2020-08-21,Papua Barat,3,0,1,2,643,512,6,125
2020-08-22,Papua Barat,4,0,6,-2,647,518,6,123
2020-08-23,Papua Barat,2,1,0,1,649,518,7,124
2020-08-24,Papua Barat,10,1,6,3,659,524,8,127
2020-08-25,Papua Barat,0,0,0,0,659,524,8,127
2020-08-26,Papua Barat,52,2,22,28,711,546,10,155
2020-08-27,Papua Barat,9,1,9,-1,720,555,11,154
2020-08-28,Papua Barat,6,0,7,-1,726,562,11,153
2020-08-29,Papua Barat,20,1,0,19,746,562,12,172
2020-08-30,Papua Barat,6,0,1,5,752,563,12,177
2020-08-31,Papua Barat,55,0,6,49,807,569,12,226
2020-09-01,Papua Barat,24,2,23,-1,831,592,14,225
2020-09-02,Papua Barat,5,0,6,-1,836,598,14,224
2020-09-03,Papua Barat,25,0,1,24,861,599,14,248
2020-09-04,Papua Barat,27,0,5,22,888,604,14,270
2020-09-05,Papua Barat,7,0,16,-9,895,620,14,261
2020-09-06,Papua Barat,13,2,2,9,908,622,16,270
2020-09-07,Papua Barat,32,0,8,24,940,630,16,294
2020-09-08,Papua Barat,1,0,3,-2,941,633,16,292
2020-09-09,Papua Barat,18,0,12,6,959,645,16,298
2020-09-10,Papua Barat,11,0,4,7,970,649,16,305
2020-09-11,Papua Barat,49,2,17,30,1019,666,18,335
2020-09-12,Papua Barat,67,1,5,61,1086,671,19,396
2020-09-13,Papua Barat,0,0,0,0,1086,671,19,396
2020-09-14,Papua Barat,99,4,19,76,1185,690,23,472
2020-09-15,Papua Barat,51,0,12,39,1236,702,23,511
2020-09-16,Papua Barat,42,0,22,20,1278,724,23,531
2020-09-17,Papua Barat,55,1,7,47,1333,731,24,578
2020-09-18,Papua Barat,54,1,122,-69,1387,853,25,509
2020-09-19,Papua Barat,48,0,0,48,1435,853,25,557
2020-09-20,Papua Barat,60,0,50,10,1495,903,25,567
2020-09-21,Papua Barat,21,0,13,8,1516,916,25,575
2020-09-22,Papua Barat,70,0,3,67,1586,919,25,642
2020-09-23,Papua Barat,87,0,19,68,1673,938,25,710
2020-09-24,Papua Barat,0,0,0,0,1673,938,25,710
2020-09-25,Papua Barat,146,3,101,42,1819,1039,28,752
2020-09-26,Papua Barat,131,0,17,114,1950,1056,28,866
2020-09-27,Papua Barat,39,0,17,22,1989,1073,28,888
2020-09-28,Papua Barat,64,2,39,23,2053,1112,30,911
2020-09-29,Papua Barat,34,3,15,16,2087,1127,33,927
2020-09-30,Papua Barat,47,1,27,19,2134,1154,34,946
2020-10-01,Papua Barat,31,0,11,20,2165,1165,34,966
2020-10-02,Papua Barat,47,0,0,47,2212,1165,34,1013
2020-10-03,Papua Barat,46,1,3,42,2258,1168,35,1055
2020-10-04,Papua Barat,87,0,91,-4,2345,1259,35,1051
2020-10-05,Papua Barat,16,0,20,-4,2361,1279,35,1047
2020-10-06,Papua Barat,114,0,67,47,2475,1346,35,1094
2020-10-07,Papua Barat,68,3,41,24,2543,1387,38,1118
2020-10-08,Papua Barat,210,0,7,203,2753,1394,38,1321
2020-10-09,Papua Barat,101,0,87,14,2854,1481,38,1335
2020-10-10,Papua Barat,38,1,19,18,2892,1500,39,1353
2020-10-11,Papua Barat,125,0,61,64,3017,1561,39,1417
2020-10-12,Papua Barat,21,1,35,-15,3038,1596,40,1402
2020-10-13,Papua Barat,43,1,733,-691,3081,2329,41,711
2020-10-14,Papua Barat,0,0,0,0,3081,2329,41,711
2020-10-15,Papua Barat,154,3,64,87,3235,2393,44,798
2020-10-16,Papua Barat,118,0,51,67,3353,2444,44,865
2020-10-17,Papua Barat,112,1,59,52,3465,2503,45,917
2020-10-18,Papua Barat,161,1,32,128,3626,2535,46,1045
2020-10-19,Papua Barat,10,2,7,1,3636,2542,48,1046
2020-10-20,Papua Barat,17,2,103,-88,3653,2645,50,958
2020-10-21,Papua Barat,35,6,46,-17,3688,2691,56,941
2020-10-22,Papua Barat,73,0,16,57,3761,2707,56,998
2020-10-23,Papua Barat,97,2,38,57,3858,2745,58,1055
2020-10-24,Papua Barat,21,2,90,-71,3879,2835,60,984
2020-10-25,Papua Barat,6,0,240,-234,3885,3075,60,750
2020-10-26,Papua Barat,6,2,18,-14,3891,3093,62,736
2020-10-27,Papua Barat,83,0,268,-185,3974,3361,62,551
2020-10-28,Papua Barat,106,2,118,-14,4080,3479,64,537
2020-10-29,Papua Barat,8,0,16,-8,4088,3495,64,529
2020-10-30,Papua Barat,48,0,0,48,4136,3495,64,577
2020-10-31,Papua Barat,13,0,108,-95,4149,3603,64,482
2020-11-01,Papua Barat,40,1,55,-16,4189,3658,65,466
2020-11-02,Papua Barat,0,0,0,0,4189,3658,65,466
2020-11-03,Papua Barat,91,0,26,65,4280,3684,65,531
2020-11-04,Papua Barat,18,2,11,5,4298,3695,67,536
2020-11-05,Papua Barat,31,1,9,21,4329,3704,68,557
2020-11-06,Papua Barat,66,0,9,57,4395,3713,68,614
2020-11-07,Papua Barat,54,0,12,42,4449,3725,68,656
2020-11-08,Papua Barat,52,0,150,-98,4501,3875,68,558
2020-11-09,Papua Barat,8,2,7,-1,4509,3882,70,557
2020-11-10,Papua Barat,23,0,2,21,4532,3884,70,578
2020-11-11,Papua Barat,72,0,36,36,4604,3920,70,614
2020-11-12,Papua Barat,11,0,19,-8,4615,3939,70,606
2020-11-13,Papua Barat,25,0,13,12,4640,3952,70,618
2020-11-14,Papua Barat,31,0,20,11,4671,3972,70,629
2020-11-15,Papua Barat,0,0,114,-114,4671,4086,70,515
2020-11-16,Papua Barat,0,1,15,-16,4671,4101,71,499
2020-11-17,Papua Barat,1,0,15,-14,4672,4116,71,485
2020-11-18,Papua Barat,75,0,91,-16,4747,4207,71,469
2020-11-19,Papua Barat,36,4,53,-21,4783,4260,75,448
2020-11-20,Papua Barat,69,0,3,66,4852,4263,75,514
2020-11-21,Papua Barat,71,3,36,32,4923,4299,78,546
2020-11-22,Papua Barat,46,1,53,-8,4969,4352,79,538
2020-11-23,Papua Barat,31,1,59,-29,5000,4411,80,509
2020-11-24,Papua Barat,76,1,27,48,5076,4438,81,557
2020-11-25,Papua Barat,79,0,24,55,5155,4462,81,612
2020-11-26,Papua Barat,49,0,38,11,5204,4500,81,623
2020-11-27,Papua Barat,14,0,16,-2,5218,4516,81,621
2020-11-28,Papua Barat,35,2,14,19,5253,4530,83,640
2020-11-29,Papua Barat,4,2,1,1,5257,4531,85,641
2020-11-30,Papua Barat,19,1,14,4,5276,4545,86,645
2020-12-01,Papua Barat,76,1,41,34,5352,4586,87,679
2020-12-02,Papua Barat,19,0,39,-20,5371,4625,87,659
2020-12-03,Papua Barat,6,0,42,-36,5377,4667,87,623
2020-12-04,Papua Barat,20,0,28,-8,5397,4695,87,615
2020-12-05,Papua Barat,19,0,30,-11,5416,4725,87,604
2020-12-06,Papua Barat,2,0,45,-43,5418,4770,87,561
2020-12-07,Papua Barat,7,1,3,3,5425,4773,88,564
2020-12-08,Papua Barat,9,3,38,-32,5434,4811,91,532
2020-12-09,Papua Barat,56,1,50,5,5490,4861,92,537
2020-12-10,Papua Barat,31,1,66,-36,5521,4927,93,501
2020-12-11,Papua Barat,11,0,45,-34,5532,4972,93,467
2020-12-12,Papua Barat,37,0,50,-13,5569,5022,93,454
2020-12-13,Papua Barat,41,0,20,21,5610,5042,93,475
2020-12-14,Papua Barat,6,1,35,-30,5616,5077,94,445
2020-12-15,Papua Barat,11,3,10,-2,5627,5087,97,443
2020-12-16,Papua Barat,14,0,29,-15,5641,5116,97,428
2020-12-17,Papua Barat,15,0,14,1,5656,5130,97,429
2020-12-18,Papua Barat,43,0,16,27,5699,5146,97,456
2020-12-19,Papua Barat,38,0,40,-2,5737,5186,97,454
2020-12-20,Papua Barat,11,0,28,-17,5748,5214,97,437
2020-12-21,Papua Barat,43,0,22,21,5791,5236,97,458
2020-12-22,Papua Barat,8,0,10,-2,5799,5246,97,456
2020-12-23,Papua Barat,31,1,12,18,5830,5258,98,474
2020-12-24,Papua Barat,32,0,15,17,5862,5273,98,491
2020-12-25,Papua Barat,42,0,7,35,5904,5280,98,526
2020-12-26,Papua Barat,15,0,62,-47,5919,5342,98,479
2020-12-27,Papua Barat,14,0,10,4,5933,5352,98,483
2020-12-28,Papua Barat,3,0,17,-14,5936,5369,98,469
2020-12-29,Papua Barat,5,0,19,-14,5941,5388,98,455
2020-12-30,Papua Barat,5,0,29,-24,5946,5417,98,431
2020-12-31,Papua Barat,33,0,32,1,5979,5449,98,432
2021-01-01,Papua Barat,16,1,4,11,5995,5453,99,443
2021-01-02,Papua Barat,17,1,33,-17,6012,5486,100,426
2021-01-03,Papua Barat,15,0,52,-37,6027,5538,100,389
2021-01-04,Papua Barat,11,0,37,-26,6038,5575,100,363
2021-01-05,Papua Barat,31,0,24,7,6069,5599,100,370
2021-01-06,Papua Barat,12,0,17,-5,6081,5616,100,365
2021-01-07,Papua Barat,32,0,6,26,6113,5622,100,391
2021-01-08,Papua Barat,25,1,37,-13,6138,5659,101,378
2021-01-09,Papua Barat,23,1,4,18,6161,5663,102,396
2021-01-10,Papua Barat,27,0,0,27,6188,5663,102,423
2021-01-11,Papua Barat,26,0,20,6,6214,5683,102,429
2021-01-12,Papua Barat,32,1,13,18,6246,5696,103,447
2021-01-13,Papua Barat,24,1,14,9,6270,5710,104,456
2021-01-14,Papua Barat,14,0,5,9,6284,5715,104,465
2021-01-15,Papua Barat,20,0,12,8,6304,5727,104,473
2021-01-16,Papua Barat,57,0,7,50,6361,5734,104,523
2021-01-17,Papua Barat,12,0,23,-11,6373,5757,104,512
2021-01-18,Papua Barat,21,1,11,9,6394,5768,105,521
2021-01-19,Papua Barat,12,0,10,2,6406,5778,105,523
2021-01-20,Papua Barat,8,0,6,2,6414,5784,105,525
2021-01-21,Papua Barat,48,1,32,15,6462,5816,106,540
2021-01-22,Papua Barat,24,0,13,11,6486,5829,106,551
2021-01-23,Papua Barat,22,0,26,-4,6508,5855,106,547
2021-01-24,Papua Barat,25,0,10,15,6533,5865,106,562
2021-01-25,Papua Barat,31,0,22,9,6564,5887,106,571
2021-01-26,Papua Barat,20,0,29,-9,6584,5916,106,562
2021-01-27,Papua Barat,32,1,19,12,6616,5935,107,574
2021-01-28,Papua Barat,22,0,14,8,6638,5949,107,582
2021-01-29,Papua Barat,32,1,27,4,6670,5976,108,586
2021-01-30,Papua Barat,36,0,23,13,6706,5999,108,599
2021-01-31,Papua Barat,21,2,31,-12,6727,6030,110,587
2021-02-01,Papua Barat,4,0,32,-28,6731,6062,110,559
2021-02-02,Papua Barat,25,0,29,-4,6756,6091,110,555
2021-02-03,Papua Barat,36,0,37,-1,6792,6128,110,554
2021-02-04,Papua Barat,5,0,39,-34,6797,6167,110,520
2021-02-05,Papua Barat,13,0,22,-9,6810,6189,110,511
2021-02-06,Papua Barat,14,0,20,-6,6824,6209,110,505
2021-02-07,Papua Barat,13,0,11,2,6837,6220,110,507
2021-02-08,Papua Barat,30,0,33,-3,6867,6253,110,504
2021-02-09,Papua Barat,28,0,32,-4,6895,6285,110,500
2021-02-10,Papua Barat,23,0,25,-2,6918,6310,110,498
2021-02-11,Papua Barat,16,1,16,-1,6934,6326,111,497
2021-02-12,Papua Barat,35,0,23,12,6969,6349,111,509
2021-02-13,Papua Barat,8,0,36,-28,6977,6385,111,481
2021-02-14,Papua Barat,24,7,15,2,7001,6400,118,483
2021-02-15,Papua Barat,27,0,7,20,7028,6407,118,503
2021-02-16,Papua Barat,8,0,0,8,7036,6407,118,511
2021-02-17,Papua Barat,48,0,7,41,7084,6414,118,552
2021-02-18,Papua Barat,25,1,29,-5,7109,6443,119,547
2021-02-19,Papua Barat,14,0,8,6,7123,6451,119,553
2021-02-20,Papua Barat,28,2,130,-104,7151,6581,121,449
2021-02-21,Papua Barat,21,0,20,1,7172,6601,121,450
2021-02-22,Papua Barat,31,0,25,6,7203,6626,121,456
2021-02-23,Papua Barat,32,2,19,11,7235,6645,123,467
2021-02-24,Papua Barat,52,0,34,18,7287,6679,123,485
2021-02-25,Papua Barat,33,1,32,0,7320,6711,124,485
2021-02-26,Papua Barat,37,0,43,-6,7357,6754,124,479
2021-02-27,Papua Barat,33,0,29,4,7390,6783,124,483
2021-02-28,Papua Barat,33,1,28,4,7423,6811,125,487
2021-03-01,Papua Barat,18,0,11,7,7441,6822,125,494
2021-03-02,Papua Barat,29,0,28,1,7470,6850,125,495
2021-03-03,Papua Barat,47,0,29,18,7517,6879,125,513
2021-03-04,Papua Barat,27,0,37,-10,7544,6916,125,503
2021-03-05,Papua Barat,27,0,14,13,7571,6930,125,516
2021-03-06,Papua Barat,44,0,29,15,7615,6959,125,531
2021-03-07,Papua Barat,15,0,43,-28,7630,7002,125,503
2021-03-08,Papua Barat,12,1,14,-3,7642,7016,126,500
2021-03-09,Papua Barat,57,0,43,14,7699,7059,126,514
2021-03-10,Papua Barat,30,0,17,13,7729,7076,126,527
2021-03-11,Papua Barat,37,0,18,19,7766,7094,126,546
2021-03-12,Papua Barat,28,0,41,-13,7794,7135,126,533
2021-03-13,Papua Barat,45,0,20,25,7839,7155,126,558
2021-03-14,Papua Barat,37,0,27,10,7876,7182,126,568
2021-03-15,Papua Barat,8,0,29,-21,7884,7211,126,547
2021-03-16,Papua Barat,27,1,23,3,7911,7234,127,550
2021-03-17,Papua Barat,43,1,22,20,7954,7256,128,570
2021-03-18,Papua Barat,37,1,40,-4,7991,7296,129,566
2021-03-19,Papua Barat,25,0,29,-4,8016,7325,129,562
2021-03-20,Papua Barat,42,1,41,0,8058,7366,130,562
2021-03-21,Papua Barat,37,0,38,-1,8095,7404,130,561
2021-03-22,Papua Barat,15,0,41,-26,8110,7445,130,535
2021-03-23,Papua Barat,24,0,24,0,8134,7469,130,535
2021-03-24,Papua Barat,15,1,30,-16,8149,7499,131,519
2021-03-25,Papua Barat,22,0,49,-27,8171,7548,131,492
2021-03-26,Papua Barat,18,0,55,-37,8189,7603,131,455
2021-03-27,Papua Barat,44,0,36,8,8233,7639,131,463
2021-03-28,Papua Barat,31,0,40,-9,8264,7679,131,454
2021-03-29,Papua Barat,11,0,7,4,8275,7686,131,458
2021-03-30,Papua Barat,15,0,19,-4,8290,7705,131,454
2021-03-31,Papua Barat,19,1,24,-6,8309,7729,132,448
2021-04-01,Papua Barat,23,0,28,-5,8332,7757,132,443
2021-04-02,Papua Barat,30,0,26,4,8362,7783,132,447
2021-04-03,Papua Barat,15,0,39,-24,8377,7822,132,423
2021-04-04,Papua Barat,18,1,13,4,8395,7835,133,427
2021-04-05,Papua Barat,11,0,33,-22,8406,7868,133,405
2021-04-06,Papua Barat,20,2,15,3,8426,7883,135,408
2021-04-07,Papua Barat,26,3,26,-3,8452,7909,138,405
2021-04-08,Papua Barat,31,1,40,-10,8483,7949,139,395
2021-04-09,Papua Barat,27,0,28,-1,8510,7977,139,394
2021-04-10,Papua Barat,15,0,24,-9,8525,8001,139,385
2021-04-11,Papua Barat,10,0,9,1,8535,8010,139,386
2021-04-12,Papua Barat,8,0,10,-2,8543,8020,139,384
2021-04-13,Papua Barat,61,1,22,38,8604,8042,140,422
2021-04-14,Papua Barat,30,0,24,6,8634,8066,140,428
2021-04-15,Papua Barat,14,0,11,3,8648,8077,140,431
2021-04-16,Papua Barat,28,0,31,-3,8676,8108,140,428
2021-04-17,Papua Barat,27,0,50,-23,8703,8158,140,405
2021-04-18,Papua Barat,17,1,37,-21,8720,8195,141,384
2021-04-19,Papua Barat,8,1,19,-12,8728,8214,142,372
2021-04-20,Papua Barat,13,0,26,-13,8741,8240,142,359
2021-04-21,Papua Barat,12,0,10,2,8753,8250,142,361
2021-04-22,Papua Barat,30,0,36,-6,8783,8286,142,355
2021-04-23,Papua Barat,24,0,18,6,8807,8304,142,361
2021-04-24,Papua Barat,20,0,24,-4,8827,8328,142,357
2021-04-25,Papua Barat,3,2,18,-17,8830,8346,144,340
2021-04-26,Papua Barat,11,0,15,-4,8841,8361,144,336
2021-04-27,Papua Barat,38,1,22,15,8879,8383,145,351
2021-04-28,Papua Barat,33,3,21,9,8912,8404,148,360
2021-04-29,Papua Barat,21,0,73,-52,8933,8477,148,308
2021-04-30,Papua Barat,9,2,37,-30,8942,8514,150,278
2021-05-01,Papua Barat,32,0,32,0,8974,8546,150,278
2021-05-02,Papua Barat,12,0,9,3,8986,8555,150,281
2021-05-03,Papua Barat,1,2,27,-28,8987,8582,152,253
2021-05-04,Papua Barat,21,0,6,15,9008,8588,152,268
2021-05-05,Papua Barat,23,0,38,-15,9031,8626,152,253
2021-05-06,Papua Barat,10,0,13,-3,9041,8639,152,250
2021-05-07,Papua Barat,30,0,34,-4,9071,8673,152,246
2021-05-08,Papua Barat,10,0,18,-8,9081,8691,152,238
2021-05-09,Papua Barat,8,0,21,-13,9089,8712,152,225
2021-05-10,Papua Barat,6,0,14,-8,9095,8726,152,217
2021-05-11,Papua Barat,21,0,21,0,9116,8747,152,217
2021-05-12,Papua Barat,23,0,6,17,9139,8753,152,234
2021-05-13,Papua Barat,2,0,28,-26,9141,8781,152,208
2021-05-14,Papua Barat,3,0,12,-9,9144,8793,152,199
2021-05-15,Papua Barat,5,0,14,-9,9149,8807,152,190
2021-05-16,Papua Barat,6,1,14,-9,9155,8821,153,181
2021-05-17,Papua Barat,1,1,18,-18,9156,8839,154,163
2021-05-18,Papua Barat,20,3,44,-27,9176,8883,157,136
2021-05-19,Papua Barat,6,1,13,-8,9182,8896,158,128
2021-05-20,Papua Barat,6,0,0,6,9188,8896,158,134
2021-05-21,Papua Barat,30,2,43,-15,9218,8939,160,119
2021-05-22,Papua Barat,5,1,12,-8,9223,8951,161,111
2021-05-23,Papua Barat,24,1,10,13,9247,8961,162,124
2021-05-24,Papua Barat,2,2,17,-17,9249,8978,164,107
2021-05-25,Papua Barat,2,0,12,-10,9251,8990,164,97
2021-05-26,Papua Barat,14,2,4,8,9265,8994,166,105
2021-05-27,Papua Barat,2,1,0,1,9267,8994,167,106
2021-05-28,Papua Barat,19,2,5,12,9286,8999,169,118
2021-05-29,Papua Barat,8,1,5,2,9294,9004,170,120
2021-05-30,Papua Barat,2,0,9,-7,9296,9013,170,113
2021-05-31,Papua Barat,20,0,3,17,9316,9016,170,130
2021-06-01,Papua Barat,9,0,1,8,9325,9017,170,138
2021-06-02,Papua Barat,5,2,16,-13,9330,9033,172,125
2021-06-03,Papua Barat,16,0,21,-5,9346,9054,172,120
2021-06-04,Papua Barat,11,0,13,-2,9357,9067,172,118
2021-06-05,Papua Barat,7,0,9,-2,9364,9076,172,116
2021-06-06,Papua Barat,33,0,22,11,9397,9098,172,127
2021-06-07,Papua Barat,1,0,11,-10,9398,9109,172,117
2021-06-08,Papua Barat,16,0,45,-29,9414,9154,172,88
2021-06-09,Papua Barat,6,0,4,2,9420,9158,172,90
2021-06-10,Papua Barat,2,1,20,-19,9422,9178,173,71
2021-06-11,Papua Barat,15,1,12,2,9437,9190,174,73
2021-06-12,Papua Barat,13,0,7,6,9450,9197,174,79
2021-06-13,Papua Barat,14,0,7,7,9464,9204,174,86
2021-06-14,Papua Barat,10,0,5,5,9474,9209,174,91
2021-06-15,Papua Barat,15,0,13,2,9489,9222,174,93
2021-06-16,Papua Barat,30,0,9,21,9519,9231,174,114
2021-06-17,Papua Barat,44,1,24,19,9563,9255,175,133
2021-06-18,Papua Barat,41,1,2,38,9604,9257,176,171
2021-06-19,Papua Barat,33,1,3,29,9637,9260,177,200
2021-06-20,Papua Barat,58,0,7,51,9695,9267,177,251
2021-06-21,Papua Barat,6,0,3,3,9701,9270,177,254
2021-06-22,Papua Barat,24,0,15,9,9725,9285,177,263
2021-06-23,Papua Barat,87,0,8,79,9812,9293,177,342
2021-06-24,Papua Barat,124,0,27,97,9936,9320,177,439
2021-06-25,Papua Barat,85,2,9,74,10021,9329,179,513
2021-06-26,Papua Barat,148,2,10,136,10169,9339,181,649
2021-06-27,Papua Barat,151,1,22,128,10320,9361,182,777
2021-06-28,Papua Barat,120,1,15,104,10440,9376,183,881
2021-06-29,Papua Barat,137,0,38,99,10577,9414,183,980
2021-06-30,Papua Barat,162,1,38,123,10739,9452,184,1103
2021-07-01,Papua Barat,151,2,22,127,10890,9474,186,1230
2021-07-02,Papua Barat,301,2,33,266,11191,9507,188,1496
2021-07-03,Papua Barat,206,0,4,202,11397,9511,188,1698
2021-07-04,Papua Barat,276,0,27,249,11673,9538,188,1947
2021-07-05,Papua Barat,339,0,43,296,12012,9581,188,2243
2021-07-06,Papua Barat,258,1,51,206,12270,9632,189,2449
2021-07-07,Papua Barat,287,1,48,238,12557,9680,190,2687
2021-07-08,Papua Barat,317,3,86,228,12874,9766,193,2915
2021-07-09,Papua Barat,213,4,54,155,13087,9820,197,3070
2021-07-10,Papua Barat,190,2,62,126,13277,9882,199,3196
2021-07-11,Papua Barat,199,0,86,113,13476,9968,199,3309
2021-07-12,Papua Barat,151,7,119,25,13627,10087,206,3334
2021-07-13,Papua Barat,270,8,95,167,13897,10182,214,3501
2021-07-14,Papua Barat,602,3,192,407,14499,10374,217,3908
2021-07-15,Papua Barat,350,3,359,-12,14849,10733,220,3896
2021-07-16,Papua Barat,605,7,274,324,15454,11007,227,4220
2021-07-17,Papua Barat,295,3,474,-182,15749,11481,230,4038
2021-07-18,Papua Barat,156,3,147,6,15905,11628,233,4044
2021-07-19,Papua Barat,70,3,136,-69,15975,11764,236,3975
2021-07-20,Papua Barat,325,2,226,97,16300,11990,238,4072
2021-07-21,Papua Barat,235,0,277,-42,16535,12267,238,4030
2021-07-22,Papua Barat,153,5,170,-22,16688,12437,243,4008
2021-07-23,Papua Barat,239,3,266,-30,16927,12703,246,3978
2021-07-24,Papua Barat,125,2,230,-107,17052,12933,248,3871
2021-07-25,Papua Barat,275,13,528,-266,17327,13461,261,3605
2021-07-26,Papua Barat,73,7,326,-260,17400,13787,268,3345
2021-07-27,Papua Barat,186,3,444,-261,17586,14231,271,3084
2021-07-28,Papua Barat,116,0,231,-115,17702,14462,271,2969
2021-07-29,Papua Barat,328,5,482,-159,18030,14944,276,2810
2021-07-30,Papua Barat,184,6,337,-159,18214,15281,282,2651
2021-07-31,Papua Barat,328,1,144,183,18542,15425,283,2834
2021-08-01,Papua Barat,243,2,93,148,18785,15518,285,2982
2020-03-22,Papua,2,0,0,2,2,0,0,2
2020-03-23,Papua,0,0,0,0,2,0,0,2
2020-03-24,Papua,0,0,0,0,2,0,0,2
2020-03-25,Papua,0,0,0,0,2,0,0,2
2020-03-26,Papua,4,0,0,4,6,0,0,6
2020-03-27,Papua,0,0,0,0,6,0,0,6
2020-03-28,Papua,0,0,0,0,6,0,0,6
2020-03-29,Papua,2,0,0,2,8,0,0,8
2020-03-30,Papua,0,0,0,0,8,0,0,8
2020-03-31,Papua,1,0,1,0,9,1,0,8
2020-04-01,Papua,0,0,1,-1,9,2,0,7
2020-04-02,Papua,0,0,1,-1,9,3,0,6
2020-04-03,Papua,6,1,0,5,15,3,1,11
2020-04-04,Papua,2,0,1,1,17,4,1,12
2020-04-05,Papua,8,0,0,8,25,4,1,20
2020-04-06,Papua,0,1,0,-1,25,4,2,19
2020-04-07,Papua,0,1,0,-1,25,4,3,18
2020-04-08,Papua,11,0,0,11,36,4,3,29
2020-04-09,Papua,0,0,0,0,36,4,3,29
2020-04-10,Papua,0,1,1,-2,36,5,4,27
2020-04-11,Papua,24,0,2,22,60,7,4,49
2020-04-12,Papua,1,0,2,-1,61,9,4,48
2020-04-13,Papua,6,0,0,6,67,9,4,54
2020-04-14,Papua,0,0,0,0,67,9,4,54
2020-04-15,Papua,7,0,0,7,74,9,4,61
2020-04-16,Papua,6,2,5,-1,80,14,6,60
2020-04-17,Papua,9,0,0,9,89,14,6,69
2020-04-18,Papua,6,0,0,6,95,14,6,75
2020-04-19,Papua,12,0,0,12,107,14,6,87
2020-04-20,Papua,0,0,14,-14,107,28,6,73
2020-04-21,Papua,11,0,4,7,118,32,6,80
2020-04-22,Papua,5,0,0,5,123,32,6,85
2020-04-23,Papua,7,0,0,7,130,32,6,92
2020-04-24,Papua,6,0,0,6,136,32,6,98
2020-04-25,Papua,0,0,0,0,136,32,6,98
2020-04-26,Papua,5,0,0,5,141,32,6,103
2020-04-27,Papua,10,0,0,10,151,32,6,113
2020-04-28,Papua,26,0,16,10,177,48,6,123
2020-04-29,Papua,12,0,0,12,189,48,6,135
2020-04-30,Papua,16,0,0,16,205,48,6,151
2020-05-01,Papua,5,0,1,4,210,49,6,155
2020-05-02,Papua,29,0,0,29,239,49,6,184
2020-05-03,Papua,0,0,0,0,239,49,6,184
2020-05-04,Papua,0,0,0,0,239,49,6,184
2020-05-05,Papua,6,0,0,6,245,49,6,190
2020-05-06,Papua,1,0,0,1,246,49,6,191
2020-05-07,Papua,4,0,0,4,250,49,6,195
2020-05-08,Papua,13,0,0,13,263,49,6,208
2020-05-09,Papua,12,0,0,12,275,49,6,220
2020-05-10,Papua,30,0,0,30,305,49,6,250
2020-05-11,Papua,0,0,0,0,305,49,6,250
2020-05-12,Papua,16,0,0,16,321,49,6,266
2020-05-13,Papua,5,0,0,5,326,49,6,271
2020-05-14,Papua,4,0,0,4,330,49,6,275
2020-05-15,Papua,3,0,0,3,333,49,6,278
2020-05-16,Papua,15,0,0,15,348,49,6,293
2020-05-17,Papua,33,0,0,33,381,49,6,326
2020-05-18,Papua,0,0,0,0,381,49,6,326
2020-05-19,Papua,6,0,0,6,387,49,6,332
2020-05-20,Papua,20,0,0,20,407,49,6,352
2020-05-21,Papua,1,0,0,1,408,49,6,353
2020-05-22,Papua,27,0,0,27,435,49,6,380
2020-05-23,Papua,56,0,0,56,491,49,6,436
2020-05-24,Papua,62,0,0,62,553,49,6,498
2020-05-25,Papua,9,0,20,-11,562,69,6,487
2020-05-26,Papua,0,0,0,0,562,69,6,487
2020-05-27,Papua,14,0,0,14,576,69,6,501
2020-05-28,Papua,4,0,0,4,580,69,6,505
2020-05-29,Papua,56,0,0,56,636,69,6,561
2020-05-30,Papua,18,0,0,18,654,69,6,579
2020-05-31,Papua,17,0,0,17,671,69,6,596
2020-06-01,Papua,41,0,0,41,712,69,6,637
2020-06-02,Papua,99,1,10,88,811,79,7,725
2020-06-03,Papua,46,0,0,46,857,79,7,771
2020-06-04,Papua,17,0,0,17,874,79,7,788
2020-06-05,Papua,42,0,0,42,916,79,7,830
2020-06-06,Papua,86,0,0,86,1002,79,7,916
2020-06-07,Papua,54,0,0,54,1056,79,7,970
2020-06-08,Papua,22,0,0,22,1078,79,7,992
2020-06-09,Papua,16,0,0,16,1094,79,7,1008
2020-06-10,Papua,28,0,0,28,1122,79,7,1036
2020-06-11,Papua,19,0,0,19,1141,79,7,1055
2020-06-12,Papua,31,0,0,31,1172,79,7,1086
2020-06-13,Papua,42,0,0,42,1214,79,7,1128
2020-06-14,Papua,12,0,50,-38,1226,129,7,1090
2020-06-15,Papua,0,0,63,-63,1226,192,7,1027
2020-06-16,Papua,29,0,103,-74,1255,295,7,953
2020-06-17,Papua,29,0,3,26,1284,298,7,979
2020-06-18,Papua,38,0,0,38,1322,298,7,1017
2020-06-19,Papua,18,0,0,18,1340,298,7,1035
2020-06-20,Papua,12,0,0,12,1352,298,7,1047
2020-06-21,Papua,49,0,0,49,1401,298,7,1096
2020-06-22,Papua,11,0,0,11,1412,298,7,1107
2020-06-23,Papua,49,0,0,49,1461,298,7,1156
2020-06-24,Papua,55,0,0,55,1516,298,7,1211
2020-06-25,Papua,56,0,0,56,1572,298,7,1267
2020-06-26,Papua,17,0,0,17,1589,298,7,1284
2020-06-27,Papua,35,0,0,35,1624,298,7,1319
2020-06-28,Papua,25,0,337,-312,1649,635,7,1007
2020-06-29,Papua,2,0,105,-103,1651,740,7,904
2020-06-30,Papua,62,8,119,-65,1713,859,15,839
2020-07-01,Papua,94,0,14,80,1807,873,15,919
2020-07-02,Papua,70,1,0,69,1877,873,16,988
2020-07-03,Papua,23,0,10,13,1900,883,16,1001
2020-07-04,Papua,38,0,0,38,1938,883,16,1039
2020-07-05,Papua,36,0,0,36,1974,883,16,1075
2020-07-06,Papua,7,2,48,-43,1981,931,18,1032
2020-07-07,Papua,30,1,35,-6,2011,966,19,1026
2020-07-08,Papua,18,1,23,-6,2029,989,20,1020
2020-07-09,Papua,28,0,57,-29,2057,1046,20,991
2020-07-10,Papua,85,0,16,69,2142,1062,20,1060
2020-07-11,Papua,28,0,19,9,2170,1081,20,1069
2020-07-12,Papua,67,2,7,58,2237,1088,22,1127
2020-07-13,Papua,101,0,9,92,2338,1097,22,1219
2020-07-14,Papua,1,0,2,-1,2339,1099,22,1218
2020-07-15,Papua,68,3,59,6,2407,1158,25,1224
2020-07-16,Papua,55,1,9,45,2462,1167,26,1269
2020-07-17,Papua,21,0,35,-14,2483,1202,26,1255
2020-07-18,Papua,58,0,11,47,2541,1213,26,1302
2020-07-19,Papua,50,1,13,36,2591,1226,27,1338
2020-07-20,Papua,41,0,10,31,2632,1236,27,1369
2020-07-21,Papua,9,3,7,-1,2641,1243,30,1368
2020-07-22,Papua,32,0,13,19,2673,1256,30,1387
2020-07-23,Papua,46,0,4,42,2719,1260,30,1429
2020-07-24,Papua,68,0,2,66,2787,1262,30,1495
2020-07-25,Papua,42,2,52,-12,2829,1314,32,1483
2020-07-26,Papua,57,0,8,49,2886,1322,32,1532
2020-07-27,Papua,56,0,16,40,2942,1338,32,1572
2020-07-28,Papua,19,0,9,10,2961,1347,32,1582
2020-07-29,Papua,27,0,17,10,2988,1364,32,1592
2020-07-30,Papua,33,0,14,19,3021,1378,32,1611
2020-07-31,Papua,38,0,0,38,3059,1378,32,1649
2020-08-01,Papua,28,0,0,28,3087,1378,32,1677
2020-08-02,Papua,27,1,22,4,3114,1400,33,1681
2020-08-03,Papua,0,0,0,0,3114,1400,33,1681
2020-08-04,Papua,50,0,47,3,3164,1447,33,1684
2020-08-05,Papua,11,0,27,-16,3175,1474,33,1668
2020-08-06,Papua,17,1,49,-33,3192,1523,34,1635
2020-08-07,Papua,22,0,223,-201,3214,1746,34,1434
2020-08-08,Papua,0,1,0,-1,3214,1746,35,1433
2020-08-09,Papua,43,0,106,-63,3257,1852,35,1370
2020-08-10,Papua,21,0,30,-9,3278,1882,35,1361
2020-08-11,Papua,1,0,56,-55,3279,1938,35,1306
2020-08-12,Papua,26,0,15,11,3305,1953,35,1317
2020-08-13,Papua,31,0,9,22,3336,1962,35,1339
2020-08-14,Papua,9,0,3,6,3345,1965,35,1345
2020-08-15,Papua,0,0,36,-36,3345,2001,35,1309
2020-08-16,Papua,77,1,20,56,3422,2021,36,1365
2020-08-17,Papua,10,0,4,6,3432,2025,36,1371
2020-08-18,Papua,0,0,0,0,3432,2025,36,1371
2020-08-19,Papua,21,2,6,13,3453,2031,38,1384
2020-08-20,Papua,67,4,65,-2,3520,2096,42,1382
2020-08-21,Papua,14,0,150,-136,3534,2246,42,1246
2020-08-22,Papua,33,0,36,-3,3567,2282,42,1243
2020-08-23,Papua,0,0,0,0,3567,2282,42,1243
2020-08-24,Papua,83,0,409,-326,3650,2691,42,917
2020-08-25,Papua,0,0,0,0,3650,2691,42,917
2020-08-26,Papua,36,0,340,-304,3686,3031,42,613
2020-08-27,Papua,23,0,12,11,3709,3043,42,624
2020-08-28,Papua,26,0,53,-27,3735,3096,42,597
2020-08-29,Papua,36,0,20,16,3771,3116,42,613
2020-08-30,Papua,25,1,5,19,3796,3121,43,632
2020-08-31,Papua,0,0,0,0,3796,3121,43,632
2020-09-01,Papua,66,1,25,40,3862,3146,44,672
2020-09-02,Papua,11,0,21,-10,3873,3167,44,662
2020-09-03,Papua,28,1,0,27,3901,3167,45,689
2020-09-04,Papua,72,1,18,53,3973,3185,46,742
2020-09-05,Papua,101,2,69,30,4074,3254,48,772
2020-09-06,Papua,0,0,0,0,4074,3254,48,772
2020-09-07,Papua,74,2,39,33,4148,3293,50,805
2020-09-08,Papua,14,0,24,-10,4162,3317,50,795
2020-09-09,Papua,0,0,0,0,4162,3317,50,795
2020-09-10,Papua,113,2,21,90,4275,3338,52,885
2020-09-11,Papua,54,2,26,26,4329,3364,54,911
2020-09-12,Papua,62,0,27,35,4391,3391,54,946
2020-09-13,Papua,84,3,18,63,4475,3409,57,1009
2020-09-14,Papua,96,0,0,96,4571,3409,57,1105
2020-09-15,Papua,65,2,20,43,4636,3429,59,1148
2020-09-16,Papua,126,2,11,113,4762,3440,61,1261
2020-09-17,Papua,73,3,16,54,4835,3456,64,1315
2020-09-18,Papua,58,5,67,-14,4893,3523,69,1301
2020-09-19,Papua,203,3,43,157,5096,3566,72,1458
2020-09-20,Papua,50,0,0,50,5146,3566,72,1508
2020-09-21,Papua,29,0,0,29,5175,3566,72,1537
2020-09-22,Papua,73,2,13,58,5248,3579,74,1595
2020-09-23,Papua,139,4,50,85,5387,3629,78,1680
2020-09-24,Papua,266,2,68,196,5653,3697,80,1876
2020-09-25,Papua,110,0,0,110,5763,3697,80,1986
2020-09-26,Papua,77,0,55,22,5840,3752,80,2008
2020-09-27,Papua,113,0,0,113,5953,3752,80,2121
2020-09-28,Papua,46,0,0,46,5999,3752,80,2167
2020-09-29,Papua,0,0,0,0,5999,3752,80,2167
2020-09-30,Papua,322,6,92,224,6321,3844,86,2391
2020-10-01,Papua,61,5,32,24,6382,3876,91,2415
2020-10-02,Papua,122,3,60,59,6504,3936,94,2474
2020-10-03,Papua,186,5,47,134,6690,3983,99,2608
2020-10-04,Papua,91,4,31,56,6781,4014,103,2664
2020-10-05,Papua,100,0,0,100,6881,4014,103,2764
2020-10-06,Papua,192,3,55,134,7073,4069,106,2898
2020-10-07,Papua,141,0,51,90,7214,4120,106,2988
2020-10-08,Papua,98,1,47,50,7312,4167,107,3038
2020-10-09,Papua,116,0,0,116,7428,4167,107,3154
2020-10-10,Papua,44,3,51,-10,7472,4218,110,3144
2020-10-11,Papua,150,0,0,150,7622,4218,110,3294
2020-10-12,Papua,0,0,0,0,7622,4218,110,3294
2020-10-13,Papua,142,1,114,27,7764,4332,111,3321
2020-10-14,Papua,224,1,46,177,7988,4378,112,3498
2020-10-15,Papua,111,1,58,52,8099,4436,113,3550
2020-10-16,Papua,0,0,0,0,8099,4436,113,3550
2020-10-17,Papua,69,4,18,47,8168,4454,117,3597
2020-10-18,Papua,71,0,0,71,8239,4454,117,3668
2020-10-19,Papua,0,0,0,0,8239,4454,117,3668
2020-10-20,Papua,129,2,95,32,8368,4549,119,3700
2020-10-21,Papua,0,0,0,0,8368,4549,119,3700
2020-10-22,Papua,95,0,0,95,8463,4549,119,3795
2020-10-23,Papua,49,0,0,49,8512,4549,119,3844
2020-10-24,Papua,57,0,0,57,8569,4549,119,3901
2020-10-25,Papua,49,0,0,49,8618,4549,119,3950
2020-10-26,Papua,167,5,66,96,8785,4615,124,4046
2020-10-27,Papua,0,0,0,0,8785,4615,124,4046
2020-10-28,Papua,125,5,39,81,8910,4654,129,4127
2020-10-29,Papua,20,0,0,20,8930,4654,129,4147
2020-10-30,Papua,62,0,0,62,8992,4654,129,4209
2020-10-31,Papua,45,0,0,45,9037,4654,129,4254
2020-11-01,Papua,0,0,0,0,9037,4654,129,4254
2020-11-02,Papua,0,0,0,0,9037,4654,129,4254
2020-11-03,Papua,45,0,22,23,9082,4676,129,4277
2020-11-04,Papua,0,0,0,0,9082,4676,129,4277
2020-11-05,Papua,193,4,165,24,9275,4841,133,4301
2020-11-06,Papua,0,0,0,0,9275,4841,133,4301
2020-11-07,Papua,0,0,0,0,9275,4841,133,4301
2020-11-08,Papua,33,2,50,-19,9308,4891,135,4282
2020-11-09,Papua,0,0,0,0,9308,4891,135,4282
2020-11-10,Papua,0,0,0,0,9308,4891,135,4282
2020-11-11,Papua,0,0,0,0,9308,4891,135,4282
2020-11-12,Papua,100,1,35,64,9408,4926,136,4346
2020-11-13,Papua,147,0,0,147,9555,4926,136,4493
2020-11-14,Papua,177,1,27,149,9732,4953,137,4642
2020-11-15,Papua,0,0,0,0,9732,4953,137,4642
2020-11-16,Papua,17,0,77,-60,9749,5030,137,4582
2020-11-17,Papua,6,0,0,6,9755,5030,137,4588
2020-11-18,Papua,4,0,0,4,9759,5030,137,4592
2020-11-19,Papua,0,0,0,0,9759,5030,137,4592
2020-11-20,Papua,0,0,0,0,9759,5030,137,4592
2020-11-21,Papua,0,0,0,0,9759,5030,137,4592
2020-11-22,Papua,0,0,0,0,9759,5030,137,4592
2020-11-23,Papua,0,0,0,0,9759,5030,137,4592
2020-11-24,Papua,100,0,0,100,9859,5030,137,4692
2020-11-25,Papua,39,0,0,39,9898,5030,137,4731
2020-11-26,Papua,36,0,0,36,9934,5030,137,4767
2020-11-27,Papua,39,0,0,39,9973,5030,137,4806
2020-11-28,Papua,28,0,100,-72,10001,5130,137,4734
2020-11-29,Papua,8,0,100,-92,10009,5230,137,4642
2020-11-30,Papua,5,0,100,-95,10014,5330,137,4547
2020-12-01,Papua,80,3,0,77,10094,5330,140,4624
2020-12-02,Papua,30,0,20,10,10124,5350,140,4634
2020-12-03,Papua,1748,1,102,1645,11872,5452,141,6279
2020-12-04,Papua,122,0,224,-102,11994,5676,141,6177
2020-12-05,Papua,52,0,0,52,12046,5676,141,6229
2020-12-06,Papua,19,0,0,19,12065,5676,141,6248
2020-12-07,Papua,48,0,25,23,12113,5701,141,6271
2020-12-08,Papua,123,0,0,123,12236,5701,141,6394
2020-12-09,Papua,59,0,3,56,12295,5704,141,6450
2020-12-10,Papua,37,1,46,-10,12332,5750,142,6440
2020-12-11,Papua,64,0,44,20,12396,5794,142,6460
2020-12-12,Papua,52,0,39,13,12448,5833,142,6473
2020-12-13,Papua,17,0,0,17,12465,5833,142,6490
2020-12-14,Papua,31,0,0,31,12496,5833,142,6521
2020-12-15,Papua,110,0,7,103,12606,5840,142,6624
2020-12-16,Papua,43,0,0,43,12649,5840,142,6667
2020-12-17,Papua,26,4,39,-17,12675,5879,146,6650
2020-12-18,Papua,28,0,8,20,12703,5887,146,6670
2020-12-19,Papua,32,0,0,32,12735,5887,146,6702
2020-12-20,Papua,17,0,1,16,12752,5888,146,6718
2020-12-21,Papua,32,0,100,-68,12784,5988,146,6650
2020-12-22,Papua,33,0,17,16,12817,6005,146,6666
2020-12-23,Papua,28,0,43,-15,12845,6048,146,6651
2020-12-24,Papua,41,0,0,41,12886,6048,146,6692
2020-12-25,Papua,22,0,300,-278,12908,6348,146,6414
2020-12-26,Papua,51,0,200,-149,12959,6548,146,6265
2020-12-27,Papua,92,0,200,-108,13051,6748,146,6157
2020-12-28,Papua,26,0,0,26,13077,6748,146,6183
2020-12-29,Papua,46,0,58,-12,13123,6806,146,6171
2020-12-30,Papua,31,0,150,-119,13154,6956,146,6052
2020-12-31,Papua,55,1,100,-46,13209,7056,147,6006
2021-01-01,Papua,11,1,123,-113,13220,7179,148,5893
2021-01-02,Papua,23,0,109,-86,13243,7288,148,5807
2021-01-03,Papua,27,1,211,-185,13270,7499,149,5622
2021-01-04,Papua,36,1,124,-89,13306,7623,150,5533
2021-01-05,Papua,67,0,102,-35,13373,7725,150,5498
2021-01-06,Papua,58,0,119,-61,13431,7844,150,5437
2021-01-07,Papua,47,1,105,-59,13478,7949,151,5378
2021-01-08,Papua,70,2,116,-48,13548,8065,153,5330
2021-01-09,Papua,75,1,13,61,13623,8078,154,5391
2021-01-10,Papua,32,1,8,23,13655,8086,155,5414
2021-01-11,Papua,63,0,13,50,13718,8099,155,5464
2021-01-12,Papua,42,0,12,30,13760,8111,155,5494
2021-01-13,Papua,61,2,12,47,13821,8123,157,5541
2021-01-14,Papua,50,1,8,41,13871,8131,158,5582
2021-01-15,Papua,99,0,9,90,13970,8140,158,5672
2021-01-16,Papua,98,0,8,90,14068,8148,158,5762
2021-01-17,Papua,32,0,0,32,14100,8148,158,5794
2021-01-18,Papua,31,1,8,22,14131,8156,159,5816
2021-01-19,Papua,109,0,9,100,14240,8165,159,5916
2021-01-20,Papua,60,0,6,54,14300,8171,159,5970
2021-01-21,Papua,90,0,18,72,14390,8189,159,6042
2021-01-22,Papua,185,0,16,169,14575,8205,159,6211
2021-01-23,Papua,69,3,101,-35,14644,8306,162,6176
2021-01-24,Papua,64,0,10,54,14708,8316,162,6230
2021-01-25,Papua,18,0,27,-9,14726,8343,162,6221
2021-01-26,Papua,136,0,21,115,14862,8364,162,6336
2021-01-27,Papua,70,1,19,50,14932,8383,163,6386
2021-01-28,Papua,0,2,115,-117,14932,8498,165,6269
2021-01-29,Papua,212,2,16,194,15144,8514,167,6463
2021-01-30,Papua,64,1,12,51,15208,8526,168,6514
2021-01-31,Papua,22,0,16,6,15230,8542,168,6520
2021-02-01,Papua,11,0,16,-5,15241,8558,168,6515
2021-02-02,Papua,77,0,17,60,15318,8575,168,6575
2021-02-03,Papua,69,0,51,18,15387,8626,168,6593
2021-02-04,Papua,145,0,23,122,15532,8649,168,6715
2021-02-05,Papua,63,0,19,44,15595,8668,168,6759
2021-02-06,Papua,67,0,14,53,15662,8682,168,6812
2021-02-07,Papua,57,0,10,47,15719,8692,168,6859
2021-02-08,Papua,52,0,18,34,15771,8710,168,6893
2021-02-09,Papua,63,0,19,44,15834,8729,168,6937
2021-02-10,Papua,101,2,10,89,15935,8739,170,7026
2021-02-11,Papua,41,0,16,25,15976,8755,170,7051
2021-02-12,Papua,67,1,18,48,16043,8773,171,7099
2021-02-13,Papua,55,0,7,48,16098,8780,171,7147
2021-02-14,Papua,15,0,13,2,16113,8793,171,7149
2021-02-15,Papua,17,0,12,5,16130,8805,171,7154
2021-02-16,Papua,2,0,13,-11,16132,8818,171,7143
2021-02-17,Papua,8,0,225,-217,16140,9043,171,6926
2021-02-18,Papua,33,0,8,25,16173,9051,171,6951
2021-02-19,Papua,143,0,34,109,16316,9085,171,7060
2021-02-20,Papua,118,1,12,105,16434,9097,172,7165
2021-02-21,Papua,40,3,12,25,16474,9109,175,7190
2021-02-22,Papua,92,0,1,91,16566,9110,175,7281
2021-02-23,Papua,76,0,17,59,16642,9127,175,7340
2021-02-24,Papua,41,0,19,22,16683,9146,175,7362
2021-02-25,Papua,51,0,22,29,16734,9168,175,7391
2021-02-26,Papua,160,0,37,123,16894,9205,175,7514
2021-02-27,Papua,93,0,31,62,16987,9236,175,7576
2021-02-28,Papua,55,0,49,6,17042,9285,175,7582
2021-03-01,Papua,41,2,41,-2,17083,9326,177,7580
2021-03-02,Papua,82,1,49,32,17165,9375,178,7612
2021-03-03,Papua,116,0,36,80,17281,9411,178,7692
2021-03-04,Papua,163,0,48,115,17444,9459,178,7807
2021-03-05,Papua,63,0,33,30,17507,9492,178,7837
2021-03-06,Papua,53,1,27,25,17560,9519,179,7862
2021-03-07,Papua,5,2,39,-36,17565,9558,181,7826
2021-03-08,Papua,89,0,41,48,17654,9599,181,7874
2021-03-09,Papua,360,1,29,330,18014,9628,182,8204
2021-03-10,Papua,181,1,32,148,18195,9660,183,8352
2021-03-11,Papua,153,14,426,-287,18348,10086,197,8065
2021-03-12,Papua,55,0,30,25,18403,10116,197,8090
2021-03-13,Papua,47,0,37,10,18450,10153,197,8100
2021-03-14,Papua,32,0,38,-6,18482,10191,197,8094
2021-03-15,Papua,45,0,30,15,18527,10221,197,8109
2021-03-16,Papua,70,0,21,49,18597,10242,197,8158
2021-03-17,Papua,65,0,2,63,18662,10244,197,8221
2021-03-18,Papua,126,0,30,96,18788,10274,197,8317
2021-03-19,Papua,110,1,19,90,18898,10293,198,8407
2021-03-20,Papua,40,0,0,40,18938,10293,198,8447
2021-03-21,Papua,5,2,35,-32,18943,10328,200,8415
2021-03-22,Papua,20,0,0,20,18963,10328,200,8435
2021-03-23,Papua,59,0,21,38,19022,10349,200,8473
2021-03-24,Papua,66,0,12,54,19088,10361,200,8527
2021-03-25,Papua,116,0,40,76,19204,10401,200,8603
2021-03-26,Papua,89,0,5,84,19293,10406,200,8687
2021-03-27,Papua,121,0,0,121,19414,10406,200,8808
2021-03-28,Papua,15,0,15,0,19429,10421,200,8808
2021-03-29,Papua,50,1,11,38,19479,10432,201,8846
2021-03-30,Papua,52,1,35,16,19531,10467,202,8862
2021-03-31,Papua,58,0,0,58,19589,10467,202,8920
2021-04-01,Papua,13,1,25,-13,19602,10492,203,8907
2021-04-02,Papua,52,0,51,1,19654,10543,203,8908
2021-04-03,Papua,21,0,32,-11,19675,10575,203,8897
2021-04-04,Papua,17,0,18,-1,19692,10593,203,8896
2021-04-05,Papua,6,1,46,-41,19698,10639,204,8855
2021-04-06,Papua,30,0,3,27,19728,10642,204,8882
2021-04-07,Papua,60,0,20,40,19788,10662,204,8922
2021-04-08,Papua,75,2,30,43,19863,10692,206,8965
2021-04-09,Papua,66,0,37,29,19929,10729,206,8994
2021-04-10,Papua,73,0,0,73,20002,10729,206,9067
2021-04-11,Papua,20,1,39,-20,20022,10768,207,9047
2021-04-12,Papua,30,0,67,-37,20052,10835,207,9010
2021-04-13,Papua,12,0,1,11,20064,10836,207,9021
2021-04-14,Papua,0,0,37,-37,20064,10873,207,8984
2021-04-15,Papua,63,0,30,33,20127,10903,207,9017
2021-04-16,Papua,44,0,41,3,20171,10944,207,9020
2021-04-17,Papua,13,0,34,-21,20184,10978,207,8999
2021-04-18,Papua,6,0,48,-42,20190,11026,207,8957
2021-04-19,Papua,29,0,50,-21,20219,11076,207,8936
2021-04-20,Papua,15,0,25,-10,20234,11101,207,8926
2021-04-21,Papua,24,0,0,24,20258,11101,207,8950
2021-04-22,Papua,13,0,47,-34,20271,11148,207,8916
2021-04-23,Papua,8,0,3,5,20279,11151,207,8921
2021-04-24,Papua,5,0,15,-10,20284,11166,207,8911
2021-04-25,Papua,8,0,24,-16,20292,11190,207,8895
2021-04-26,Papua,2,0,19,-17,20294,11209,207,8878
2021-04-27,Papua,14,0,16,-2,20308,11225,207,8876
2021-04-28,Papua,12,0,25,-13,20320,11250,207,8863
2021-04-29,Papua,18,0,39,-21,20338,11289,207,8842
2021-04-30,Papua,27,0,31,-4,20365,11320,207,8838
2021-05-01,Papua,0,0,10,-10,20365,11330,207,8828
2021-05-02,Papua,0,0,14,-14,20365,11344,207,8814
2021-05-03,Papua,0,0,16,-16,20365,11360,207,8798
2021-05-04,Papua,3,0,5,-2,20368,11365,207,8796
2021-05-05,Papua,18,0,18,0,20386,11383,207,8796
2021-05-06,Papua,22,0,22,0,20408,11405,207,8796
2021-05-07,Papua,2,0,0,2,20410,11405,207,8798
2021-05-08,Papua,1,0,4,-3,20411,11409,207,8795
2021-05-09,Papua,17,0,18,-1,20428,11427,207,8794
2021-05-10,Papua,0,0,0,0,20428,11427,207,8794
2021-05-11,Papua,2,0,18,-16,20430,11445,207,8778
2021-05-12,Papua,3,0,6,-3,20433,11451,207,8775
2021-05-13,Papua,0,0,0,0,20433,11451,207,8775
2021-05-14,Papua,0,0,4,-4,20433,11455,207,8771
2021-05-15,Papua,0,0,0,0,20433,11455,207,8771
2021-05-16,Papua,0,0,0,0,20433,11455,207,8771
2021-05-17,Papua,0,0,0,0,20433,11455,207,8771
2021-05-18,Papua,0,0,0,0,20433,11455,207,8771
2021-05-19,Papua,0,0,0,0,20433,11455,207,8771
2021-05-20,Papua,0,0,0,0,20433,11455,207,8771
2021-05-21,Papua,0,0,0,0,20433,11455,207,8771
2021-05-22,Papua,0,0,0,0,20433,11455,207,8771
2021-05-23,Papua,0,0,0,0,20433,11455,207,8771
2021-05-24,Papua,28,0,0,28,20461,11455,207,8799
2021-05-25,Papua,0,0,0,0,20461,11455,207,8799
2021-05-26,Papua,0,0,0,0,20461,11455,207,8799
2021-05-27,Papua,0,0,0,0,20461,11455,207,8799
2021-05-28,Papua,0,0,0,0,20461,11455,207,8799
2021-05-29,Papua,0,0,0,0,20461,11455,207,8799
2021-05-30,Papua,0,0,0,0,20461,11455,207,8799
2021-05-31,Papua,0,0,0,0,20461,11455,207,8799
2021-06-01,Papua,0,0,0,0,20461,11455,207,8799
2021-06-02,Papua,0,0,0,0,20461,11455,207,8799
2021-06-03,Papua,0,0,0,0,20461,11455,207,8799
2021-06-04,Papua,0,0,0,0,20461,11455,207,8799
2021-06-05,Papua,12,0,0,12,20473,11455,207,8811
2021-06-06,Papua,0,0,0,0,20473,11455,207,8811
2021-06-07,Papua,0,0,0,0,20473,11455,207,8811
2021-06-08,Papua,16,0,10,6,20489,11465,207,8817
2021-06-09,Papua,20,1,20,-1,20509,11485,208,8816
2021-06-10,Papua,34,2,20,12,20543,11505,210,8828
2021-06-11,Papua,30,2,20,8,20573,11525,212,8836
2021-06-12,Papua,20,0,10,10,20593,11535,212,8846
2021-06-13,Papua,8,0,20,-12,20601,11555,212,8834
2021-06-14,Papua,4,0,0,4,20605,11555,212,8838
2021-06-15,Papua,11,1,6,4,20616,11561,213,8842
2021-06-16,Papua,4,0,0,4,20620,11561,213,8846
2021-06-17,Papua,28,0,2,26,20648,11563,213,8872
2021-06-18,Papua,11,0,6,5,20659,11569,213,8877
2021-06-19,Papua,7,0,2,5,20666,11571,213,8882
2021-06-20,Papua,6,0,0,6,20672,11571,213,8888
2021-06-21,Papua,12,0,0,12,20684,11571,213,8900
2021-06-22,Papua,37,0,0,37,20721,11571,213,8937
2021-06-23,Papua,37,0,2,35,20758,11573,213,8972
2021-06-24,Papua,10,0,0,10,20768,11573,213,8982
2021-06-25,Papua,45,0,2,43,20813,11575,213,9025
2021-06-26,Papua,42,0,8,34,20855,11583,213,9059
2021-06-27,Papua,34,0,5,29,20889,11588,213,9088
2021-06-28,Papua,12,0,0,12,20901,11588,213,9100
2021-06-29,Papua,45,0,3,42,20946,11591,213,9142
2021-06-30,Papua,35,0,59,-24,20981,11650,213,9118
2021-07-01,Papua,46,0,0,46,21027,11650,213,9164
2021-07-02,Papua,25,0,6,19,21052,11656,213,9183
2021-07-03,Papua,30,0,1,29,21082,11657,213,9212
2021-07-04,Papua,67,0,13,54,21149,11670,213,9266
2021-07-05,Papua,44,0,0,44,21193,11670,213,9310
2021-07-06,Papua,15,0,0,15,21208,11670,213,9325
2021-07-07,Papua,69,0,0,69,21277,11670,213,9394
2021-07-08,Papua,101,0,5,96,21378,11675,213,9490
2021-07-09,Papua,125,0,21,104,21503,11696,213,9594
2021-07-10,Papua,74,0,3,71,21577,11699,213,9665
2021-07-11,Papua,89,0,13,76,21666,11712,213,9741
2021-07-12,Papua,209,0,1,208,21875,11713,213,9949
2021-07-13,Papua,209,0,19,190,22084,11732,213,10139
2021-07-14,Papua,357,0,1,356,22441,11733,213,10495
2021-07-15,Papua,317,0,0,317,22758,11733,213,10812
2021-07-16,Papua,292,0,0,292,23050,11733,213,11104
2021-07-17,Papua,199,0,0,199,23249,11733,213,11303
2021-07-18,Papua,135,3,63,69,23384,11796,216,11372
2021-07-19,Papua,180,0,0,180,23564,11796,216,11552
2021-07-20,Papua,260,0,3,257,23824,11799,216,11809
2021-07-21,Papua,256,0,1,255,24080,11800,216,12064
2021-07-22,Papua,221,1,0,220,24301,11800,217,12284
2021-07-23,Papua,325,1,0,324,24626,11800,218,12608
2021-07-24,Papua,261,4,59,198,24887,11859,222,12806
2021-07-25,Papua,189,0,1,188,25076,11860,222,12994
2021-07-26,Papua,351,0,0,351,25427,11860,222,13345
2021-07-27,Papua,351,0,109,242,25778,11969,222,13587
2021-07-28,Papua,338,0,300,38,26116,12269,222,13625
2021-07-29,Papua,325,12,282,31,26441,12551,234,13656
2021-07-30,Papua,330,25,1,304,26771,12552,259,13960
2021-07-31,Papua,264,1,0,263,27035,12552,260,14223
2021-08-01,Papua,187,7,12,168,27222,12564,267,14391
